,subgenre_level,class1,class2,num_topics,optimize_interval,data_repetition,topic_repetition,idno,y_true,y_0,y_1,y_2,y_3,y_4,y_5,y_6,y_7,y_8,y_9
0,subgenre-current,novela romántica,other,80,,0,1,nh0002,other,other,other,other,other,other,other,other,other,other,other
1,subgenre-current,novela romántica,other,80,,0,1,nh0003,novela romántica,novela romántica,novela romántica,novela romántica,novela romántica,novela romántica,novela romántica,novela romántica,novela romántica,novela romántica,novela romántica
2,subgenre-current,novela romántica,other,80,,0,1,nh0005,novela romántica,novela romántica,novela romántica,novela romántica,novela romántica,novela romántica,novela romántica,novela romántica,novela romántica,novela romántica,novela romántica
3,subgenre-current,novela romántica,other,80,,0,1,nh0006,novela romántica,novela romántica,novela romántica,novela romántica,novela romántica,novela romántica,novela romántica,novela romántica,novela romántica,novela romántica,novela romántica
4,subgenre-current,novela romántica,other,80,,0,1,nh0007,novela romántica,novela romántica,novela romántica,novela romántica,novela romántica,novela romántica,novela romántica,novela romántica,novela romántica,novela romántica,novela romántica
5,subgenre-current,novela romántica,other,80,,0,1,nh0008,other,other,other,other,other,other,other,other,other,other,other
6,subgenre-current,novela romántica,other,80,,0,1,nh0009,novela romántica,novela romántica,novela romántica,novela romántica,novela romántica,novela romántica,novela romántica,novela romántica,novela romántica,novela romántica,novela romántica
7,subgenre-current,novela romántica,other,80,,0,1,nh0010,other,other,other,other,other,other,other,other,other,other,other
8,subgenre-current,novela romántica,other,80,,0,1,nh0011,other,other,other,other,other,other,other,other,other,other,other
9,subgenre-current,novela romántica,other,80,,0,1,nh0012,other,other,other,other,other,other,other,other,other,other,other
10,subgenre-current,novela romántica,other,80,,0,1,nh0013,other,other,other,other,other,other,other,other,other,other,other
11,subgenre-current,novela romántica,other,80,,0,1,nh0015,other,novela romántica,other,other,other,other,other,other,other,other,other
12,subgenre-current,novela romántica,other,80,,0,1,nh0016,novela romántica,novela romántica,novela romántica,novela romántica,novela romántica,novela romántica,novela romántica,novela romántica,novela romántica,novela romántica,novela romántica
13,subgenre-current,novela romántica,other,80,,0,1,nh0017,novela romántica,novela romántica,novela romántica,novela romántica,novela romántica,novela romántica,novela romántica,novela romántica,novela romántica,novela romántica,novela romántica
14,subgenre-current,novela romántica,other,80,,0,1,nh0019,other,other,other,other,other,other,other,other,other,other,other
15,subgenre-current,novela romántica,other,80,,0,1,nh0021,novela romántica,other,novela romántica,novela romántica,novela romántica,novela romántica,novela romántica,novela romántica,novela romántica,novela romántica,novela romántica
16,subgenre-current,novela romántica,other,80,,0,1,nh0022,other,other,other,other,other,other,other,other,other,other,other
17,subgenre-current,novela romántica,other,80,,0,1,nh0023,other,other,other,other,other,other,other,other,other,other,other
18,subgenre-current,novela romántica,other,80,,0,1,nh0025,novela romántica,novela romántica,novela romántica,novela romántica,novela romántica,novela romántica,novela romántica,novela romántica,novela romántica,novela romántica,novela romántica
19,subgenre-current,novela romántica,other,80,,0,1,nh0027,other,other,other,other,other,other,other,other,other,other,other
20,subgenre-current,novela romántica,other,80,,0,1,nh0028,other,other,novela romántica,other,other,other,other,other,other,other,other
21,subgenre-current,novela romántica,other,80,,0,1,nh0029,other,other,other,other,other,other,other,other,other,other,other
22,subgenre-current,novela romántica,other,80,,0,1,nh0030,other,other,other,other,other,other,other,other,other,other,other
23,subgenre-current,novela romántica,other,80,,0,1,nh0031,other,other,other,other,other,other,other,other,other,other,other
24,subgenre-current,novela romántica,other,80,,0,1,nh0032,other,other,other,other,other,other,other,other,other,other,other
25,subgenre-current,novela romántica,other,80,,0,1,nh0033,other,other,other,other,other,other,other,other,other,other,other
26,subgenre-current,novela romántica,other,80,,0,1,nh0034,other,other,other,other,other,other,other,other,other,other,other
27,subgenre-current,novela romántica,other,80,,0,1,nh0035,novela romántica,novela romántica,novela romántica,novela romántica,novela romántica,novela romántica,novela romántica,novela romántica,novela romántica,novela romántica,novela romántica
28,subgenre-current,novela romántica,other,80,,0,1,nh0036,other,other,other,other,other,other,other,other,other,other,other
29,subgenre-current,novela romántica,other,80,,0,1,nh0037,novela romántica,novela romántica,novela romántica,novela romántica,novela romántica,novela romántica,novela romántica,novela romántica,novela romántica,novela romántica,novela romántica
30,subgenre-current,novela romántica,other,80,,0,1,nh0038,other,other,other,other,other,other,other,other,other,other,other
31,subgenre-current,novela romántica,other,80,,0,1,nh0039,other,other,other,other,other,other,other,other,other,other,other
32,subgenre-current,novela romántica,other,80,,0,1,nh0040,novela romántica,novela romántica,novela romántica,novela romántica,novela romántica,novela romántica,novela romántica,novela romántica,novela romántica,novela romántica,novela romántica
33,subgenre-current,novela romántica,other,80,,0,1,nh0041,novela romántica,novela romántica,novela romántica,novela romántica,novela romántica,novela romántica,novela romántica,novela romántica,novela romántica,novela romántica,novela romántica
34,subgenre-current,novela romántica,other,80,,0,1,nh0043,novela romántica,novela romántica,novela romántica,novela romántica,novela romántica,novela romántica,novela romántica,novela romántica,novela romántica,novela romántica,novela romántica
35,subgenre-current,novela romántica,other,80,,0,1,nh0044,other,other,other,other,other,other,other,other,other,other,other
36,subgenre-current,novela romántica,other,80,,0,1,nh0045,novela romántica,novela romántica,novela romántica,novela romántica,novela romántica,novela romántica,novela romántica,novela romántica,novela romántica,novela romántica,novela romántica
37,subgenre-current,novela romántica,other,80,,0,1,nh0046,other,other,other,other,other,other,other,other,other,other,other
38,subgenre-current,novela romántica,other,80,,0,1,nh0047,other,other,other,other,other,other,other,other,other,other,other
39,subgenre-current,novela romántica,other,80,,0,1,nh0048,other,other,other,other,other,other,other,other,other,other,other
40,subgenre-current,novela romántica,other,80,,0,1,nh0049,novela romántica,novela romántica,novela romántica,novela romántica,novela romántica,novela romántica,novela romántica,novela romántica,novela romántica,novela romántica,novela romántica
41,subgenre-current,novela romántica,other,80,,0,1,nh0052,other,other,other,other,other,other,other,other,other,other,other
42,subgenre-current,novela romántica,other,80,,0,1,nh0054,novela romántica,novela romántica,novela romántica,novela romántica,novela romántica,novela romántica,novela romántica,novela romántica,novela romántica,novela romántica,novela romántica
43,subgenre-current,novela romántica,other,80,,0,1,nh0055,novela romántica,novela romántica,novela romántica,novela romántica,novela romántica,novela romántica,novela romántica,novela romántica,novela romántica,novela romántica,novela romántica
44,subgenre-current,novela romántica,other,80,,0,1,nh0056,novela romántica,novela romántica,novela romántica,novela romántica,novela romántica,novela romántica,novela romántica,novela romántica,novela romántica,novela romántica,novela romántica
45,subgenre-current,novela romántica,other,80,,0,1,nh0057,other,other,other,other,other,other,other,other,other,other,other
46,subgenre-current,novela romántica,other,80,,0,1,nh0058,other,other,other,other,other,other,other,other,other,other,other
47,subgenre-current,novela romántica,other,80,,0,1,nh0059,other,other,other,other,other,other,other,other,other,other,other
48,subgenre-current,novela romántica,other,80,,0,1,nh0060,other,other,other,other,other,other,other,other,other,other,other
49,subgenre-current,novela romántica,other,80,,0,1,nh0061,novela romántica,novela romántica,novela romántica,novela romántica,novela romántica,novela romántica,novela romántica,novela romántica,novela romántica,novela romántica,novela romántica
50,subgenre-current,novela romántica,other,80,,0,1,nh0062,other,other,other,other,other,other,other,other,other,other,other
51,subgenre-current,novela romántica,other,80,,0,1,nh0065,novela romántica,novela romántica,novela romántica,novela romántica,novela romántica,novela romántica,novela romántica,novela romántica,novela romántica,novela romántica,novela romántica
52,subgenre-current,novela romántica,other,80,,0,1,nh0067,other,other,other,other,other,other,other,other,other,other,other
53,subgenre-current,novela romántica,other,80,,0,1,nh0068,other,other,other,other,other,other,other,other,other,other,other
54,subgenre-current,novela romántica,other,80,,0,1,nh0071,novela romántica,novela romántica,novela romántica,novela romántica,novela romántica,novela romántica,novela romántica,novela romántica,novela romántica,novela romántica,novela romántica
55,subgenre-current,novela romántica,other,80,,0,1,nh0072,novela romántica,novela romántica,novela romántica,novela romántica,novela romántica,novela romántica,novela romántica,novela romántica,novela romántica,novela romántica,novela romántica
56,subgenre-current,novela romántica,other,80,,0,1,nh0074,other,other,other,other,other,other,other,other,other,other,other
57,subgenre-current,novela romántica,other,80,,0,1,nh0075,other,other,other,other,other,other,other,other,other,other,other
58,subgenre-current,novela romántica,other,80,,0,1,nh0076,other,other,other,other,other,other,other,other,other,other,other
59,subgenre-current,novela romántica,other,80,,0,1,nh0080,other,other,other,other,other,other,other,other,other,other,other
60,subgenre-current,novela romántica,other,80,,0,1,nh0082,novela romántica,novela romántica,novela romántica,other,novela romántica,novela romántica,novela romántica,novela romántica,novela romántica,novela romántica,novela romántica
61,subgenre-current,novela romántica,other,80,,0,1,nh0084,other,other,other,other,other,other,other,other,other,other,other
62,subgenre-current,novela romántica,other,80,,0,1,nh0086,other,other,other,other,other,other,other,other,other,other,other
63,subgenre-current,novela romántica,other,80,,0,1,nh0087,novela romántica,novela romántica,novela romántica,novela romántica,novela romántica,novela romántica,novela romántica,novela romántica,novela romántica,novela romántica,novela romántica
64,subgenre-current,novela romántica,other,80,,0,1,nh0088,other,other,other,other,other,other,other,other,other,other,other
65,subgenre-current,novela romántica,other,80,,0,1,nh0089,other,other,other,other,other,other,other,other,other,other,other
66,subgenre-current,novela romántica,other,80,,0,1,nh0090,other,other,other,other,other,novela romántica,other,other,other,other,other
67,subgenre-current,novela romántica,other,80,,0,1,nh0092,novela romántica,novela romántica,novela romántica,novela romántica,novela romántica,novela romántica,novela romántica,novela romántica,novela romántica,novela romántica,novela romántica
68,subgenre-current,novela romántica,other,80,,0,1,nh0094,novela romántica,novela romántica,novela romántica,novela romántica,novela romántica,novela romántica,novela romántica,novela romántica,novela romántica,novela romántica,novela romántica
69,subgenre-current,novela romántica,other,80,,0,1,nh0095,novela romántica,novela romántica,novela romántica,novela romántica,novela romántica,novela romántica,novela romántica,novela romántica,novela romántica,novela romántica,novela romántica
70,subgenre-current,novela romántica,other,80,,0,1,nh0096,novela romántica,novela romántica,novela romántica,novela romántica,novela romántica,novela romántica,novela romántica,novela romántica,novela romántica,novela romántica,novela romántica
71,subgenre-current,novela romántica,other,80,,0,1,nh0097,novela romántica,novela romántica,novela romántica,novela romántica,novela romántica,novela romántica,novela romántica,novela romántica,novela romántica,novela romántica,novela romántica
72,subgenre-current,novela romántica,other,80,,0,1,nh0099,other,other,other,other,other,other,other,other,other,other,other
73,subgenre-current,novela romántica,other,80,,0,1,nh0102,novela romántica,novela romántica,novela romántica,novela romántica,novela romántica,novela romántica,novela romántica,novela romántica,novela romántica,novela romántica,novela romántica
74,subgenre-current,novela romántica,other,80,,0,1,nh0104,novela romántica,novela romántica,novela romántica,novela romántica,novela romántica,novela romántica,novela romántica,novela romántica,novela romántica,novela romántica,novela romántica
75,subgenre-current,novela romántica,other,80,,0,1,nh0108,novela romántica,novela romántica,novela romántica,novela romántica,novela romántica,novela romántica,novela romántica,novela romántica,novela romántica,novela romántica,novela romántica
76,subgenre-current,novela romántica,other,80,,0,1,nh0109,other,other,other,other,other,other,other,other,other,other,other
77,subgenre-current,novela romántica,other,80,,0,1,nh0110,novela romántica,novela romántica,novela romántica,novela romántica,novela romántica,novela romántica,novela romántica,novela romántica,novela romántica,novela romántica,novela romántica
78,subgenre-current,novela romántica,other,80,,0,1,nh0111,novela romántica,novela romántica,novela romántica,novela romántica,novela romántica,novela romántica,novela romántica,novela romántica,novela romántica,novela romántica,novela romántica
79,subgenre-current,novela romántica,other,80,,0,1,nh0114,other,other,other,other,other,other,other,other,other,other,other
80,subgenre-current,novela romántica,other,80,,0,1,nh0115,novela romántica,novela romántica,novela romántica,novela romántica,novela romántica,novela romántica,novela romántica,novela romántica,novela romántica,novela romántica,novela romántica
81,subgenre-current,novela romántica,other,80,,0,1,nh0116,novela romántica,novela romántica,novela romántica,novela romántica,novela romántica,novela romántica,novela romántica,novela romántica,novela romántica,novela romántica,novela romántica
82,subgenre-current,novela romántica,other,80,,0,1,nh0117,novela romántica,novela romántica,novela romántica,novela romántica,novela romántica,novela romántica,novela romántica,novela romántica,novela romántica,novela romántica,novela romántica
83,subgenre-current,novela romántica,other,80,,0,1,nh0118,novela romántica,novela romántica,novela romántica,novela romántica,novela romántica,other,novela romántica,novela romántica,novela romántica,novela romántica,novela romántica
84,subgenre-current,novela romántica,other,80,,0,1,nh0119,other,other,other,other,other,other,other,other,other,other,other
85,subgenre-current,novela romántica,other,80,,0,1,nh0120,novela romántica,novela romántica,novela romántica,novela romántica,novela romántica,novela romántica,novela romántica,novela romántica,novela romántica,novela romántica,novela romántica
86,subgenre-current,novela romántica,other,80,,0,1,nh0121,novela romántica,novela romántica,novela romántica,novela romántica,novela romántica,novela romántica,novela romántica,novela romántica,novela romántica,novela romántica,novela romántica
87,subgenre-current,novela romántica,other,80,,0,1,nh0122,novela romántica,novela romántica,novela romántica,novela romántica,novela romántica,novela romántica,novela romántica,novela romántica,novela romántica,novela romántica,novela romántica
88,subgenre-current,novela romántica,other,80,,0,1,nh0124,novela romántica,novela romántica,novela romántica,novela romántica,novela romántica,novela romántica,novela romántica,novela romántica,novela romántica,novela romántica,novela romántica
89,subgenre-current,novela romántica,other,80,,0,1,nh0125,novela romántica,novela romántica,novela romántica,novela romántica,novela romántica,novela romántica,novela romántica,novela romántica,novela romántica,novela romántica,novela romántica
90,subgenre-current,novela romántica,other,80,,0,1,nh0126,novela romántica,novela romántica,novela romántica,novela romántica,novela romántica,novela romántica,novela romántica,novela romántica,novela romántica,novela romántica,novela romántica
91,subgenre-current,novela romántica,other,80,,0,1,nh0127,other,other,other,other,other,other,other,other,other,other,other
92,subgenre-current,novela romántica,other,80,,0,1,nh0131,novela romántica,novela romántica,novela romántica,novela romántica,novela romántica,novela romántica,other,novela romántica,novela romántica,novela romántica,novela romántica
93,subgenre-current,novela romántica,other,80,,0,1,nh0133,other,other,other,other,other,other,other,other,other,other,other
94,subgenre-current,novela romántica,other,80,,0,1,nh0135,other,other,other,other,other,other,novela romántica,other,other,other,other
95,subgenre-current,novela romántica,other,80,,0,1,nh0136,other,other,other,other,other,other,other,other,other,other,other
96,subgenre-current,novela romántica,other,80,,0,1,nh0140,novela romántica,novela romántica,novela romántica,novela romántica,novela romántica,novela romántica,novela romántica,novela romántica,novela romántica,novela romántica,novela romántica
97,subgenre-current,novela romántica,other,80,,0,1,nh0141,novela romántica,novela romántica,novela romántica,novela romántica,novela romántica,novela romántica,novela romántica,novela romántica,novela romántica,novela romántica,novela romántica
98,subgenre-current,novela romántica,other,80,,0,1,nh0142,novela romántica,novela romántica,novela romántica,novela romántica,novela romántica,novela romántica,novela romántica,novela romántica,novela romántica,novela romántica,novela romántica
99,subgenre-current,novela romántica,other,80,,0,1,nh0143,novela romántica,novela romántica,novela romántica,novela romántica,novela romántica,novela romántica,novela romántica,novela romántica,novela romántica,novela romántica,novela romántica
100,subgenre-current,novela romántica,other,80,,0,1,nh0145,novela romántica,novela romántica,novela romántica,novela romántica,novela romántica,novela romántica,novela romántica,other,novela romántica,novela romántica,novela romántica
101,subgenre-current,novela romántica,other,80,,0,1,nh0146,novela romántica,novela romántica,novela romántica,novela romántica,novela romántica,novela romántica,novela romántica,novela romántica,novela romántica,novela romántica,novela romántica
102,subgenre-current,novela romántica,other,80,,0,1,nh0147,novela romántica,novela romántica,novela romántica,novela romántica,novela romántica,novela romántica,novela romántica,novela romántica,novela romántica,novela romántica,novela romántica
103,subgenre-current,novela romántica,other,80,,0,1,nh0148,other,other,other,other,other,other,other,other,other,other,other
104,subgenre-current,novela romántica,other,80,,0,1,nh0149,novela romántica,novela romántica,novela romántica,novela romántica,novela romántica,novela romántica,novela romántica,novela romántica,novela romántica,novela romántica,novela romántica
105,subgenre-current,novela romántica,other,80,,0,1,nh0150,novela romántica,novela romántica,novela romántica,novela romántica,novela romántica,novela romántica,novela romántica,novela romántica,novela romántica,novela romántica,novela romántica
106,subgenre-current,novela romántica,other,80,,0,1,nh0152,novela romántica,novela romántica,novela romántica,novela romántica,novela romántica,novela romántica,novela romántica,novela romántica,novela romántica,novela romántica,novela romántica
107,subgenre-current,novela romántica,other,80,,0,1,nh0155,other,other,other,other,other,other,other,other,other,other,other
108,subgenre-current,novela romántica,other,80,,0,1,nh0158,novela romántica,novela romántica,novela romántica,novela romántica,novela romántica,novela romántica,novela romántica,novela romántica,novela romántica,novela romántica,novela romántica
109,subgenre-current,novela romántica,other,80,,0,1,nh0161,novela romántica,novela romántica,novela romántica,novela romántica,novela romántica,novela romántica,novela romántica,novela romántica,novela romántica,novela romántica,novela romántica
110,subgenre-current,novela romántica,other,80,,0,1,nh0163,other,other,other,other,other,other,other,other,other,other,other
111,subgenre-current,novela romántica,other,80,,0,1,nh0164,other,other,other,other,other,other,other,other,other,other,other
112,subgenre-current,novela romántica,other,80,,0,1,nh0165,other,other,other,other,other,other,other,other,other,other,other
113,subgenre-current,novela romántica,other,80,,0,1,nh0167,novela romántica,novela romántica,novela romántica,novela romántica,novela romántica,novela romántica,novela romántica,novela romántica,novela romántica,novela romántica,novela romántica
114,subgenre-current,novela romántica,other,80,,0,1,nh0169,novela romántica,novela romántica,novela romántica,novela romántica,novela romántica,novela romántica,novela romántica,novela romántica,novela romántica,novela romántica,novela romántica
115,subgenre-current,novela romántica,other,80,,0,1,nh0171,novela romántica,novela romántica,novela romántica,novela romántica,novela romántica,novela romántica,novela romántica,novela romántica,novela romántica,novela romántica,novela romántica
116,subgenre-current,novela romántica,other,80,,0,1,nh0172,novela romántica,novela romántica,novela romántica,novela romántica,novela romántica,novela romántica,novela romántica,novela romántica,novela romántica,novela romántica,novela romántica
117,subgenre-current,novela romántica,other,80,,0,1,nh0173,other,other,other,other,other,other,other,other,other,other,other
118,subgenre-current,novela romántica,other,80,,0,1,nh0174,other,other,other,other,other,other,other,other,other,other,other
119,subgenre-current,novela romántica,other,80,,0,1,nh0175,other,other,other,other,other,other,other,novela romántica,other,other,other
120,subgenre-current,novela romántica,other,80,,0,1,nh0177,other,other,other,other,other,other,other,other,other,other,other
121,subgenre-current,novela romántica,other,80,,0,1,nh0178,novela romántica,novela romántica,novela romántica,novela romántica,novela romántica,novela romántica,novela romántica,novela romántica,novela romántica,novela romántica,novela romántica
122,subgenre-current,novela romántica,other,80,,0,1,nh0179,other,other,other,other,other,other,other,other,other,other,other
123,subgenre-current,novela romántica,other,80,,0,1,nh0180,novela romántica,novela romántica,novela romántica,novela romántica,novela romántica,novela romántica,novela romántica,novela romántica,novela romántica,novela romántica,novela romántica
124,subgenre-current,novela romántica,other,80,,0,1,nh0181,novela romántica,novela romántica,novela romántica,novela romántica,novela romántica,novela romántica,novela romántica,novela romántica,novela romántica,novela romántica,novela romántica
125,subgenre-current,novela romántica,other,80,,0,1,nh0183,novela romántica,novela romántica,novela romántica,novela romántica,novela romántica,novela romántica,novela romántica,novela romántica,novela romántica,novela romántica,novela romántica
126,subgenre-current,novela romántica,other,80,,0,1,nh0188,novela romántica,novela romántica,novela romántica,novela romántica,novela romántica,novela romántica,novela romántica,novela romántica,novela romántica,novela romántica,novela romántica
127,subgenre-current,novela romántica,other,80,,0,1,nh0189,other,other,other,other,other,other,other,other,other,other,other
128,subgenre-current,novela romántica,other,80,,0,1,nh0190,other,other,other,other,other,other,other,other,other,other,other
129,subgenre-current,novela romántica,other,80,,0,1,nh0191,other,other,other,other,other,other,other,other,other,other,other
130,subgenre-current,novela romántica,other,80,,0,1,nh0192,other,other,other,other,other,other,other,other,other,other,other
131,subgenre-current,novela romántica,other,80,,0,1,nh0193,other,other,other,other,other,other,other,other,other,other,other
132,subgenre-current,novela romántica,other,80,,0,1,nh0194,other,other,other,other,other,other,other,other,other,other,other
133,subgenre-current,novela romántica,other,80,,0,1,nh0196,novela romántica,novela romántica,novela romántica,novela romántica,novela romántica,novela romántica,novela romántica,novela romántica,novela romántica,novela romántica,novela romántica
134,subgenre-current,novela romántica,other,80,,0,1,nh0197,novela romántica,novela romántica,novela romántica,novela romántica,novela romántica,novela romántica,novela romántica,novela romántica,novela romántica,other,novela romántica
135,subgenre-current,novela romántica,other,80,,0,1,nh0198,other,other,other,other,other,other,other,other,other,other,other
136,subgenre-current,novela romántica,other,80,,0,1,nh0199,novela romántica,novela romántica,novela romántica,novela romántica,novela romántica,novela romántica,novela romántica,novela romántica,novela romántica,other,novela romántica
137,subgenre-current,novela romántica,other,80,,0,1,nh0201,novela romántica,novela romántica,novela romántica,novela romántica,novela romántica,novela romántica,novela romántica,novela romántica,novela romántica,novela romántica,novela romántica
138,subgenre-current,novela romántica,other,80,,0,1,nh0202,other,other,other,other,other,other,other,other,other,other,other
139,subgenre-current,novela romántica,other,80,,0,1,nh0203,novela romántica,novela romántica,novela romántica,novela romántica,novela romántica,novela romántica,novela romántica,novela romántica,novela romántica,novela romántica,novela romántica
140,subgenre-current,novela romántica,other,80,,0,1,nh0204,other,other,other,other,other,other,other,other,other,other,other
141,subgenre-current,novela romántica,other,80,,0,1,nh0205,other,other,other,other,other,other,other,other,other,other,other
142,subgenre-current,novela romántica,other,80,,0,1,nh0206,other,other,other,other,other,other,other,other,other,novela romántica,other
143,subgenre-current,novela romántica,other,80,,0,1,nh0208,other,other,other,other,other,other,other,other,other,other,other
144,subgenre-current,novela romántica,other,80,,0,1,nh0210,other,other,other,other,other,other,other,other,other,novela romántica,other
145,subgenre-current,novela romántica,other,80,,0,1,nh0214,other,other,other,other,other,other,other,other,other,novela romántica,other
146,subgenre-current,novela romántica,other,80,,0,1,nh0216,novela romántica,novela romántica,novela romántica,novela romántica,novela romántica,novela romántica,novela romántica,novela romántica,novela romántica,novela romántica,novela romántica
147,subgenre-current,novela romántica,other,80,,0,1,nh0217,other,other,other,other,other,other,other,other,other,other,other
148,subgenre-current,novela romántica,other,80,,0,1,nh0221,other,other,other,other,other,other,other,other,other,other,other
149,subgenre-current,novela romántica,other,80,,0,1,nh0223,other,other,other,other,other,other,other,other,other,other,other
150,subgenre-current,novela romántica,other,80,,0,1,nh0224,novela romántica,novela romántica,novela romántica,novela romántica,novela romántica,novela romántica,novela romántica,novela romántica,novela romántica,novela romántica,novela romántica
151,subgenre-current,novela romántica,other,80,,0,1,nh0227,novela romántica,novela romántica,novela romántica,novela romántica,novela romántica,novela romántica,novela romántica,novela romántica,novela romántica,novela romántica,novela romántica
152,subgenre-current,novela romántica,other,80,,0,1,nh0229,other,other,other,other,other,other,other,other,other,other,other
153,subgenre-current,novela romántica,other,80,,0,1,nh0230,other,other,other,other,other,other,other,other,other,other,other
154,subgenre-current,novela romántica,other,80,,0,1,nh0232,other,other,other,other,other,other,other,other,other,other,other
155,subgenre-current,novela romántica,other,80,,0,1,nh0235,other,other,other,other,other,other,other,other,other,other,other
156,subgenre-current,novela romántica,other,80,,0,1,nh0237,novela romántica,novela romántica,novela romántica,novela romántica,novela romántica,novela romántica,novela romántica,novela romántica,novela romántica,novela romántica,novela romántica
157,subgenre-current,novela romántica,other,80,,0,1,nh0238,novela romántica,novela romántica,novela romántica,novela romántica,novela romántica,novela romántica,novela romántica,novela romántica,novela romántica,novela romántica,novela romántica
158,subgenre-current,novela romántica,other,80,,0,1,nh0239,other,other,other,other,other,other,other,other,other,other,other
159,subgenre-current,novela romántica,other,80,,0,1,nh0244,novela romántica,novela romántica,novela romántica,novela romántica,novela romántica,novela romántica,novela romántica,novela romántica,novela romántica,novela romántica,novela romántica
160,subgenre-current,novela romántica,other,80,,0,1,nh0246,novela romántica,novela romántica,novela romántica,novela romántica,novela romántica,novela romántica,novela romántica,novela romántica,novela romántica,novela romántica,novela romántica
161,subgenre-current,novela romántica,other,80,,0,1,nh0247,novela romántica,novela romántica,novela romántica,novela romántica,novela romántica,novela romántica,novela romántica,novela romántica,novela romántica,novela romántica,novela romántica
162,subgenre-current,novela romántica,other,80,,0,1,nh0248,novela romántica,novela romántica,novela romántica,novela romántica,novela romántica,novela romántica,novela romántica,novela romántica,novela romántica,novela romántica,novela romántica
163,subgenre-current,novela romántica,other,80,,0,1,nh0249,novela romántica,novela romántica,novela romántica,novela romántica,novela romántica,novela romántica,novela romántica,novela romántica,novela romántica,novela romántica,novela romántica
164,subgenre-current,novela romántica,other,80,,0,1,nh0250,novela romántica,novela romántica,novela romántica,novela romántica,novela romántica,novela romántica,novela romántica,novela romántica,novela romántica,novela romántica,novela romántica
165,subgenre-current,novela romántica,other,80,,0,1,nh0252,novela romántica,novela romántica,novela romántica,novela romántica,novela romántica,novela romántica,novela romántica,novela romántica,novela romántica,novela romántica,novela romántica
166,subgenre-current,novela romántica,other,80,,0,1,nh0253,novela romántica,novela romántica,novela romántica,novela romántica,novela romántica,novela romántica,novela romántica,novela romántica,novela romántica,novela romántica,novela romántica
167,subgenre-current,novela romántica,other,80,,0,1,nh0254,other,other,other,other,other,other,other,other,other,other,other
168,subgenre-current,novela romántica,other,80,,0,1,nh0255,other,other,other,other,other,other,other,other,other,other,other
169,subgenre-current,novela romántica,other,80,,0,1,nh0256,other,other,other,other,other,other,other,other,other,other,other
170,subgenre-current,novela romántica,other,80,,1,1,nh0002,other,other,other,other,other,other,other,other,other,other,other
171,subgenre-current,novela romántica,other,80,,1,1,nh0003,novela romántica,novela romántica,novela romántica,novela romántica,novela romántica,novela romántica,novela romántica,novela romántica,novela romántica,novela romántica,novela romántica
172,subgenre-current,novela romántica,other,80,,1,1,nh0006,novela romántica,novela romántica,novela romántica,novela romántica,novela romántica,novela romántica,novela romántica,novela romántica,novela romántica,novela romántica,novela romántica
173,subgenre-current,novela romántica,other,80,,1,1,nh0007,novela romántica,novela romántica,novela romántica,novela romántica,novela romántica,novela romántica,novela romántica,novela romántica,novela romántica,novela romántica,novela romántica
174,subgenre-current,novela romántica,other,80,,1,1,nh0008,other,other,other,other,other,other,other,other,other,other,other
175,subgenre-current,novela romántica,other,80,,1,1,nh0009,novela romántica,novela romántica,novela romántica,novela romántica,novela romántica,novela romántica,novela romántica,novela romántica,novela romántica,novela romántica,novela romántica
176,subgenre-current,novela romántica,other,80,,1,1,nh0010,other,other,other,other,other,other,other,other,other,other,other
177,subgenre-current,novela romántica,other,80,,1,1,nh0011,other,other,other,other,other,other,other,other,other,other,other
178,subgenre-current,novela romántica,other,80,,1,1,nh0012,other,other,other,other,other,other,other,other,other,other,other
179,subgenre-current,novela romántica,other,80,,1,1,nh0013,other,other,other,other,other,other,other,other,other,other,other
180,subgenre-current,novela romántica,other,80,,1,1,nh0015,other,novela romántica,other,other,other,other,other,other,other,other,other
181,subgenre-current,novela romántica,other,80,,1,1,nh0017,novela romántica,novela romántica,novela romántica,novela romántica,novela romántica,novela romántica,novela romántica,novela romántica,novela romántica,novela romántica,novela romántica
182,subgenre-current,novela romántica,other,80,,1,1,nh0019,other,other,other,other,other,other,other,other,other,other,other
183,subgenre-current,novela romántica,other,80,,1,1,nh0022,other,novela romántica,other,other,other,other,other,other,other,other,other
184,subgenre-current,novela romántica,other,80,,1,1,nh0023,other,other,other,other,other,other,other,other,other,other,other
185,subgenre-current,novela romántica,other,80,,1,1,nh0024,novela romántica,novela romántica,novela romántica,novela romántica,novela romántica,novela romántica,novela romántica,novela romántica,novela romántica,novela romántica,novela romántica
186,subgenre-current,novela romántica,other,80,,1,1,nh0026,novela romántica,novela romántica,novela romántica,novela romántica,novela romántica,novela romántica,novela romántica,novela romántica,novela romántica,novela romántica,novela romántica
187,subgenre-current,novela romántica,other,80,,1,1,nh0027,other,other,other,other,other,other,other,other,other,other,other
188,subgenre-current,novela romántica,other,80,,1,1,nh0028,other,other,novela romántica,other,other,other,other,other,other,other,other
189,subgenre-current,novela romántica,other,80,,1,1,nh0029,other,other,other,other,other,other,other,other,other,other,other
190,subgenre-current,novela romántica,other,80,,1,1,nh0030,other,other,other,other,other,other,other,other,other,other,other
191,subgenre-current,novela romántica,other,80,,1,1,nh0031,other,other,other,other,other,other,other,other,other,other,other
192,subgenre-current,novela romántica,other,80,,1,1,nh0032,other,other,other,other,other,other,other,other,other,other,other
193,subgenre-current,novela romántica,other,80,,1,1,nh0033,other,other,other,other,other,other,other,other,other,other,other
194,subgenre-current,novela romántica,other,80,,1,1,nh0034,other,other,other,other,other,other,other,other,other,other,other
195,subgenre-current,novela romántica,other,80,,1,1,nh0035,novela romántica,novela romántica,novela romántica,novela romántica,novela romántica,novela romántica,novela romántica,novela romántica,novela romántica,novela romántica,novela romántica
196,subgenre-current,novela romántica,other,80,,1,1,nh0036,other,other,other,other,other,other,other,other,other,other,other
197,subgenre-current,novela romántica,other,80,,1,1,nh0037,novela romántica,novela romántica,novela romántica,novela romántica,novela romántica,novela romántica,novela romántica,novela romántica,novela romántica,novela romántica,novela romántica
198,subgenre-current,novela romántica,other,80,,1,1,nh0038,other,other,other,other,other,other,other,other,other,other,other
199,subgenre-current,novela romántica,other,80,,1,1,nh0039,other,other,other,other,other,other,other,other,other,other,other
200,subgenre-current,novela romántica,other,80,,1,1,nh0040,novela romántica,novela romántica,novela romántica,novela romántica,novela romántica,novela romántica,novela romántica,novela romántica,novela romántica,novela romántica,novela romántica
201,subgenre-current,novela romántica,other,80,,1,1,nh0041,novela romántica,novela romántica,novela romántica,novela romántica,novela romántica,novela romántica,novela romántica,novela romántica,novela romántica,novela romántica,novela romántica
202,subgenre-current,novela romántica,other,80,,1,1,nh0044,other,other,other,other,other,other,other,other,other,other,other
203,subgenre-current,novela romántica,other,80,,1,1,nh0046,other,other,other,other,other,other,other,other,other,other,other
204,subgenre-current,novela romántica,other,80,,1,1,nh0047,other,other,other,other,other,other,other,other,other,other,other
205,subgenre-current,novela romántica,other,80,,1,1,nh0048,other,other,other,other,other,other,other,other,other,other,other
206,subgenre-current,novela romántica,other,80,,1,1,nh0049,novela romántica,novela romántica,novela romántica,novela romántica,novela romántica,novela romántica,novela romántica,novela romántica,novela romántica,novela romántica,novela romántica
207,subgenre-current,novela romántica,other,80,,1,1,nh0052,other,other,other,other,other,other,other,other,other,other,other
208,subgenre-current,novela romántica,other,80,,1,1,nh0053,novela romántica,novela romántica,novela romántica,novela romántica,novela romántica,novela romántica,novela romántica,novela romántica,novela romántica,novela romántica,novela romántica
209,subgenre-current,novela romántica,other,80,,1,1,nh0055,novela romántica,novela romántica,novela romántica,novela romántica,novela romántica,novela romántica,novela romántica,novela romántica,novela romántica,novela romántica,novela romántica
210,subgenre-current,novela romántica,other,80,,1,1,nh0056,novela romántica,novela romántica,novela romántica,novela romántica,novela romántica,novela romántica,novela romántica,novela romántica,novela romántica,novela romántica,novela romántica
211,subgenre-current,novela romántica,other,80,,1,1,nh0057,other,other,other,other,other,other,other,other,other,other,other
212,subgenre-current,novela romántica,other,80,,1,1,nh0058,other,other,other,other,other,other,other,other,other,other,other
213,subgenre-current,novela romántica,other,80,,1,1,nh0059,other,other,other,other,other,other,other,other,other,other,other
214,subgenre-current,novela romántica,other,80,,1,1,nh0060,other,other,other,other,other,other,other,other,other,other,other
215,subgenre-current,novela romántica,other,80,,1,1,nh0062,other,other,other,other,other,other,other,other,other,other,other
216,subgenre-current,novela romántica,other,80,,1,1,nh0063,novela romántica,novela romántica,novela romántica,novela romántica,novela romántica,novela romántica,novela romántica,novela romántica,novela romántica,novela romántica,novela romántica
217,subgenre-current,novela romántica,other,80,,1,1,nh0067,other,other,other,other,other,other,other,other,other,other,other
218,subgenre-current,novela romántica,other,80,,1,1,nh0068,other,other,other,other,other,other,other,other,other,other,other
219,subgenre-current,novela romántica,other,80,,1,1,nh0069,novela romántica,novela romántica,novela romántica,novela romántica,novela romántica,novela romántica,novela romántica,novela romántica,novela romántica,novela romántica,novela romántica
220,subgenre-current,novela romántica,other,80,,1,1,nh0071,novela romántica,novela romántica,novela romántica,novela romántica,novela romántica,novela romántica,novela romántica,novela romántica,novela romántica,novela romántica,novela romántica
221,subgenre-current,novela romántica,other,80,,1,1,nh0072,novela romántica,novela romántica,novela romántica,novela romántica,novela romántica,novela romántica,novela romántica,novela romántica,novela romántica,novela romántica,novela romántica
222,subgenre-current,novela romántica,other,80,,1,1,nh0073,novela romántica,novela romántica,novela romántica,novela romántica,novela romántica,novela romántica,novela romántica,novela romántica,novela romántica,novela romántica,novela romántica
223,subgenre-current,novela romántica,other,80,,1,1,nh0074,other,other,other,other,other,other,other,other,other,other,other
224,subgenre-current,novela romántica,other,80,,1,1,nh0075,other,other,other,other,other,other,other,other,other,other,other
225,subgenre-current,novela romántica,other,80,,1,1,nh0076,other,other,other,other,other,other,other,other,other,other,other
226,subgenre-current,novela romántica,other,80,,1,1,nh0080,other,other,other,other,other,other,other,other,other,other,other
227,subgenre-current,novela romántica,other,80,,1,1,nh0084,other,other,other,other,other,other,other,other,other,other,other
228,subgenre-current,novela romántica,other,80,,1,1,nh0085,novela romántica,novela romántica,novela romántica,novela romántica,novela romántica,novela romántica,novela romántica,novela romántica,novela romántica,novela romántica,novela romántica
229,subgenre-current,novela romántica,other,80,,1,1,nh0086,other,other,other,other,other,other,other,other,other,other,other
230,subgenre-current,novela romántica,other,80,,1,1,nh0087,novela romántica,novela romántica,novela romántica,novela romántica,novela romántica,novela romántica,novela romántica,novela romántica,novela romántica,novela romántica,novela romántica
231,subgenre-current,novela romántica,other,80,,1,1,nh0088,other,other,other,other,other,other,other,other,other,other,other
232,subgenre-current,novela romántica,other,80,,1,1,nh0089,other,other,other,other,other,other,other,other,other,other,other
233,subgenre-current,novela romántica,other,80,,1,1,nh0090,other,other,other,other,other,novela romántica,other,other,other,other,other
234,subgenre-current,novela romántica,other,80,,1,1,nh0092,novela romántica,novela romántica,novela romántica,novela romántica,novela romántica,novela romántica,novela romántica,novela romántica,novela romántica,novela romántica,novela romántica
235,subgenre-current,novela romántica,other,80,,1,1,nh0095,novela romántica,novela romántica,novela romántica,novela romántica,novela romántica,novela romántica,novela romántica,novela romántica,novela romántica,novela romántica,novela romántica
236,subgenre-current,novela romántica,other,80,,1,1,nh0096,novela romántica,novela romántica,novela romántica,novela romántica,novela romántica,novela romántica,novela romántica,novela romántica,novela romántica,novela romántica,novela romántica
237,subgenre-current,novela romántica,other,80,,1,1,nh0097,novela romántica,novela romántica,novela romántica,novela romántica,novela romántica,novela romántica,novela romántica,novela romántica,novela romántica,novela romántica,novela romántica
238,subgenre-current,novela romántica,other,80,,1,1,nh0098,novela romántica,novela romántica,novela romántica,novela romántica,novela romántica,novela romántica,novela romántica,novela romántica,novela romántica,novela romántica,novela romántica
239,subgenre-current,novela romántica,other,80,,1,1,nh0099,other,other,other,other,other,other,other,other,other,other,other
240,subgenre-current,novela romántica,other,80,,1,1,nh0102,novela romántica,novela romántica,novela romántica,novela romántica,novela romántica,novela romántica,novela romántica,novela romántica,novela romántica,novela romántica,novela romántica
241,subgenre-current,novela romántica,other,80,,1,1,nh0104,novela romántica,novela romántica,novela romántica,novela romántica,novela romántica,novela romántica,novela romántica,novela romántica,novela romántica,novela romántica,novela romántica
242,subgenre-current,novela romántica,other,80,,1,1,nh0105,novela romántica,novela romántica,novela romántica,novela romántica,other,novela romántica,novela romántica,novela romántica,novela romántica,novela romántica,novela romántica
243,subgenre-current,novela romántica,other,80,,1,1,nh0106,novela romántica,novela romántica,novela romántica,novela romántica,novela romántica,novela romántica,novela romántica,novela romántica,novela romántica,novela romántica,novela romántica
244,subgenre-current,novela romántica,other,80,,1,1,nh0108,novela romántica,novela romántica,novela romántica,novela romántica,other,novela romántica,novela romántica,novela romántica,novela romántica,novela romántica,novela romántica
245,subgenre-current,novela romántica,other,80,,1,1,nh0109,other,other,other,other,other,other,other,other,other,other,other
246,subgenre-current,novela romántica,other,80,,1,1,nh0110,novela romántica,novela romántica,novela romántica,novela romántica,novela romántica,novela romántica,novela romántica,novela romántica,novela romántica,novela romántica,novela romántica
247,subgenre-current,novela romántica,other,80,,1,1,nh0111,novela romántica,novela romántica,novela romántica,novela romántica,novela romántica,novela romántica,novela romántica,novela romántica,novela romántica,novela romántica,novela romántica
248,subgenre-current,novela romántica,other,80,,1,1,nh0113,novela romántica,novela romántica,novela romántica,novela romántica,novela romántica,novela romántica,novela romántica,novela romántica,novela romántica,novela romántica,novela romántica
249,subgenre-current,novela romántica,other,80,,1,1,nh0114,other,other,other,other,other,other,other,other,other,other,other
250,subgenre-current,novela romántica,other,80,,1,1,nh0115,novela romántica,novela romántica,novela romántica,novela romántica,novela romántica,novela romántica,novela romántica,novela romántica,novela romántica,novela romántica,novela romántica
251,subgenre-current,novela romántica,other,80,,1,1,nh0116,novela romántica,novela romántica,novela romántica,novela romántica,novela romántica,novela romántica,novela romántica,novela romántica,novela romántica,novela romántica,novela romántica
252,subgenre-current,novela romántica,other,80,,1,1,nh0117,novela romántica,novela romántica,novela romántica,novela romántica,novela romántica,novela romántica,novela romántica,novela romántica,novela romántica,novela romántica,novela romántica
253,subgenre-current,novela romántica,other,80,,1,1,nh0118,novela romántica,novela romántica,novela romántica,novela romántica,novela romántica,other,novela romántica,novela romántica,novela romántica,novela romántica,novela romántica
254,subgenre-current,novela romántica,other,80,,1,1,nh0119,other,other,other,other,other,other,other,other,other,other,other
255,subgenre-current,novela romántica,other,80,,1,1,nh0121,novela romántica,novela romántica,novela romántica,novela romántica,novela romántica,novela romántica,novela romántica,novela romántica,novela romántica,novela romántica,novela romántica
256,subgenre-current,novela romántica,other,80,,1,1,nh0122,novela romántica,novela romántica,novela romántica,novela romántica,novela romántica,novela romántica,novela romántica,novela romántica,novela romántica,novela romántica,novela romántica
257,subgenre-current,novela romántica,other,80,,1,1,nh0124,novela romántica,novela romántica,novela romántica,novela romántica,novela romántica,novela romántica,novela romántica,novela romántica,novela romántica,novela romántica,novela romántica
258,subgenre-current,novela romántica,other,80,,1,1,nh0125,novela romántica,novela romántica,novela romántica,novela romántica,novela romántica,novela romántica,novela romántica,novela romántica,novela romántica,novela romántica,novela romántica
259,subgenre-current,novela romántica,other,80,,1,1,nh0126,novela romántica,novela romántica,novela romántica,novela romántica,novela romántica,novela romántica,novela romántica,novela romántica,novela romántica,novela romántica,novela romántica
260,subgenre-current,novela romántica,other,80,,1,1,nh0127,other,other,other,other,other,other,other,other,other,other,other
261,subgenre-current,novela romántica,other,80,,1,1,nh0131,novela romántica,novela romántica,novela romántica,novela romántica,novela romántica,novela romántica,other,novela romántica,novela romántica,novela romántica,novela romántica
262,subgenre-current,novela romántica,other,80,,1,1,nh0133,other,other,other,other,other,other,other,other,other,other,other
263,subgenre-current,novela romántica,other,80,,1,1,nh0135,other,other,other,other,other,other,novela romántica,other,other,other,other
264,subgenre-current,novela romántica,other,80,,1,1,nh0136,other,other,other,other,other,other,other,other,other,other,other
265,subgenre-current,novela romántica,other,80,,1,1,nh0138,novela romántica,novela romántica,novela romántica,novela romántica,novela romántica,novela romántica,novela romántica,novela romántica,novela romántica,novela romántica,novela romántica
266,subgenre-current,novela romántica,other,80,,1,1,nh0141,novela romántica,novela romántica,novela romántica,novela romántica,novela romántica,novela romántica,novela romántica,novela romántica,novela romántica,novela romántica,novela romántica
267,subgenre-current,novela romántica,other,80,,1,1,nh0142,novela romántica,novela romántica,novela romántica,novela romántica,novela romántica,novela romántica,novela romántica,novela romántica,novela romántica,novela romántica,novela romántica
268,subgenre-current,novela romántica,other,80,,1,1,nh0144,novela romántica,novela romántica,novela romántica,novela romántica,novela romántica,novela romántica,other,novela romántica,novela romántica,novela romántica,novela romántica
269,subgenre-current,novela romántica,other,80,,1,1,nh0145,novela romántica,novela romántica,novela romántica,novela romántica,novela romántica,novela romántica,novela romántica,other,novela romántica,novela romántica,novela romántica
270,subgenre-current,novela romántica,other,80,,1,1,nh0146,novela romántica,novela romántica,novela romántica,novela romántica,novela romántica,novela romántica,novela romántica,novela romántica,novela romántica,novela romántica,novela romántica
271,subgenre-current,novela romántica,other,80,,1,1,nh0147,novela romántica,novela romántica,novela romántica,novela romántica,novela romántica,novela romántica,novela romántica,novela romántica,novela romántica,novela romántica,novela romántica
272,subgenre-current,novela romántica,other,80,,1,1,nh0148,other,other,other,other,other,other,other,other,other,other,other
273,subgenre-current,novela romántica,other,80,,1,1,nh0151,novela romántica,novela romántica,novela romántica,novela romántica,novela romántica,novela romántica,novela romántica,novela romántica,novela romántica,novela romántica,novela romántica
274,subgenre-current,novela romántica,other,80,,1,1,nh0155,other,other,other,other,other,other,other,other,other,other,other
275,subgenre-current,novela romántica,other,80,,1,1,nh0156,novela romántica,novela romántica,novela romántica,novela romántica,novela romántica,novela romántica,novela romántica,novela romántica,novela romántica,novela romántica,novela romántica
276,subgenre-current,novela romántica,other,80,,1,1,nh0157,novela romántica,novela romántica,novela romántica,novela romántica,novela romántica,novela romántica,novela romántica,novela romántica,novela romántica,novela romántica,novela romántica
277,subgenre-current,novela romántica,other,80,,1,1,nh0158,novela romántica,novela romántica,novela romántica,novela romántica,novela romántica,novela romántica,novela romántica,novela romántica,novela romántica,novela romántica,novela romántica
278,subgenre-current,novela romántica,other,80,,1,1,nh0159,novela romántica,novela romántica,novela romántica,novela romántica,novela romántica,novela romántica,novela romántica,novela romántica,novela romántica,novela romántica,novela romántica
279,subgenre-current,novela romántica,other,80,,1,1,nh0161,novela romántica,novela romántica,novela romántica,novela romántica,novela romántica,novela romántica,novela romántica,novela romántica,novela romántica,novela romántica,novela romántica
280,subgenre-current,novela romántica,other,80,,1,1,nh0162,novela romántica,novela romántica,novela romántica,novela romántica,novela romántica,novela romántica,novela romántica,novela romántica,novela romántica,novela romántica,novela romántica
281,subgenre-current,novela romántica,other,80,,1,1,nh0163,other,other,other,other,other,other,other,other,other,other,other
282,subgenre-current,novela romántica,other,80,,1,1,nh0164,other,other,other,other,other,other,other,other,other,other,other
283,subgenre-current,novela romántica,other,80,,1,1,nh0165,other,other,other,other,other,other,other,other,other,other,other
284,subgenre-current,novela romántica,other,80,,1,1,nh0167,novela romántica,novela romántica,novela romántica,novela romántica,novela romántica,novela romántica,novela romántica,novela romántica,novela romántica,novela romántica,novela romántica
285,subgenre-current,novela romántica,other,80,,1,1,nh0169,novela romántica,novela romántica,novela romántica,novela romántica,novela romántica,novela romántica,novela romántica,novela romántica,novela romántica,novela romántica,novela romántica
286,subgenre-current,novela romántica,other,80,,1,1,nh0171,novela romántica,novela romántica,novela romántica,novela romántica,novela romántica,novela romántica,novela romántica,novela romántica,novela romántica,novela romántica,novela romántica
287,subgenre-current,novela romántica,other,80,,1,1,nh0172,novela romántica,novela romántica,novela romántica,novela romántica,novela romántica,novela romántica,novela romántica,novela romántica,novela romántica,novela romántica,novela romántica
288,subgenre-current,novela romántica,other,80,,1,1,nh0173,other,other,other,other,other,other,other,other,other,other,other
289,subgenre-current,novela romántica,other,80,,1,1,nh0174,other,other,other,other,other,other,other,other,other,other,other
290,subgenre-current,novela romántica,other,80,,1,1,nh0175,other,other,other,other,other,other,other,novela romántica,other,other,other
291,subgenre-current,novela romántica,other,80,,1,1,nh0177,other,other,other,other,other,other,other,other,other,other,other
292,subgenre-current,novela romántica,other,80,,1,1,nh0178,novela romántica,novela romántica,novela romántica,novela romántica,novela romántica,novela romántica,novela romántica,novela romántica,novela romántica,novela romántica,novela romántica
293,subgenre-current,novela romántica,other,80,,1,1,nh0179,other,other,other,other,other,other,other,other,other,other,other
294,subgenre-current,novela romántica,other,80,,1,1,nh0180,novela romántica,novela romántica,novela romántica,novela romántica,novela romántica,novela romántica,novela romántica,novela romántica,novela romántica,novela romántica,novela romántica
295,subgenre-current,novela romántica,other,80,,1,1,nh0181,novela romántica,novela romántica,novela romántica,novela romántica,novela romántica,novela romántica,novela romántica,novela romántica,novela romántica,novela romántica,novela romántica
296,subgenre-current,novela romántica,other,80,,1,1,nh0183,novela romántica,novela romántica,novela romántica,novela romántica,novela romántica,novela romántica,novela romántica,novela romántica,novela romántica,novela romántica,novela romántica
297,subgenre-current,novela romántica,other,80,,1,1,nh0188,novela romántica,novela romántica,novela romántica,novela romántica,novela romántica,novela romántica,novela romántica,novela romántica,novela romántica,novela romántica,novela romántica
298,subgenre-current,novela romántica,other,80,,1,1,nh0189,other,other,other,other,other,other,other,other,other,other,other
299,subgenre-current,novela romántica,other,80,,1,1,nh0190,other,other,other,other,other,other,other,other,other,other,other
300,subgenre-current,novela romántica,other,80,,1,1,nh0191,other,other,other,other,other,other,other,other,other,other,other
301,subgenre-current,novela romántica,other,80,,1,1,nh0192,other,other,other,other,other,other,other,other,other,other,other
302,subgenre-current,novela romántica,other,80,,1,1,nh0193,other,other,other,other,other,other,other,other,other,other,other
303,subgenre-current,novela romántica,other,80,,1,1,nh0194,other,other,other,other,other,other,other,other,other,other,other
304,subgenre-current,novela romántica,other,80,,1,1,nh0195,novela romántica,novela romántica,novela romántica,novela romántica,novela romántica,novela romántica,novela romántica,novela romántica,novela romántica,novela romántica,novela romántica
305,subgenre-current,novela romántica,other,80,,1,1,nh0196,novela romántica,novela romántica,novela romántica,novela romántica,novela romántica,novela romántica,novela romántica,novela romántica,novela romántica,novela romántica,novela romántica
306,subgenre-current,novela romántica,other,80,,1,1,nh0197,novela romántica,novela romántica,novela romántica,novela romántica,novela romántica,novela romántica,novela romántica,novela romántica,novela romántica,novela romántica,novela romántica
307,subgenre-current,novela romántica,other,80,,1,1,nh0198,other,other,other,other,other,other,other,other,other,other,other
308,subgenre-current,novela romántica,other,80,,1,1,nh0199,novela romántica,novela romántica,novela romántica,novela romántica,novela romántica,novela romántica,novela romántica,novela romántica,novela romántica,novela romántica,novela romántica
309,subgenre-current,novela romántica,other,80,,1,1,nh0201,novela romántica,novela romántica,novela romántica,novela romántica,novela romántica,novela romántica,novela romántica,novela romántica,novela romántica,novela romántica,novela romántica
310,subgenre-current,novela romántica,other,80,,1,1,nh0202,other,other,other,other,other,other,other,other,novela romántica,other,other
311,subgenre-current,novela romántica,other,80,,1,1,nh0204,other,other,other,other,other,other,other,other,other,other,other
312,subgenre-current,novela romántica,other,80,,1,1,nh0205,other,other,other,other,other,other,other,other,other,other,other
313,subgenre-current,novela romántica,other,80,,1,1,nh0206,other,other,other,other,other,other,other,other,other,novela romántica,other
314,subgenre-current,novela romántica,other,80,,1,1,nh0208,other,other,other,other,other,other,other,other,other,other,other
315,subgenre-current,novela romántica,other,80,,1,1,nh0210,other,other,other,other,other,other,other,other,other,novela romántica,other
316,subgenre-current,novela romántica,other,80,,1,1,nh0214,other,other,other,other,other,other,other,other,other,novela romántica,other
317,subgenre-current,novela romántica,other,80,,1,1,nh0216,novela romántica,novela romántica,novela romántica,novela romántica,novela romántica,novela romántica,novela romántica,novela romántica,novela romántica,novela romántica,novela romántica
318,subgenre-current,novela romántica,other,80,,1,1,nh0217,other,other,other,other,other,other,other,other,other,other,other
319,subgenre-current,novela romántica,other,80,,1,1,nh0219,novela romántica,novela romántica,novela romántica,novela romántica,novela romántica,novela romántica,novela romántica,novela romántica,novela romántica,novela romántica,novela romántica
320,subgenre-current,novela romántica,other,80,,1,1,nh0221,other,other,other,other,other,other,other,other,other,other,other
321,subgenre-current,novela romántica,other,80,,1,1,nh0223,other,other,other,other,other,other,other,other,other,other,other
322,subgenre-current,novela romántica,other,80,,1,1,nh0224,novela romántica,novela romántica,novela romántica,novela romántica,novela romántica,novela romántica,novela romántica,novela romántica,novela romántica,novela romántica,novela romántica
323,subgenre-current,novela romántica,other,80,,1,1,nh0225,novela romántica,novela romántica,novela romántica,novela romántica,novela romántica,novela romántica,novela romántica,novela romántica,novela romántica,novela romántica,novela romántica
324,subgenre-current,novela romántica,other,80,,1,1,nh0229,other,other,other,other,other,other,other,other,other,other,other
325,subgenre-current,novela romántica,other,80,,1,1,nh0230,other,other,other,other,other,other,other,other,other,other,other
326,subgenre-current,novela romántica,other,80,,1,1,nh0232,other,other,other,other,other,other,other,other,other,other,other
327,subgenre-current,novela romántica,other,80,,1,1,nh0234,novela romántica,novela romántica,novela romántica,novela romántica,novela romántica,novela romántica,novela romántica,novela romántica,novela romántica,novela romántica,novela romántica
328,subgenre-current,novela romántica,other,80,,1,1,nh0235,other,other,other,other,other,other,other,other,other,other,other
329,subgenre-current,novela romántica,other,80,,1,1,nh0237,novela romántica,novela romántica,novela romántica,novela romántica,novela romántica,novela romántica,novela romántica,novela romántica,novela romántica,novela romántica,novela romántica
330,subgenre-current,novela romántica,other,80,,1,1,nh0238,novela romántica,novela romántica,novela romántica,novela romántica,novela romántica,novela romántica,novela romántica,novela romántica,novela romántica,novela romántica,novela romántica
331,subgenre-current,novela romántica,other,80,,1,1,nh0239,other,other,other,other,other,other,other,other,other,other,other
332,subgenre-current,novela romántica,other,80,,1,1,nh0240,novela romántica,novela romántica,novela romántica,novela romántica,novela romántica,novela romántica,novela romántica,novela romántica,novela romántica,novela romántica,novela romántica
333,subgenre-current,novela romántica,other,80,,1,1,nh0244,novela romántica,novela romántica,novela romántica,novela romántica,novela romántica,novela romántica,novela romántica,novela romántica,novela romántica,novela romántica,novela romántica
334,subgenre-current,novela romántica,other,80,,1,1,nh0246,novela romántica,novela romántica,novela romántica,novela romántica,novela romántica,novela romántica,novela romántica,novela romántica,novela romántica,novela romántica,novela romántica
335,subgenre-current,novela romántica,other,80,,1,1,nh0247,novela romántica,novela romántica,novela romántica,novela romántica,novela romántica,novela romántica,novela romántica,novela romántica,novela romántica,novela romántica,novela romántica
336,subgenre-current,novela romántica,other,80,,1,1,nh0252,novela romántica,novela romántica,novela romántica,novela romántica,novela romántica,novela romántica,novela romántica,novela romántica,novela romántica,novela romántica,novela romántica
337,subgenre-current,novela romántica,other,80,,1,1,nh0254,other,other,other,other,other,other,other,other,other,other,other
338,subgenre-current,novela romántica,other,80,,1,1,nh0255,other,other,other,other,other,other,other,other,other,other,other
339,subgenre-current,novela romántica,other,80,,1,1,nh0256,other,other,other,other,other,other,other,other,other,other,other
340,subgenre-current,novela romántica,other,80,,2,1,nh0001,novela romántica,novela romántica,novela romántica,novela romántica,novela romántica,novela romántica,novela romántica,novela romántica,novela romántica,novela romántica,novela romántica
341,subgenre-current,novela romántica,other,80,,2,1,nh0002,other,other,other,other,other,other,other,other,other,other,other
342,subgenre-current,novela romántica,other,80,,2,1,nh0003,novela romántica,novela romántica,novela romántica,novela romántica,novela romántica,novela romántica,novela romántica,novela romántica,novela romántica,novela romántica,novela romántica
343,subgenre-current,novela romántica,other,80,,2,1,nh0005,novela romántica,novela romántica,novela romántica,novela romántica,novela romántica,novela romántica,novela romántica,novela romántica,novela romántica,novela romántica,novela romántica
344,subgenre-current,novela romántica,other,80,,2,1,nh0006,novela romántica,novela romántica,novela romántica,novela romántica,novela romántica,novela romántica,novela romántica,novela romántica,novela romántica,novela romántica,novela romántica
345,subgenre-current,novela romántica,other,80,,2,1,nh0007,novela romántica,novela romántica,novela romántica,novela romántica,novela romántica,novela romántica,novela romántica,novela romántica,novela romántica,novela romántica,novela romántica
346,subgenre-current,novela romántica,other,80,,2,1,nh0008,other,other,other,other,other,other,other,other,other,other,other
347,subgenre-current,novela romántica,other,80,,2,1,nh0009,novela romántica,novela romántica,novela romántica,novela romántica,novela romántica,novela romántica,novela romántica,novela romántica,novela romántica,novela romántica,novela romántica
348,subgenre-current,novela romántica,other,80,,2,1,nh0010,other,other,other,other,other,other,other,other,other,other,other
349,subgenre-current,novela romántica,other,80,,2,1,nh0011,other,other,other,other,other,other,other,other,other,other,other
350,subgenre-current,novela romántica,other,80,,2,1,nh0012,other,other,other,other,other,other,other,other,other,other,other
351,subgenre-current,novela romántica,other,80,,2,1,nh0013,other,other,other,other,other,other,other,other,other,other,other
352,subgenre-current,novela romántica,other,80,,2,1,nh0015,other,novela romántica,other,other,other,other,other,other,other,other,other
353,subgenre-current,novela romántica,other,80,,2,1,nh0016,novela romántica,other,novela romántica,novela romántica,novela romántica,novela romántica,novela romántica,novela romántica,novela romántica,novela romántica,novela romántica
354,subgenre-current,novela romántica,other,80,,2,1,nh0019,other,other,other,other,other,other,other,other,other,other,other
355,subgenre-current,novela romántica,other,80,,2,1,nh0021,novela romántica,novela romántica,novela romántica,novela romántica,novela romántica,novela romántica,novela romántica,novela romántica,novela romántica,novela romántica,novela romántica
356,subgenre-current,novela romántica,other,80,,2,1,nh0022,other,other,other,other,other,other,other,other,other,other,other
357,subgenre-current,novela romántica,other,80,,2,1,nh0023,other,other,other,other,other,other,other,other,other,other,other
358,subgenre-current,novela romántica,other,80,,2,1,nh0024,novela romántica,novela romántica,novela romántica,novela romántica,novela romántica,novela romántica,novela romántica,novela romántica,novela romántica,novela romántica,novela romántica
359,subgenre-current,novela romántica,other,80,,2,1,nh0025,novela romántica,novela romántica,novela romántica,novela romántica,novela romántica,novela romántica,novela romántica,novela romántica,novela romántica,novela romántica,novela romántica
360,subgenre-current,novela romántica,other,80,,2,1,nh0026,novela romántica,novela romántica,novela romántica,novela romántica,novela romántica,novela romántica,novela romántica,novela romántica,novela romántica,novela romántica,novela romántica
361,subgenre-current,novela romántica,other,80,,2,1,nh0027,other,other,other,other,other,other,other,other,other,other,other
362,subgenre-current,novela romántica,other,80,,2,1,nh0028,other,other,novela romántica,other,other,other,other,other,other,other,other
363,subgenre-current,novela romántica,other,80,,2,1,nh0029,other,other,other,other,other,other,other,other,other,other,other
364,subgenre-current,novela romántica,other,80,,2,1,nh0030,other,other,other,other,other,other,other,other,other,other,other
365,subgenre-current,novela romántica,other,80,,2,1,nh0031,other,other,other,other,other,other,other,other,other,other,other
366,subgenre-current,novela romántica,other,80,,2,1,nh0032,other,other,other,other,other,other,other,other,other,other,other
367,subgenre-current,novela romántica,other,80,,2,1,nh0033,other,other,other,other,other,other,other,other,other,other,other
368,subgenre-current,novela romántica,other,80,,2,1,nh0034,other,other,other,other,other,other,other,other,other,other,other
369,subgenre-current,novela romántica,other,80,,2,1,nh0035,novela romántica,novela romántica,novela romántica,novela romántica,novela romántica,novela romántica,novela romántica,novela romántica,novela romántica,novela romántica,novela romántica
370,subgenre-current,novela romántica,other,80,,2,1,nh0036,other,other,other,other,other,other,other,other,other,other,other
371,subgenre-current,novela romántica,other,80,,2,1,nh0037,novela romántica,novela romántica,novela romántica,novela romántica,novela romántica,novela romántica,novela romántica,novela romántica,novela romántica,novela romántica,novela romántica
372,subgenre-current,novela romántica,other,80,,2,1,nh0038,other,other,other,other,other,other,other,other,other,other,other
373,subgenre-current,novela romántica,other,80,,2,1,nh0039,other,other,other,other,other,other,other,other,other,other,other
374,subgenre-current,novela romántica,other,80,,2,1,nh0040,novela romántica,novela romántica,novela romántica,novela romántica,novela romántica,novela romántica,novela romántica,novela romántica,novela romántica,novela romántica,novela romántica
375,subgenre-current,novela romántica,other,80,,2,1,nh0041,novela romántica,novela romántica,novela romántica,novela romántica,novela romántica,novela romántica,novela romántica,novela romántica,novela romántica,novela romántica,novela romántica
376,subgenre-current,novela romántica,other,80,,2,1,nh0043,novela romántica,novela romántica,novela romántica,novela romántica,novela romántica,novela romántica,novela romántica,novela romántica,novela romántica,novela romántica,novela romántica
377,subgenre-current,novela romántica,other,80,,2,1,nh0044,other,other,other,other,other,other,other,other,other,other,other
378,subgenre-current,novela romántica,other,80,,2,1,nh0045,novela romántica,novela romántica,novela romántica,novela romántica,novela romántica,novela romántica,novela romántica,novela romántica,novela romántica,novela romántica,novela romántica
379,subgenre-current,novela romántica,other,80,,2,1,nh0046,other,other,other,other,other,other,other,other,other,other,other
380,subgenre-current,novela romántica,other,80,,2,1,nh0047,other,other,other,other,other,other,other,other,other,other,other
381,subgenre-current,novela romántica,other,80,,2,1,nh0048,other,other,other,other,other,other,other,other,other,other,other
382,subgenre-current,novela romántica,other,80,,2,1,nh0049,novela romántica,novela romántica,novela romántica,novela romántica,novela romántica,novela romántica,novela romántica,novela romántica,novela romántica,novela romántica,novela romántica
383,subgenre-current,novela romántica,other,80,,2,1,nh0050,novela romántica,novela romántica,novela romántica,novela romántica,novela romántica,novela romántica,novela romántica,novela romántica,novela romántica,novela romántica,novela romántica
384,subgenre-current,novela romántica,other,80,,2,1,nh0052,other,other,other,other,other,other,other,other,other,other,other
385,subgenre-current,novela romántica,other,80,,2,1,nh0053,novela romántica,novela romántica,novela romántica,novela romántica,novela romántica,novela romántica,novela romántica,novela romántica,novela romántica,novela romántica,novela romántica
386,subgenre-current,novela romántica,other,80,,2,1,nh0054,novela romántica,novela romántica,novela romántica,novela romántica,novela romántica,novela romántica,novela romántica,novela romántica,novela romántica,novela romántica,novela romántica
387,subgenre-current,novela romántica,other,80,,2,1,nh0055,novela romántica,novela romántica,novela romántica,novela romántica,novela romántica,novela romántica,novela romántica,novela romántica,novela romántica,novela romántica,novela romántica
388,subgenre-current,novela romántica,other,80,,2,1,nh0056,novela romántica,novela romántica,novela romántica,novela romántica,novela romántica,novela romántica,novela romántica,novela romántica,novela romántica,novela romántica,novela romántica
389,subgenre-current,novela romántica,other,80,,2,1,nh0057,other,other,other,other,other,other,other,other,other,other,other
390,subgenre-current,novela romántica,other,80,,2,1,nh0058,other,other,other,other,other,other,other,other,other,other,other
391,subgenre-current,novela romántica,other,80,,2,1,nh0059,other,other,other,other,other,other,other,other,other,other,other
392,subgenre-current,novela romántica,other,80,,2,1,nh0060,other,other,other,other,other,other,other,other,other,other,other
393,subgenre-current,novela romántica,other,80,,2,1,nh0061,novela romántica,novela romántica,novela romántica,novela romántica,novela romántica,novela romántica,novela romántica,novela romántica,novela romántica,novela romántica,novela romántica
394,subgenre-current,novela romántica,other,80,,2,1,nh0062,other,other,other,other,other,other,other,other,other,other,other
395,subgenre-current,novela romántica,other,80,,2,1,nh0063,novela romántica,novela romántica,novela romántica,novela romántica,novela romántica,novela romántica,novela romántica,novela romántica,novela romántica,novela romántica,novela romántica
396,subgenre-current,novela romántica,other,80,,2,1,nh0067,other,other,other,other,other,other,other,other,other,other,other
397,subgenre-current,novela romántica,other,80,,2,1,nh0068,other,other,other,other,other,other,other,other,other,other,other
398,subgenre-current,novela romántica,other,80,,2,1,nh0069,novela romántica,novela romántica,novela romántica,novela romántica,novela romántica,novela romántica,novela romántica,novela romántica,novela romántica,novela romántica,novela romántica
399,subgenre-current,novela romántica,other,80,,2,1,nh0071,novela romántica,novela romántica,novela romántica,novela romántica,novela romántica,novela romántica,novela romántica,novela romántica,novela romántica,novela romántica,novela romántica
400,subgenre-current,novela romántica,other,80,,2,1,nh0072,novela romántica,novela romántica,novela romántica,novela romántica,novela romántica,novela romántica,novela romántica,novela romántica,novela romántica,novela romántica,novela romántica
401,subgenre-current,novela romántica,other,80,,2,1,nh0073,novela romántica,novela romántica,novela romántica,novela romántica,novela romántica,novela romántica,novela romántica,novela romántica,novela romántica,novela romántica,novela romántica
402,subgenre-current,novela romántica,other,80,,2,1,nh0074,other,other,other,other,other,other,other,other,other,other,other
403,subgenre-current,novela romántica,other,80,,2,1,nh0075,other,other,other,other,other,other,other,other,other,other,other
404,subgenre-current,novela romántica,other,80,,2,1,nh0076,other,other,other,other,other,other,other,other,other,other,other
405,subgenre-current,novela romántica,other,80,,2,1,nh0080,other,other,other,other,other,other,other,other,other,other,other
406,subgenre-current,novela romántica,other,80,,2,1,nh0084,other,other,other,other,other,other,other,other,other,other,other
407,subgenre-current,novela romántica,other,80,,2,1,nh0086,other,other,other,other,other,other,other,other,other,other,other
408,subgenre-current,novela romántica,other,80,,2,1,nh0087,novela romántica,novela romántica,novela romántica,novela romántica,novela romántica,novela romántica,novela romántica,novela romántica,novela romántica,novela romántica,novela romántica
409,subgenre-current,novela romántica,other,80,,2,1,nh0088,other,other,other,other,other,other,other,other,other,other,other
410,subgenre-current,novela romántica,other,80,,2,1,nh0089,other,other,other,other,other,other,other,other,other,other,other
411,subgenre-current,novela romántica,other,80,,2,1,nh0090,other,other,other,other,other,other,novela romántica,other,other,other,other
412,subgenre-current,novela romántica,other,80,,2,1,nh0092,novela romántica,novela romántica,novela romántica,novela romántica,novela romántica,novela romántica,novela romántica,novela romántica,novela romántica,novela romántica,novela romántica
413,subgenre-current,novela romántica,other,80,,2,1,nh0096,novela romántica,novela romántica,novela romántica,novela romántica,novela romántica,novela romántica,novela romántica,novela romántica,novela romántica,novela romántica,novela romántica
414,subgenre-current,novela romántica,other,80,,2,1,nh0097,novela romántica,novela romántica,novela romántica,novela romántica,novela romántica,novela romántica,novela romántica,novela romántica,novela romántica,novela romántica,novela romántica
415,subgenre-current,novela romántica,other,80,,2,1,nh0098,novela romántica,novela romántica,novela romántica,novela romántica,novela romántica,novela romántica,novela romántica,novela romántica,novela romántica,novela romántica,novela romántica
416,subgenre-current,novela romántica,other,80,,2,1,nh0099,other,other,other,other,other,other,other,other,other,other,other
417,subgenre-current,novela romántica,other,80,,2,1,nh0102,novela romántica,novela romántica,novela romántica,novela romántica,novela romántica,novela romántica,novela romántica,novela romántica,novela romántica,novela romántica,novela romántica
418,subgenre-current,novela romántica,other,80,,2,1,nh0104,novela romántica,novela romántica,novela romántica,novela romántica,novela romántica,novela romántica,novela romántica,novela romántica,novela romántica,novela romántica,novela romántica
419,subgenre-current,novela romántica,other,80,,2,1,nh0109,other,other,other,other,other,other,other,other,other,other,other
420,subgenre-current,novela romántica,other,80,,2,1,nh0110,novela romántica,novela romántica,novela romántica,novela romántica,novela romántica,novela romántica,novela romántica,novela romántica,novela romántica,novela romántica,novela romántica
421,subgenre-current,novela romántica,other,80,,2,1,nh0111,novela romántica,novela romántica,novela romántica,novela romántica,novela romántica,novela romántica,novela romántica,novela romántica,novela romántica,novela romántica,novela romántica
422,subgenre-current,novela romántica,other,80,,2,1,nh0113,novela romántica,novela romántica,novela romántica,novela romántica,novela romántica,novela romántica,novela romántica,novela romántica,novela romántica,novela romántica,novela romántica
423,subgenre-current,novela romántica,other,80,,2,1,nh0114,other,other,other,other,other,other,other,other,other,other,other
424,subgenre-current,novela romántica,other,80,,2,1,nh0115,novela romántica,novela romántica,novela romántica,novela romántica,novela romántica,novela romántica,novela romántica,novela romántica,novela romántica,novela romántica,novela romántica
425,subgenre-current,novela romántica,other,80,,2,1,nh0116,novela romántica,novela romántica,novela romántica,novela romántica,novela romántica,novela romántica,novela romántica,novela romántica,novela romántica,novela romántica,novela romántica
426,subgenre-current,novela romántica,other,80,,2,1,nh0119,other,other,other,other,other,other,other,other,other,other,other
427,subgenre-current,novela romántica,other,80,,2,1,nh0120,novela romántica,novela romántica,novela romántica,novela romántica,novela romántica,novela romántica,novela romántica,novela romántica,novela romántica,novela romántica,novela romántica
428,subgenre-current,novela romántica,other,80,,2,1,nh0122,novela romántica,novela romántica,novela romántica,novela romántica,novela romántica,novela romántica,novela romántica,novela romántica,novela romántica,novela romántica,novela romántica
429,subgenre-current,novela romántica,other,80,,2,1,nh0124,novela romántica,novela romántica,novela romántica,novela romántica,novela romántica,novela romántica,novela romántica,novela romántica,novela romántica,novela romántica,novela romántica
430,subgenre-current,novela romántica,other,80,,2,1,nh0126,novela romántica,novela romántica,novela romántica,novela romántica,novela romántica,novela romántica,novela romántica,novela romántica,novela romántica,novela romántica,novela romántica
431,subgenre-current,novela romántica,other,80,,2,1,nh0127,other,other,other,other,other,other,other,other,other,other,other
432,subgenre-current,novela romántica,other,80,,2,1,nh0129,novela romántica,novela romántica,novela romántica,novela romántica,novela romántica,novela romántica,novela romántica,novela romántica,novela romántica,novela romántica,novela romántica
433,subgenre-current,novela romántica,other,80,,2,1,nh0131,novela romántica,novela romántica,novela romántica,novela romántica,novela romántica,novela romántica,other,novela romántica,novela romántica,novela romántica,novela romántica
434,subgenre-current,novela romántica,other,80,,2,1,nh0133,other,other,other,other,other,other,other,other,other,other,other
435,subgenre-current,novela romántica,other,80,,2,1,nh0135,other,other,other,other,other,other,novela romántica,other,other,other,other
436,subgenre-current,novela romántica,other,80,,2,1,nh0136,other,other,other,other,other,other,other,other,other,other,other
437,subgenre-current,novela romántica,other,80,,2,1,nh0138,novela romántica,novela romántica,novela romántica,novela romántica,novela romántica,novela romántica,novela romántica,novela romántica,novela romántica,novela romántica,novela romántica
438,subgenre-current,novela romántica,other,80,,2,1,nh0140,novela romántica,novela romántica,novela romántica,novela romántica,novela romántica,novela romántica,novela romántica,novela romántica,novela romántica,novela romántica,novela romántica
439,subgenre-current,novela romántica,other,80,,2,1,nh0142,novela romántica,novela romántica,novela romántica,novela romántica,novela romántica,novela romántica,novela romántica,novela romántica,novela romántica,novela romántica,novela romántica
440,subgenre-current,novela romántica,other,80,,2,1,nh0143,novela romántica,novela romántica,novela romántica,novela romántica,novela romántica,novela romántica,novela romántica,novela romántica,novela romántica,novela romántica,novela romántica
441,subgenre-current,novela romántica,other,80,,2,1,nh0144,novela romántica,novela romántica,novela romántica,novela romántica,novela romántica,novela romántica,other,novela romántica,novela romántica,novela romántica,novela romántica
442,subgenre-current,novela romántica,other,80,,2,1,nh0145,novela romántica,novela romántica,novela romántica,novela romántica,novela romántica,novela romántica,other,novela romántica,novela romántica,novela romántica,novela romántica
443,subgenre-current,novela romántica,other,80,,2,1,nh0146,novela romántica,novela romántica,novela romántica,novela romántica,novela romántica,novela romántica,novela romántica,novela romántica,novela romántica,novela romántica,novela romántica
444,subgenre-current,novela romántica,other,80,,2,1,nh0147,novela romántica,novela romántica,novela romántica,novela romántica,novela romántica,novela romántica,novela romántica,other,novela romántica,novela romántica,novela romántica
445,subgenre-current,novela romántica,other,80,,2,1,nh0148,other,other,other,other,other,other,other,other,other,other,other
446,subgenre-current,novela romántica,other,80,,2,1,nh0150,novela romántica,novela romántica,novela romántica,novela romántica,novela romántica,novela romántica,novela romántica,novela romántica,novela romántica,novela romántica,novela romántica
447,subgenre-current,novela romántica,other,80,,2,1,nh0155,other,other,other,other,other,other,other,other,other,other,other
448,subgenre-current,novela romántica,other,80,,2,1,nh0156,novela romántica,novela romántica,novela romántica,novela romántica,novela romántica,novela romántica,novela romántica,novela romántica,novela romántica,novela romántica,novela romántica
449,subgenre-current,novela romántica,other,80,,2,1,nh0157,novela romántica,novela romántica,novela romántica,novela romántica,novela romántica,novela romántica,novela romántica,novela romántica,novela romántica,novela romántica,novela romántica
450,subgenre-current,novela romántica,other,80,,2,1,nh0159,novela romántica,novela romántica,novela romántica,novela romántica,novela romántica,novela romántica,novela romántica,novela romántica,novela romántica,novela romántica,novela romántica
451,subgenre-current,novela romántica,other,80,,2,1,nh0162,novela romántica,novela romántica,novela romántica,novela romántica,novela romántica,novela romántica,novela romántica,novela romántica,novela romántica,novela romántica,novela romántica
452,subgenre-current,novela romántica,other,80,,2,1,nh0163,other,other,other,other,other,other,other,other,other,other,other
453,subgenre-current,novela romántica,other,80,,2,1,nh0164,other,other,other,other,other,other,other,other,other,other,other
454,subgenre-current,novela romántica,other,80,,2,1,nh0165,other,other,other,other,other,other,other,other,other,other,other
455,subgenre-current,novela romántica,other,80,,2,1,nh0169,novela romántica,novela romántica,novela romántica,novela romántica,novela romántica,novela romántica,novela romántica,novela romántica,novela romántica,novela romántica,novela romántica
456,subgenre-current,novela romántica,other,80,,2,1,nh0171,novela romántica,novela romántica,novela romántica,novela romántica,novela romántica,novela romántica,novela romántica,novela romántica,novela romántica,novela romántica,novela romántica
457,subgenre-current,novela romántica,other,80,,2,1,nh0172,novela romántica,novela romántica,novela romántica,novela romántica,novela romántica,novela romántica,novela romántica,novela romántica,novela romántica,novela romántica,novela romántica
458,subgenre-current,novela romántica,other,80,,2,1,nh0173,other,other,other,other,other,other,other,other,other,other,other
459,subgenre-current,novela romántica,other,80,,2,1,nh0174,other,other,other,other,other,other,other,other,other,other,other
460,subgenre-current,novela romántica,other,80,,2,1,nh0175,other,other,other,other,other,other,other,other,other,other,other
461,subgenre-current,novela romántica,other,80,,2,1,nh0177,other,other,other,other,other,other,other,other,other,other,other
462,subgenre-current,novela romántica,other,80,,2,1,nh0178,novela romántica,novela romántica,novela romántica,novela romántica,novela romántica,novela romántica,novela romántica,novela romántica,novela romántica,novela romántica,novela romántica
463,subgenre-current,novela romántica,other,80,,2,1,nh0179,other,other,other,other,other,other,other,other,other,other,other
464,subgenre-current,novela romántica,other,80,,2,1,nh0183,novela romántica,novela romántica,novela romántica,novela romántica,novela romántica,novela romántica,novela romántica,novela romántica,novela romántica,novela romántica,novela romántica
465,subgenre-current,novela romántica,other,80,,2,1,nh0188,novela romántica,novela romántica,novela romántica,novela romántica,novela romántica,novela romántica,novela romántica,novela romántica,novela romántica,novela romántica,novela romántica
466,subgenre-current,novela romántica,other,80,,2,1,nh0189,other,other,other,other,other,other,other,other,other,other,other
467,subgenre-current,novela romántica,other,80,,2,1,nh0190,other,other,other,other,other,other,other,other,other,other,other
468,subgenre-current,novela romántica,other,80,,2,1,nh0191,other,other,other,other,other,other,other,other,other,other,other
469,subgenre-current,novela romántica,other,80,,2,1,nh0192,other,other,other,other,other,other,other,other,other,other,other
470,subgenre-current,novela romántica,other,80,,2,1,nh0193,other,other,other,other,other,other,other,other,other,other,other
471,subgenre-current,novela romántica,other,80,,2,1,nh0194,other,other,other,other,other,other,other,other,other,other,other
472,subgenre-current,novela romántica,other,80,,2,1,nh0195,novela romántica,novela romántica,novela romántica,novela romántica,novela romántica,novela romántica,novela romántica,novela romántica,novela romántica,novela romántica,novela romántica
473,subgenre-current,novela romántica,other,80,,2,1,nh0196,novela romántica,novela romántica,novela romántica,novela romántica,novela romántica,novela romántica,novela romántica,novela romántica,novela romántica,novela romántica,novela romántica
474,subgenre-current,novela romántica,other,80,,2,1,nh0197,novela romántica,novela romántica,novela romántica,novela romántica,novela romántica,novela romántica,novela romántica,novela romántica,novela romántica,novela romántica,novela romántica
475,subgenre-current,novela romántica,other,80,,2,1,nh0198,other,other,other,other,other,other,other,other,other,other,other
476,subgenre-current,novela romántica,other,80,,2,1,nh0201,novela romántica,novela romántica,novela romántica,novela romántica,novela romántica,novela romántica,novela romántica,novela romántica,novela romántica,novela romántica,novela romántica
477,subgenre-current,novela romántica,other,80,,2,1,nh0202,other,other,other,other,other,other,other,other,other,novela romántica,other
478,subgenre-current,novela romántica,other,80,,2,1,nh0203,novela romántica,novela romántica,novela romántica,novela romántica,novela romántica,novela romántica,novela romántica,novela romántica,novela romántica,novela romántica,novela romántica
479,subgenre-current,novela romántica,other,80,,2,1,nh0204,other,other,other,other,other,other,other,other,other,other,other
480,subgenre-current,novela romántica,other,80,,2,1,nh0205,other,other,other,other,other,other,other,other,other,other,other
481,subgenre-current,novela romántica,other,80,,2,1,nh0206,other,other,other,other,other,other,other,other,other,novela romántica,other
482,subgenre-current,novela romántica,other,80,,2,1,nh0208,other,other,other,other,other,other,other,other,other,other,other
483,subgenre-current,novela romántica,other,80,,2,1,nh0210,other,other,other,other,other,other,other,other,other,novela romántica,other
484,subgenre-current,novela romántica,other,80,,2,1,nh0214,other,other,other,other,other,other,other,other,other,other,other
485,subgenre-current,novela romántica,other,80,,2,1,nh0217,other,other,other,other,other,other,other,other,other,other,other
486,subgenre-current,novela romántica,other,80,,2,1,nh0219,novela romántica,novela romántica,novela romántica,novela romántica,novela romántica,novela romántica,novela romántica,novela romántica,novela romántica,novela romántica,novela romántica
487,subgenre-current,novela romántica,other,80,,2,1,nh0220,novela romántica,novela romántica,novela romántica,novela romántica,novela romántica,novela romántica,novela romántica,novela romántica,novela romántica,novela romántica,novela romántica
488,subgenre-current,novela romántica,other,80,,2,1,nh0221,other,other,other,other,other,other,other,other,other,other,other
489,subgenre-current,novela romántica,other,80,,2,1,nh0223,other,other,other,other,other,other,other,other,other,other,other
490,subgenre-current,novela romántica,other,80,,2,1,nh0224,novela romántica,novela romántica,novela romántica,novela romántica,novela romántica,novela romántica,novela romántica,novela romántica,novela romántica,novela romántica,novela romántica
491,subgenre-current,novela romántica,other,80,,2,1,nh0225,novela romántica,novela romántica,novela romántica,novela romántica,novela romántica,novela romántica,novela romántica,novela romántica,novela romántica,novela romántica,novela romántica
492,subgenre-current,novela romántica,other,80,,2,1,nh0226,novela romántica,novela romántica,novela romántica,novela romántica,novela romántica,novela romántica,novela romántica,novela romántica,novela romántica,novela romántica,novela romántica
493,subgenre-current,novela romántica,other,80,,2,1,nh0227,novela romántica,novela romántica,novela romántica,novela romántica,novela romántica,novela romántica,novela romántica,novela romántica,novela romántica,novela romántica,novela romántica
494,subgenre-current,novela romántica,other,80,,2,1,nh0229,other,other,other,other,other,other,other,other,other,other,other
495,subgenre-current,novela romántica,other,80,,2,1,nh0230,other,other,other,other,other,other,other,other,other,other,other
496,subgenre-current,novela romántica,other,80,,2,1,nh0232,other,other,other,other,other,other,other,other,other,other,other
497,subgenre-current,novela romántica,other,80,,2,1,nh0235,other,other,other,other,other,other,other,other,other,other,other
498,subgenre-current,novela romántica,other,80,,2,1,nh0237,novela romántica,novela romántica,novela romántica,novela romántica,novela romántica,novela romántica,novela romántica,novela romántica,novela romántica,novela romántica,novela romántica
499,subgenre-current,novela romántica,other,80,,2,1,nh0239,other,other,other,other,other,other,other,other,other,other,other
500,subgenre-current,novela romántica,other,80,,2,1,nh0244,novela romántica,novela romántica,novela romántica,novela romántica,novela romántica,novela romántica,novela romántica,novela romántica,novela romántica,novela romántica,novela romántica
501,subgenre-current,novela romántica,other,80,,2,1,nh0246,novela romántica,novela romántica,novela romántica,novela romántica,novela romántica,novela romántica,novela romántica,novela romántica,novela romántica,novela romántica,novela romántica
502,subgenre-current,novela romántica,other,80,,2,1,nh0247,novela romántica,novela romántica,novela romántica,novela romántica,novela romántica,novela romántica,novela romántica,novela romántica,novela romántica,novela romántica,novela romántica
503,subgenre-current,novela romántica,other,80,,2,1,nh0248,novela romántica,novela romántica,novela romántica,novela romántica,novela romántica,novela romántica,novela romántica,novela romántica,novela romántica,novela romántica,novela romántica
504,subgenre-current,novela romántica,other,80,,2,1,nh0249,novela romántica,novela romántica,novela romántica,novela romántica,novela romántica,novela romántica,novela romántica,novela romántica,novela romántica,novela romántica,novela romántica
505,subgenre-current,novela romántica,other,80,,2,1,nh0251,novela romántica,novela romántica,novela romántica,novela romántica,novela romántica,novela romántica,novela romántica,novela romántica,novela romántica,novela romántica,novela romántica
506,subgenre-current,novela romántica,other,80,,2,1,nh0252,novela romántica,novela romántica,novela romántica,novela romántica,novela romántica,novela romántica,novela romántica,novela romántica,novela romántica,novela romántica,novela romántica
507,subgenre-current,novela romántica,other,80,,2,1,nh0254,other,other,other,other,other,other,other,other,other,other,other
508,subgenre-current,novela romántica,other,80,,2,1,nh0255,other,other,other,other,other,other,other,other,other,other,other
509,subgenre-current,novela romántica,other,80,,2,1,nh0256,other,other,other,other,other,other,other,other,other,other,other
510,subgenre-current,novela romántica,other,80,,3,1,nh0001,novela romántica,novela romántica,novela romántica,novela romántica,novela romántica,novela romántica,novela romántica,novela romántica,novela romántica,novela romántica,novela romántica
511,subgenre-current,novela romántica,other,80,,3,1,nh0002,other,other,other,other,other,other,other,other,other,other,other
512,subgenre-current,novela romántica,other,80,,3,1,nh0003,novela romántica,novela romántica,novela romántica,novela romántica,novela romántica,novela romántica,novela romántica,novela romántica,novela romántica,novela romántica,novela romántica
513,subgenre-current,novela romántica,other,80,,3,1,nh0007,novela romántica,novela romántica,novela romántica,novela romántica,novela romántica,novela romántica,novela romántica,novela romántica,novela romántica,novela romántica,novela romántica
514,subgenre-current,novela romántica,other,80,,3,1,nh0008,other,other,other,other,other,other,other,other,other,other,other
515,subgenre-current,novela romántica,other,80,,3,1,nh0009,novela romántica,novela romántica,novela romántica,novela romántica,novela romántica,novela romántica,novela romántica,novela romántica,novela romántica,novela romántica,novela romántica
516,subgenre-current,novela romántica,other,80,,3,1,nh0010,other,other,other,other,other,other,other,other,other,other,other
517,subgenre-current,novela romántica,other,80,,3,1,nh0011,other,other,other,other,other,other,other,other,other,other,other
518,subgenre-current,novela romántica,other,80,,3,1,nh0012,other,other,other,other,other,other,other,other,other,other,other
519,subgenre-current,novela romántica,other,80,,3,1,nh0013,other,other,other,other,other,other,other,other,other,other,other
520,subgenre-current,novela romántica,other,80,,3,1,nh0015,other,novela romántica,other,other,other,other,other,other,other,other,other
521,subgenre-current,novela romántica,other,80,,3,1,nh0017,novela romántica,novela romántica,novela romántica,novela romántica,novela romántica,novela romántica,novela romántica,novela romántica,novela romántica,novela romántica,novela romántica
522,subgenre-current,novela romántica,other,80,,3,1,nh0019,other,other,other,other,other,other,other,other,other,other,other
523,subgenre-current,novela romántica,other,80,,3,1,nh0021,novela romántica,other,novela romántica,novela romántica,novela romántica,novela romántica,novela romántica,novela romántica,novela romántica,novela romántica,novela romántica
524,subgenre-current,novela romántica,other,80,,3,1,nh0022,other,other,other,other,other,other,other,other,other,other,other
525,subgenre-current,novela romántica,other,80,,3,1,nh0023,other,other,other,other,other,other,other,other,other,other,other
526,subgenre-current,novela romántica,other,80,,3,1,nh0024,novela romántica,novela romántica,novela romántica,novela romántica,novela romántica,novela romántica,novela romántica,novela romántica,novela romántica,novela romántica,novela romántica
527,subgenre-current,novela romántica,other,80,,3,1,nh0025,novela romántica,novela romántica,novela romántica,novela romántica,novela romántica,novela romántica,novela romántica,novela romántica,novela romántica,novela romántica,novela romántica
528,subgenre-current,novela romántica,other,80,,3,1,nh0026,novela romántica,novela romántica,novela romántica,novela romántica,novela romántica,novela romántica,novela romántica,novela romántica,novela romántica,novela romántica,novela romántica
529,subgenre-current,novela romántica,other,80,,3,1,nh0027,other,other,other,other,other,other,other,other,other,other,other
530,subgenre-current,novela romántica,other,80,,3,1,nh0028,other,other,novela romántica,other,other,other,other,other,other,other,other
531,subgenre-current,novela romántica,other,80,,3,1,nh0029,other,other,other,other,other,other,other,other,other,other,other
532,subgenre-current,novela romántica,other,80,,3,1,nh0030,other,other,other,other,other,other,other,other,other,other,other
533,subgenre-current,novela romántica,other,80,,3,1,nh0031,other,other,other,other,other,other,other,other,other,other,other
534,subgenre-current,novela romántica,other,80,,3,1,nh0032,other,other,other,other,other,other,other,other,other,other,other
535,subgenre-current,novela romántica,other,80,,3,1,nh0033,other,other,other,other,other,other,other,other,other,other,other
536,subgenre-current,novela romántica,other,80,,3,1,nh0034,other,other,other,other,other,other,other,other,other,other,other
537,subgenre-current,novela romántica,other,80,,3,1,nh0035,novela romántica,novela romántica,novela romántica,novela romántica,novela romántica,novela romántica,novela romántica,novela romántica,novela romántica,novela romántica,novela romántica
538,subgenre-current,novela romántica,other,80,,3,1,nh0036,other,other,other,other,other,other,other,other,other,other,other
539,subgenre-current,novela romántica,other,80,,3,1,nh0037,novela romántica,novela romántica,novela romántica,novela romántica,novela romántica,novela romántica,novela romántica,novela romántica,novela romántica,novela romántica,novela romántica
540,subgenre-current,novela romántica,other,80,,3,1,nh0038,other,other,other,other,other,other,other,other,other,other,other
541,subgenre-current,novela romántica,other,80,,3,1,nh0039,other,other,other,other,other,other,other,other,other,other,other
542,subgenre-current,novela romántica,other,80,,3,1,nh0040,novela romántica,novela romántica,novela romántica,novela romántica,novela romántica,novela romántica,novela romántica,novela romántica,novela romántica,novela romántica,novela romántica
543,subgenre-current,novela romántica,other,80,,3,1,nh0041,novela romántica,novela romántica,novela romántica,novela romántica,novela romántica,novela romántica,novela romántica,novela romántica,novela romántica,novela romántica,novela romántica
544,subgenre-current,novela romántica,other,80,,3,1,nh0043,novela romántica,novela romántica,novela romántica,novela romántica,novela romántica,novela romántica,novela romántica,novela romántica,novela romántica,novela romántica,novela romántica
545,subgenre-current,novela romántica,other,80,,3,1,nh0044,other,other,other,other,other,other,other,other,other,other,other
546,subgenre-current,novela romántica,other,80,,3,1,nh0045,novela romántica,novela romántica,novela romántica,novela romántica,novela romántica,novela romántica,novela romántica,novela romántica,novela romántica,novela romántica,novela romántica
547,subgenre-current,novela romántica,other,80,,3,1,nh0046,other,other,other,other,other,other,other,other,other,other,other
548,subgenre-current,novela romántica,other,80,,3,1,nh0047,other,other,other,other,other,other,other,other,other,other,other
549,subgenre-current,novela romántica,other,80,,3,1,nh0048,other,other,other,other,other,other,other,other,other,other,other
550,subgenre-current,novela romántica,other,80,,3,1,nh0049,novela romántica,novela romántica,novela romántica,novela romántica,novela romántica,novela romántica,novela romántica,novela romántica,novela romántica,novela romántica,novela romántica
551,subgenre-current,novela romántica,other,80,,3,1,nh0050,novela romántica,novela romántica,novela romántica,novela romántica,novela romántica,novela romántica,novela romántica,novela romántica,novela romántica,novela romántica,novela romántica
552,subgenre-current,novela romántica,other,80,,3,1,nh0052,other,other,other,other,other,other,other,other,other,other,other
553,subgenre-current,novela romántica,other,80,,3,1,nh0053,novela romántica,novela romántica,novela romántica,novela romántica,novela romántica,novela romántica,novela romántica,novela romántica,novela romántica,novela romántica,novela romántica
554,subgenre-current,novela romántica,other,80,,3,1,nh0057,other,other,other,other,other,other,other,other,other,other,other
555,subgenre-current,novela romántica,other,80,,3,1,nh0058,other,other,other,other,other,other,other,other,other,other,other
556,subgenre-current,novela romántica,other,80,,3,1,nh0059,other,other,other,other,other,other,other,other,other,other,other
557,subgenre-current,novela romántica,other,80,,3,1,nh0060,other,other,other,other,other,other,other,other,other,other,other
558,subgenre-current,novela romántica,other,80,,3,1,nh0061,novela romántica,novela romántica,novela romántica,other,novela romántica,novela romántica,novela romántica,novela romántica,novela romántica,novela romántica,novela romántica
559,subgenre-current,novela romántica,other,80,,3,1,nh0062,other,other,other,other,other,other,other,other,other,other,other
560,subgenre-current,novela romántica,other,80,,3,1,nh0063,novela romántica,novela romántica,novela romántica,novela romántica,novela romántica,novela romántica,novela romántica,novela romántica,novela romántica,novela romántica,novela romántica
561,subgenre-current,novela romántica,other,80,,3,1,nh0065,novela romántica,novela romántica,novela romántica,novela romántica,novela romántica,novela romántica,novela romántica,novela romántica,novela romántica,novela romántica,novela romántica
562,subgenre-current,novela romántica,other,80,,3,1,nh0067,other,other,other,other,other,other,other,other,other,other,other
563,subgenre-current,novela romántica,other,80,,3,1,nh0068,other,other,other,other,other,other,other,other,other,other,other
564,subgenre-current,novela romántica,other,80,,3,1,nh0069,novela romántica,novela romántica,novela romántica,novela romántica,novela romántica,novela romántica,novela romántica,novela romántica,novela romántica,novela romántica,novela romántica
565,subgenre-current,novela romántica,other,80,,3,1,nh0071,novela romántica,novela romántica,novela romántica,novela romántica,novela romántica,novela romántica,novela romántica,novela romántica,novela romántica,novela romántica,novela romántica
566,subgenre-current,novela romántica,other,80,,3,1,nh0072,novela romántica,novela romántica,novela romántica,novela romántica,novela romántica,novela romántica,novela romántica,novela romántica,novela romántica,novela romántica,novela romántica
567,subgenre-current,novela romántica,other,80,,3,1,nh0073,novela romántica,novela romántica,novela romántica,novela romántica,novela romántica,novela romántica,novela romántica,novela romántica,novela romántica,novela romántica,novela romántica
568,subgenre-current,novela romántica,other,80,,3,1,nh0074,other,other,other,other,other,other,other,other,other,other,other
569,subgenre-current,novela romántica,other,80,,3,1,nh0075,other,other,other,other,other,other,other,other,other,other,other
570,subgenre-current,novela romántica,other,80,,3,1,nh0076,other,other,other,other,other,other,other,other,other,other,other
571,subgenre-current,novela romántica,other,80,,3,1,nh0080,other,other,other,other,other,other,other,other,other,other,other
572,subgenre-current,novela romántica,other,80,,3,1,nh0082,novela romántica,novela romántica,novela romántica,other,novela romántica,novela romántica,novela romántica,novela romántica,novela romántica,novela romántica,novela romántica
573,subgenre-current,novela romántica,other,80,,3,1,nh0084,other,other,other,other,other,other,other,other,other,other,other
574,subgenre-current,novela romántica,other,80,,3,1,nh0086,other,other,other,other,other,other,other,other,other,other,other
575,subgenre-current,novela romántica,other,80,,3,1,nh0087,novela romántica,novela romántica,novela romántica,novela romántica,novela romántica,novela romántica,novela romántica,novela romántica,novela romántica,novela romántica,novela romántica
576,subgenre-current,novela romántica,other,80,,3,1,nh0088,other,other,other,other,other,other,other,other,other,other,other
577,subgenre-current,novela romántica,other,80,,3,1,nh0089,other,other,other,other,other,other,other,other,other,other,other
578,subgenre-current,novela romántica,other,80,,3,1,nh0090,other,other,other,other,other,other,novela romántica,other,other,other,other
579,subgenre-current,novela romántica,other,80,,3,1,nh0094,novela romántica,novela romántica,novela romántica,novela romántica,novela romántica,novela romántica,novela romántica,novela romántica,novela romántica,novela romántica,novela romántica
580,subgenre-current,novela romántica,other,80,,3,1,nh0095,novela romántica,novela romántica,novela romántica,novela romántica,novela romántica,novela romántica,novela romántica,novela romántica,novela romántica,novela romántica,novela romántica
581,subgenre-current,novela romántica,other,80,,3,1,nh0098,novela romántica,novela romántica,novela romántica,novela romántica,novela romántica,novela romántica,novela romántica,novela romántica,novela romántica,novela romántica,novela romántica
582,subgenre-current,novela romántica,other,80,,3,1,nh0099,other,other,other,other,other,other,other,other,other,other,other
583,subgenre-current,novela romántica,other,80,,3,1,nh0104,novela romántica,novela romántica,novela romántica,novela romántica,novela romántica,novela romántica,novela romántica,novela romántica,novela romántica,novela romántica,novela romántica
584,subgenre-current,novela romántica,other,80,,3,1,nh0108,novela romántica,novela romántica,novela romántica,novela romántica,other,novela romántica,novela romántica,novela romántica,novela romántica,novela romántica,novela romántica
585,subgenre-current,novela romántica,other,80,,3,1,nh0109,other,other,other,other,other,other,other,other,other,other,other
586,subgenre-current,novela romántica,other,80,,3,1,nh0110,novela romántica,novela romántica,novela romántica,novela romántica,novela romántica,novela romántica,novela romántica,novela romántica,novela romántica,novela romántica,novela romántica
587,subgenre-current,novela romántica,other,80,,3,1,nh0111,novela romántica,novela romántica,novela romántica,novela romántica,novela romántica,novela romántica,novela romántica,novela romántica,novela romántica,novela romántica,novela romántica
588,subgenre-current,novela romántica,other,80,,3,1,nh0114,other,other,other,other,other,other,other,other,other,other,other
589,subgenre-current,novela romántica,other,80,,3,1,nh0115,novela romántica,novela romántica,novela romántica,novela romántica,novela romántica,novela romántica,novela romántica,novela romántica,novela romántica,novela romántica,novela romántica
590,subgenre-current,novela romántica,other,80,,3,1,nh0116,novela romántica,novela romántica,novela romántica,novela romántica,novela romántica,novela romántica,novela romántica,novela romántica,novela romántica,novela romántica,novela romántica
591,subgenre-current,novela romántica,other,80,,3,1,nh0118,novela romántica,novela romántica,novela romántica,novela romántica,novela romántica,other,novela romántica,novela romántica,novela romántica,novela romántica,novela romántica
592,subgenre-current,novela romántica,other,80,,3,1,nh0119,other,other,other,other,other,other,other,other,other,other,other
593,subgenre-current,novela romántica,other,80,,3,1,nh0120,novela romántica,novela romántica,novela romántica,novela romántica,novela romántica,novela romántica,novela romántica,novela romántica,novela romántica,novela romántica,novela romántica
594,subgenre-current,novela romántica,other,80,,3,1,nh0121,novela romántica,novela romántica,novela romántica,novela romántica,novela romántica,novela romántica,novela romántica,novela romántica,novela romántica,novela romántica,novela romántica
595,subgenre-current,novela romántica,other,80,,3,1,nh0122,novela romántica,novela romántica,novela romántica,novela romántica,novela romántica,novela romántica,novela romántica,novela romántica,novela romántica,novela romántica,novela romántica
596,subgenre-current,novela romántica,other,80,,3,1,nh0124,novela romántica,novela romántica,novela romántica,novela romántica,novela romántica,novela romántica,novela romántica,novela romántica,novela romántica,novela romántica,novela romántica
597,subgenre-current,novela romántica,other,80,,3,1,nh0126,novela romántica,novela romántica,novela romántica,novela romántica,novela romántica,novela romántica,novela romántica,novela romántica,novela romántica,novela romántica,novela romántica
598,subgenre-current,novela romántica,other,80,,3,1,nh0127,other,other,other,other,other,other,other,other,other,other,other
599,subgenre-current,novela romántica,other,80,,3,1,nh0131,novela romántica,novela romántica,novela romántica,novela romántica,novela romántica,novela romántica,novela romántica,novela romántica,novela romántica,novela romántica,novela romántica
600,subgenre-current,novela romántica,other,80,,3,1,nh0133,other,other,other,other,other,other,other,other,other,other,other
601,subgenre-current,novela romántica,other,80,,3,1,nh0135,other,other,other,other,other,other,novela romántica,other,other,other,other
602,subgenre-current,novela romántica,other,80,,3,1,nh0136,other,other,other,other,other,other,other,other,other,other,other
603,subgenre-current,novela romántica,other,80,,3,1,nh0140,novela romántica,novela romántica,novela romántica,novela romántica,novela romántica,novela romántica,novela romántica,novela romántica,novela romántica,novela romántica,novela romántica
604,subgenre-current,novela romántica,other,80,,3,1,nh0141,novela romántica,novela romántica,novela romántica,novela romántica,novela romántica,novela romántica,novela romántica,novela romántica,novela romántica,novela romántica,novela romántica
605,subgenre-current,novela romántica,other,80,,3,1,nh0144,novela romántica,novela romántica,novela romántica,novela romántica,novela romántica,novela romántica,other,novela romántica,novela romántica,novela romántica,novela romántica
606,subgenre-current,novela romántica,other,80,,3,1,nh0145,novela romántica,novela romántica,novela romántica,novela romántica,novela romántica,novela romántica,other,novela romántica,novela romántica,novela romántica,novela romántica
607,subgenre-current,novela romántica,other,80,,3,1,nh0146,novela romántica,novela romántica,novela romántica,novela romántica,novela romántica,novela romántica,novela romántica,novela romántica,novela romántica,novela romántica,novela romántica
608,subgenre-current,novela romántica,other,80,,3,1,nh0148,other,other,other,other,other,other,other,other,other,other,other
609,subgenre-current,novela romántica,other,80,,3,1,nh0149,novela romántica,novela romántica,novela romántica,novela romántica,novela romántica,novela romántica,novela romántica,novela romántica,novela romántica,novela romántica,novela romántica
610,subgenre-current,novela romántica,other,80,,3,1,nh0151,novela romántica,novela romántica,novela romántica,novela romántica,novela romántica,novela romántica,novela romántica,novela romántica,novela romántica,novela romántica,novela romántica
611,subgenre-current,novela romántica,other,80,,3,1,nh0152,novela romántica,novela romántica,novela romántica,novela romántica,novela romántica,novela romántica,novela romántica,novela romántica,novela romántica,novela romántica,novela romántica
612,subgenre-current,novela romántica,other,80,,3,1,nh0155,other,other,other,other,other,other,other,other,other,other,other
613,subgenre-current,novela romántica,other,80,,3,1,nh0156,novela romántica,novela romántica,novela romántica,novela romántica,novela romántica,novela romántica,novela romántica,novela romántica,novela romántica,novela romántica,novela romántica
614,subgenre-current,novela romántica,other,80,,3,1,nh0157,novela romántica,novela romántica,novela romántica,novela romántica,novela romántica,novela romántica,novela romántica,novela romántica,novela romántica,novela romántica,novela romántica
615,subgenre-current,novela romántica,other,80,,3,1,nh0159,novela romántica,novela romántica,novela romántica,novela romántica,novela romántica,novela romántica,novela romántica,novela romántica,novela romántica,novela romántica,novela romántica
616,subgenre-current,novela romántica,other,80,,3,1,nh0161,novela romántica,novela romántica,novela romántica,novela romántica,novela romántica,novela romántica,novela romántica,novela romántica,novela romántica,novela romántica,novela romántica
617,subgenre-current,novela romántica,other,80,,3,1,nh0162,novela romántica,novela romántica,novela romántica,novela romántica,novela romántica,novela romántica,novela romántica,novela romántica,novela romántica,novela romántica,novela romántica
618,subgenre-current,novela romántica,other,80,,3,1,nh0163,other,other,other,other,other,other,other,other,other,other,other
619,subgenre-current,novela romántica,other,80,,3,1,nh0164,other,other,other,other,other,other,other,other,other,other,other
620,subgenre-current,novela romántica,other,80,,3,1,nh0165,other,other,other,other,other,other,other,other,other,other,other
621,subgenre-current,novela romántica,other,80,,3,1,nh0169,novela romántica,novela romántica,novela romántica,novela romántica,novela romántica,novela romántica,novela romántica,novela romántica,novela romántica,novela romántica,novela romántica
622,subgenre-current,novela romántica,other,80,,3,1,nh0172,novela romántica,novela romántica,novela romántica,novela romántica,novela romántica,novela romántica,novela romántica,novela romántica,novela romántica,novela romántica,novela romántica
623,subgenre-current,novela romántica,other,80,,3,1,nh0173,other,other,other,other,other,other,other,other,other,other,other
624,subgenre-current,novela romántica,other,80,,3,1,nh0174,other,other,other,other,other,other,other,other,other,other,other
625,subgenre-current,novela romántica,other,80,,3,1,nh0175,other,other,other,other,other,other,other,other,other,other,other
626,subgenre-current,novela romántica,other,80,,3,1,nh0177,other,other,other,other,other,other,other,other,other,other,other
627,subgenre-current,novela romántica,other,80,,3,1,nh0178,novela romántica,novela romántica,novela romántica,novela romántica,novela romántica,novela romántica,novela romántica,novela romántica,novela romántica,novela romántica,novela romántica
628,subgenre-current,novela romántica,other,80,,3,1,nh0179,other,other,other,other,other,other,other,other,other,other,other
629,subgenre-current,novela romántica,other,80,,3,1,nh0180,novela romántica,novela romántica,novela romántica,novela romántica,novela romántica,novela romántica,novela romántica,novela romántica,novela romántica,novela romántica,novela romántica
630,subgenre-current,novela romántica,other,80,,3,1,nh0181,novela romántica,novela romántica,novela romántica,novela romántica,novela romántica,novela romántica,novela romántica,novela romántica,novela romántica,novela romántica,novela romántica
631,subgenre-current,novela romántica,other,80,,3,1,nh0183,novela romántica,novela romántica,novela romántica,novela romántica,novela romántica,novela romántica,novela romántica,novela romántica,novela romántica,novela romántica,novela romántica
632,subgenre-current,novela romántica,other,80,,3,1,nh0188,novela romántica,novela romántica,novela romántica,novela romántica,novela romántica,novela romántica,novela romántica,novela romántica,novela romántica,novela romántica,novela romántica
633,subgenre-current,novela romántica,other,80,,3,1,nh0189,other,other,other,other,other,other,other,other,other,other,other
634,subgenre-current,novela romántica,other,80,,3,1,nh0190,other,other,other,other,other,other,other,other,other,other,other
635,subgenre-current,novela romántica,other,80,,3,1,nh0191,other,other,other,other,other,other,other,other,other,other,other
636,subgenre-current,novela romántica,other,80,,3,1,nh0192,other,other,other,other,other,other,other,other,other,other,other
637,subgenre-current,novela romántica,other,80,,3,1,nh0193,other,other,other,other,other,other,other,other,other,other,other
638,subgenre-current,novela romántica,other,80,,3,1,nh0194,other,other,other,other,other,other,other,other,other,other,other
639,subgenre-current,novela romántica,other,80,,3,1,nh0196,novela romántica,novela romántica,novela romántica,novela romántica,novela romántica,novela romántica,novela romántica,novela romántica,novela romántica,novela romántica,novela romántica
640,subgenre-current,novela romántica,other,80,,3,1,nh0197,novela romántica,novela romántica,novela romántica,novela romántica,novela romántica,novela romántica,novela romántica,novela romántica,novela romántica,novela romántica,novela romántica
641,subgenre-current,novela romántica,other,80,,3,1,nh0198,other,other,other,other,other,other,other,other,other,other,other
642,subgenre-current,novela romántica,other,80,,3,1,nh0199,novela romántica,novela romántica,novela romántica,novela romántica,novela romántica,novela romántica,novela romántica,novela romántica,novela romántica,novela romántica,novela romántica
643,subgenre-current,novela romántica,other,80,,3,1,nh0201,novela romántica,novela romántica,novela romántica,novela romántica,novela romántica,novela romántica,novela romántica,novela romántica,novela romántica,novela romántica,novela romántica
644,subgenre-current,novela romántica,other,80,,3,1,nh0202,other,other,other,other,other,other,other,other,other,novela romántica,other
645,subgenre-current,novela romántica,other,80,,3,1,nh0203,novela romántica,novela romántica,novela romántica,novela romántica,novela romántica,novela romántica,novela romántica,novela romántica,novela romántica,novela romántica,novela romántica
646,subgenre-current,novela romántica,other,80,,3,1,nh0204,other,other,other,other,other,other,other,other,other,other,other
647,subgenre-current,novela romántica,other,80,,3,1,nh0205,other,other,other,other,other,other,other,other,other,other,other
648,subgenre-current,novela romántica,other,80,,3,1,nh0206,other,other,other,other,other,other,other,other,other,novela romántica,other
649,subgenre-current,novela romántica,other,80,,3,1,nh0208,other,other,other,other,other,other,other,other,other,other,other
650,subgenre-current,novela romántica,other,80,,3,1,nh0210,other,other,other,other,other,other,other,other,other,novela romántica,other
651,subgenre-current,novela romántica,other,80,,3,1,nh0214,other,other,other,other,other,other,other,other,other,novela romántica,other
652,subgenre-current,novela romántica,other,80,,3,1,nh0216,novela romántica,novela romántica,novela romántica,novela romántica,novela romántica,novela romántica,novela romántica,novela romántica,novela romántica,novela romántica,novela romántica
653,subgenre-current,novela romántica,other,80,,3,1,nh0217,other,other,other,other,other,other,other,other,other,other,other
654,subgenre-current,novela romántica,other,80,,3,1,nh0219,novela romántica,novela romántica,novela romántica,novela romántica,novela romántica,novela romántica,novela romántica,novela romántica,novela romántica,novela romántica,novela romántica
655,subgenre-current,novela romántica,other,80,,3,1,nh0220,novela romántica,novela romántica,novela romántica,novela romántica,novela romántica,novela romántica,novela romántica,novela romántica,novela romántica,novela romántica,novela romántica
656,subgenre-current,novela romántica,other,80,,3,1,nh0221,other,other,other,other,other,other,other,other,other,other,other
657,subgenre-current,novela romántica,other,80,,3,1,nh0223,other,other,other,other,other,other,other,other,other,other,other
658,subgenre-current,novela romántica,other,80,,3,1,nh0225,novela romántica,novela romántica,novela romántica,novela romántica,novela romántica,novela romántica,novela romántica,novela romántica,novela romántica,novela romántica,novela romántica
659,subgenre-current,novela romántica,other,80,,3,1,nh0226,novela romántica,novela romántica,novela romántica,novela romántica,novela romántica,novela romántica,novela romántica,novela romántica,novela romántica,novela romántica,novela romántica
660,subgenre-current,novela romántica,other,80,,3,1,nh0227,novela romántica,novela romántica,novela romántica,novela romántica,novela romántica,novela romántica,novela romántica,novela romántica,novela romántica,novela romántica,novela romántica
661,subgenre-current,novela romántica,other,80,,3,1,nh0229,other,other,other,other,other,other,other,other,other,other,other
662,subgenre-current,novela romántica,other,80,,3,1,nh0230,other,other,other,other,other,other,other,other,other,other,other
663,subgenre-current,novela romántica,other,80,,3,1,nh0232,other,other,other,other,other,other,other,other,other,other,other
664,subgenre-current,novela romántica,other,80,,3,1,nh0234,novela romántica,novela romántica,novela romántica,novela romántica,novela romántica,novela romántica,novela romántica,novela romántica,novela romántica,novela romántica,novela romántica
665,subgenre-current,novela romántica,other,80,,3,1,nh0235,other,other,other,other,other,other,other,other,other,other,other
666,subgenre-current,novela romántica,other,80,,3,1,nh0237,novela romántica,novela romántica,novela romántica,novela romántica,novela romántica,novela romántica,novela romántica,novela romántica,novela romántica,novela romántica,novela romántica
667,subgenre-current,novela romántica,other,80,,3,1,nh0238,novela romántica,novela romántica,novela romántica,novela romántica,novela romántica,novela romántica,novela romántica,novela romántica,novela romántica,novela romántica,novela romántica
668,subgenre-current,novela romántica,other,80,,3,1,nh0239,other,other,other,other,other,other,other,other,other,other,other
669,subgenre-current,novela romántica,other,80,,3,1,nh0240,novela romántica,novela romántica,novela romántica,novela romántica,novela romántica,novela romántica,novela romántica,novela romántica,novela romántica,novela romántica,novela romántica
670,subgenre-current,novela romántica,other,80,,3,1,nh0246,novela romántica,novela romántica,novela romántica,novela romántica,novela romántica,novela romántica,novela romántica,novela romántica,novela romántica,novela romántica,novela romántica
671,subgenre-current,novela romántica,other,80,,3,1,nh0247,novela romántica,novela romántica,novela romántica,novela romántica,novela romántica,novela romántica,novela romántica,novela romántica,novela romántica,novela romántica,novela romántica
672,subgenre-current,novela romántica,other,80,,3,1,nh0249,novela romántica,novela romántica,novela romántica,novela romántica,novela romántica,novela romántica,novela romántica,novela romántica,novela romántica,novela romántica,novela romántica
673,subgenre-current,novela romántica,other,80,,3,1,nh0250,novela romántica,novela romántica,novela romántica,novela romántica,novela romántica,novela romántica,novela romántica,novela romántica,novela romántica,novela romántica,novela romántica
674,subgenre-current,novela romántica,other,80,,3,1,nh0251,novela romántica,novela romántica,novela romántica,novela romántica,novela romántica,novela romántica,novela romántica,novela romántica,novela romántica,novela romántica,novela romántica
675,subgenre-current,novela romántica,other,80,,3,1,nh0252,novela romántica,novela romántica,novela romántica,novela romántica,novela romántica,novela romántica,novela romántica,novela romántica,novela romántica,novela romántica,novela romántica
676,subgenre-current,novela romántica,other,80,,3,1,nh0253,novela romántica,novela romántica,novela romántica,novela romántica,novela romántica,novela romántica,novela romántica,novela romántica,novela romántica,novela romántica,novela romántica
677,subgenre-current,novela romántica,other,80,,3,1,nh0254,other,other,other,other,other,other,other,other,other,other,other
678,subgenre-current,novela romántica,other,80,,3,1,nh0255,other,other,other,other,other,other,other,other,other,other,other
679,subgenre-current,novela romántica,other,80,,3,1,nh0256,other,other,other,other,other,other,other,other,other,other,other
680,subgenre-current,novela romántica,other,80,,4,1,nh0001,novela romántica,novela romántica,novela romántica,novela romántica,novela romántica,novela romántica,novela romántica,novela romántica,novela romántica,novela romántica,novela romántica
681,subgenre-current,novela romántica,other,80,,4,1,nh0002,other,other,other,other,other,other,other,other,other,other,other
682,subgenre-current,novela romántica,other,80,,4,1,nh0005,novela romántica,novela romántica,novela romántica,novela romántica,novela romántica,novela romántica,novela romántica,novela romántica,novela romántica,novela romántica,novela romántica
683,subgenre-current,novela romántica,other,80,,4,1,nh0006,novela romántica,novela romántica,novela romántica,novela romántica,novela romántica,novela romántica,novela romántica,novela romántica,novela romántica,novela romántica,novela romántica
684,subgenre-current,novela romántica,other,80,,4,1,nh0008,other,other,other,other,other,other,other,other,other,other,other
685,subgenre-current,novela romántica,other,80,,4,1,nh0010,other,other,other,other,other,other,other,other,other,other,other
686,subgenre-current,novela romántica,other,80,,4,1,nh0011,other,other,other,other,other,other,other,other,other,other,other
687,subgenre-current,novela romántica,other,80,,4,1,nh0012,other,other,other,other,other,other,other,other,other,other,other
688,subgenre-current,novela romántica,other,80,,4,1,nh0013,other,other,other,other,other,other,other,other,other,other,other
689,subgenre-current,novela romántica,other,80,,4,1,nh0015,other,novela romántica,other,other,other,other,other,other,other,other,other
690,subgenre-current,novela romántica,other,80,,4,1,nh0016,novela romántica,other,novela romántica,novela romántica,novela romántica,novela romántica,novela romántica,novela romántica,novela romántica,novela romántica,novela romántica
691,subgenre-current,novela romántica,other,80,,4,1,nh0017,novela romántica,novela romántica,novela romántica,novela romántica,novela romántica,novela romántica,novela romántica,novela romántica,novela romántica,novela romántica,novela romántica
692,subgenre-current,novela romántica,other,80,,4,1,nh0019,other,other,other,other,other,other,other,other,other,other,other
693,subgenre-current,novela romántica,other,80,,4,1,nh0021,novela romántica,other,novela romántica,novela romántica,novela romántica,novela romántica,novela romántica,novela romántica,novela romántica,novela romántica,novela romántica
694,subgenre-current,novela romántica,other,80,,4,1,nh0022,other,other,novela romántica,other,other,other,other,other,other,other,other
695,subgenre-current,novela romántica,other,80,,4,1,nh0023,other,other,other,other,other,other,other,other,other,other,other
696,subgenre-current,novela romántica,other,80,,4,1,nh0024,novela romántica,novela romántica,novela romántica,novela romántica,novela romántica,novela romántica,novela romántica,novela romántica,novela romántica,novela romántica,novela romántica
697,subgenre-current,novela romántica,other,80,,4,1,nh0025,novela romántica,novela romántica,novela romántica,novela romántica,novela romántica,novela romántica,novela romántica,novela romántica,novela romántica,novela romántica,novela romántica
698,subgenre-current,novela romántica,other,80,,4,1,nh0026,novela romántica,novela romántica,novela romántica,novela romántica,novela romántica,novela romántica,novela romántica,novela romántica,novela romántica,novela romántica,novela romántica
699,subgenre-current,novela romántica,other,80,,4,1,nh0027,other,other,other,other,other,other,other,other,other,other,other
700,subgenre-current,novela romántica,other,80,,4,1,nh0028,other,other,novela romántica,other,other,other,other,other,other,other,other
701,subgenre-current,novela romántica,other,80,,4,1,nh0029,other,other,other,other,other,other,other,other,other,other,other
702,subgenre-current,novela romántica,other,80,,4,1,nh0030,other,other,other,other,other,other,other,other,other,other,other
703,subgenre-current,novela romántica,other,80,,4,1,nh0031,other,other,other,other,other,other,other,other,other,other,other
704,subgenre-current,novela romántica,other,80,,4,1,nh0032,other,other,other,other,other,other,other,other,other,other,other
705,subgenre-current,novela romántica,other,80,,4,1,nh0033,other,other,other,other,other,other,other,other,other,other,other
706,subgenre-current,novela romántica,other,80,,4,1,nh0034,other,other,other,other,other,other,other,other,other,other,other
707,subgenre-current,novela romántica,other,80,,4,1,nh0035,novela romántica,novela romántica,novela romántica,novela romántica,novela romántica,novela romántica,novela romántica,novela romántica,novela romántica,novela romántica,novela romántica
708,subgenre-current,novela romántica,other,80,,4,1,nh0036,other,other,other,other,other,other,other,other,other,other,other
709,subgenre-current,novela romántica,other,80,,4,1,nh0037,novela romántica,novela romántica,novela romántica,novela romántica,novela romántica,novela romántica,novela romántica,novela romántica,novela romántica,novela romántica,novela romántica
710,subgenre-current,novela romántica,other,80,,4,1,nh0038,other,other,other,other,other,other,other,other,other,other,other
711,subgenre-current,novela romántica,other,80,,4,1,nh0039,other,other,other,other,other,other,other,other,other,other,other
712,subgenre-current,novela romántica,other,80,,4,1,nh0040,novela romántica,novela romántica,novela romántica,novela romántica,novela romántica,novela romántica,novela romántica,novela romántica,novela romántica,novela romántica,novela romántica
713,subgenre-current,novela romántica,other,80,,4,1,nh0044,other,other,other,other,other,other,other,other,other,other,other
714,subgenre-current,novela romántica,other,80,,4,1,nh0045,novela romántica,novela romántica,novela romántica,novela romántica,novela romántica,novela romántica,novela romántica,novela romántica,novela romántica,novela romántica,novela romántica
715,subgenre-current,novela romántica,other,80,,4,1,nh0046,other,other,other,other,other,other,other,other,other,other,other
716,subgenre-current,novela romántica,other,80,,4,1,nh0047,other,other,other,other,other,other,other,other,other,other,other
717,subgenre-current,novela romántica,other,80,,4,1,nh0048,other,other,other,other,other,other,other,other,other,other,other
718,subgenre-current,novela romántica,other,80,,4,1,nh0052,other,other,other,other,other,other,other,other,other,other,other
719,subgenre-current,novela romántica,other,80,,4,1,nh0053,novela romántica,novela romántica,novela romántica,novela romántica,novela romántica,novela romántica,novela romántica,novela romántica,novela romántica,novela romántica,novela romántica
720,subgenre-current,novela romántica,other,80,,4,1,nh0055,novela romántica,novela romántica,other,novela romántica,novela romántica,novela romántica,novela romántica,novela romántica,novela romántica,novela romántica,novela romántica
721,subgenre-current,novela romántica,other,80,,4,1,nh0057,other,other,other,other,other,other,other,other,other,other,other
722,subgenre-current,novela romántica,other,80,,4,1,nh0058,other,other,other,other,other,other,other,other,other,other,other
723,subgenre-current,novela romántica,other,80,,4,1,nh0059,other,other,other,other,other,other,other,other,other,other,other
724,subgenre-current,novela romántica,other,80,,4,1,nh0060,other,other,other,other,other,other,other,other,other,other,other
725,subgenre-current,novela romántica,other,80,,4,1,nh0061,novela romántica,novela romántica,novela romántica,novela romántica,novela romántica,novela romántica,novela romántica,novela romántica,novela romántica,novela romántica,novela romántica
726,subgenre-current,novela romántica,other,80,,4,1,nh0062,other,other,other,other,other,other,other,other,other,other,other
727,subgenre-current,novela romántica,other,80,,4,1,nh0064,novela romántica,novela romántica,novela romántica,novela romántica,novela romántica,novela romántica,novela romántica,novela romántica,novela romántica,novela romántica,novela romántica
728,subgenre-current,novela romántica,other,80,,4,1,nh0065,novela romántica,novela romántica,novela romántica,novela romántica,novela romántica,novela romántica,novela romántica,novela romántica,novela romántica,novela romántica,novela romántica
729,subgenre-current,novela romántica,other,80,,4,1,nh0067,other,other,other,other,other,other,other,other,other,other,other
730,subgenre-current,novela romántica,other,80,,4,1,nh0068,other,other,other,other,other,other,other,other,other,other,other
731,subgenre-current,novela romántica,other,80,,4,1,nh0069,novela romántica,novela romántica,novela romántica,novela romántica,novela romántica,novela romántica,novela romántica,novela romántica,novela romántica,novela romántica,novela romántica
732,subgenre-current,novela romántica,other,80,,4,1,nh0071,novela romántica,novela romántica,novela romántica,novela romántica,novela romántica,novela romántica,novela romántica,novela romántica,novela romántica,novela romántica,novela romántica
733,subgenre-current,novela romántica,other,80,,4,1,nh0072,novela romántica,novela romántica,novela romántica,novela romántica,novela romántica,novela romántica,novela romántica,novela romántica,novela romántica,novela romántica,novela romántica
734,subgenre-current,novela romántica,other,80,,4,1,nh0074,other,other,other,other,other,other,other,other,other,other,other
735,subgenre-current,novela romántica,other,80,,4,1,nh0075,other,other,other,other,other,other,other,other,other,other,other
736,subgenre-current,novela romántica,other,80,,4,1,nh0076,other,other,other,other,other,other,other,other,other,other,other
737,subgenre-current,novela romántica,other,80,,4,1,nh0080,other,other,other,other,other,other,other,other,other,other,other
738,subgenre-current,novela romántica,other,80,,4,1,nh0082,novela romántica,novela romántica,novela romántica,other,novela romántica,novela romántica,novela romántica,novela romántica,novela romántica,novela romántica,novela romántica
739,subgenre-current,novela romántica,other,80,,4,1,nh0084,other,other,other,other,other,other,other,other,other,other,other
740,subgenre-current,novela romántica,other,80,,4,1,nh0085,novela romántica,novela romántica,novela romántica,novela romántica,novela romántica,novela romántica,novela romántica,novela romántica,novela romántica,novela romántica,novela romántica
741,subgenre-current,novela romántica,other,80,,4,1,nh0086,other,other,other,other,other,other,other,other,other,other,other
742,subgenre-current,novela romántica,other,80,,4,1,nh0087,novela romántica,novela romántica,novela romántica,novela romántica,novela romántica,novela romántica,novela romántica,novela romántica,novela romántica,novela romántica,novela romántica
743,subgenre-current,novela romántica,other,80,,4,1,nh0088,other,other,other,other,other,other,other,other,other,other,other
744,subgenre-current,novela romántica,other,80,,4,1,nh0089,other,other,other,other,other,other,other,other,other,other,other
745,subgenre-current,novela romántica,other,80,,4,1,nh0090,other,other,other,other,other,other,novela romántica,other,other,other,other
746,subgenre-current,novela romántica,other,80,,4,1,nh0092,novela romántica,novela romántica,novela romántica,novela romántica,novela romántica,novela romántica,novela romántica,novela romántica,novela romántica,novela romántica,novela romántica
747,subgenre-current,novela romántica,other,80,,4,1,nh0095,novela romántica,novela romántica,novela romántica,novela romántica,novela romántica,novela romántica,novela romántica,novela romántica,novela romántica,novela romántica,novela romántica
748,subgenre-current,novela romántica,other,80,,4,1,nh0096,novela romántica,novela romántica,novela romántica,novela romántica,novela romántica,novela romántica,novela romántica,novela romántica,novela romántica,novela romántica,novela romántica
749,subgenre-current,novela romántica,other,80,,4,1,nh0097,novela romántica,novela romántica,novela romántica,novela romántica,novela romántica,novela romántica,novela romántica,novela romántica,novela romántica,novela romántica,novela romántica
750,subgenre-current,novela romántica,other,80,,4,1,nh0098,novela romántica,novela romántica,novela romántica,novela romántica,novela romántica,novela romántica,novela romántica,novela romántica,novela romántica,novela romántica,novela romántica
751,subgenre-current,novela romántica,other,80,,4,1,nh0099,other,other,other,other,other,other,other,other,other,other,other
752,subgenre-current,novela romántica,other,80,,4,1,nh0102,novela romántica,novela romántica,novela romántica,novela romántica,novela romántica,novela romántica,novela romántica,novela romántica,novela romántica,novela romántica,novela romántica
753,subgenre-current,novela romántica,other,80,,4,1,nh0104,novela romántica,novela romántica,novela romántica,novela romántica,novela romántica,novela romántica,novela romántica,novela romántica,novela romántica,novela romántica,novela romántica
754,subgenre-current,novela romántica,other,80,,4,1,nh0105,novela romántica,novela romántica,novela romántica,novela romántica,other,novela romántica,novela romántica,novela romántica,novela romántica,novela romántica,novela romántica
755,subgenre-current,novela romántica,other,80,,4,1,nh0106,novela romántica,novela romántica,novela romántica,novela romántica,novela romántica,novela romántica,novela romántica,novela romántica,novela romántica,novela romántica,novela romántica
756,subgenre-current,novela romántica,other,80,,4,1,nh0108,novela romántica,novela romántica,novela romántica,novela romántica,other,novela romántica,novela romántica,novela romántica,novela romántica,novela romántica,novela romántica
757,subgenre-current,novela romántica,other,80,,4,1,nh0109,other,other,other,other,other,other,other,other,other,other,other
758,subgenre-current,novela romántica,other,80,,4,1,nh0110,novela romántica,novela romántica,novela romántica,novela romántica,novela romántica,novela romántica,novela romántica,novela romántica,novela romántica,novela romántica,novela romántica
759,subgenre-current,novela romántica,other,80,,4,1,nh0113,novela romántica,novela romántica,novela romántica,novela romántica,novela romántica,novela romántica,novela romántica,novela romántica,novela romántica,novela romántica,novela romántica
760,subgenre-current,novela romántica,other,80,,4,1,nh0114,other,other,other,other,other,other,other,other,other,other,other
761,subgenre-current,novela romántica,other,80,,4,1,nh0116,novela romántica,novela romántica,novela romántica,novela romántica,novela romántica,novela romántica,novela romántica,novela romántica,novela romántica,novela romántica,novela romántica
762,subgenre-current,novela romántica,other,80,,4,1,nh0117,novela romántica,novela romántica,novela romántica,novela romántica,novela romántica,novela romántica,novela romántica,novela romántica,novela romántica,novela romántica,novela romántica
763,subgenre-current,novela romántica,other,80,,4,1,nh0119,other,other,other,other,other,other,other,other,other,other,other
764,subgenre-current,novela romántica,other,80,,4,1,nh0120,novela romántica,novela romántica,novela romántica,novela romántica,novela romántica,novela romántica,novela romántica,novela romántica,novela romántica,novela romántica,novela romántica
765,subgenre-current,novela romántica,other,80,,4,1,nh0122,novela romántica,novela romántica,novela romántica,novela romántica,novela romántica,novela romántica,novela romántica,novela romántica,novela romántica,novela romántica,novela romántica
766,subgenre-current,novela romántica,other,80,,4,1,nh0124,novela romántica,novela romántica,novela romántica,novela romántica,novela romántica,novela romántica,novela romántica,novela romántica,novela romántica,novela romántica,novela romántica
767,subgenre-current,novela romántica,other,80,,4,1,nh0125,novela romántica,novela romántica,novela romántica,novela romántica,novela romántica,novela romántica,novela romántica,novela romántica,novela romántica,novela romántica,novela romántica
768,subgenre-current,novela romántica,other,80,,4,1,nh0126,novela romántica,novela romántica,novela romántica,novela romántica,novela romántica,novela romántica,novela romántica,novela romántica,novela romántica,novela romántica,novela romántica
769,subgenre-current,novela romántica,other,80,,4,1,nh0127,other,other,other,other,other,other,other,other,other,other,other
770,subgenre-current,novela romántica,other,80,,4,1,nh0129,novela romántica,novela romántica,novela romántica,novela romántica,novela romántica,other,novela romántica,novela romántica,novela romántica,novela romántica,novela romántica
771,subgenre-current,novela romántica,other,80,,4,1,nh0131,novela romántica,novela romántica,novela romántica,novela romántica,novela romántica,other,novela romántica,novela romántica,novela romántica,novela romántica,novela romántica
772,subgenre-current,novela romántica,other,80,,4,1,nh0133,other,other,other,other,other,other,other,other,other,other,other
773,subgenre-current,novela romántica,other,80,,4,1,nh0135,other,other,other,other,other,other,novela romántica,other,other,other,other
774,subgenre-current,novela romántica,other,80,,4,1,nh0136,other,other,other,other,other,other,other,other,other,other,other
775,subgenre-current,novela romántica,other,80,,4,1,nh0143,novela romántica,novela romántica,novela romántica,novela romántica,novela romántica,novela romántica,novela romántica,novela romántica,novela romántica,novela romántica,novela romántica
776,subgenre-current,novela romántica,other,80,,4,1,nh0144,novela romántica,novela romántica,novela romántica,novela romántica,novela romántica,novela romántica,other,novela romántica,novela romántica,novela romántica,novela romántica
777,subgenre-current,novela romántica,other,80,,4,1,nh0145,novela romántica,novela romántica,novela romántica,novela romántica,novela romántica,novela romántica,other,novela romántica,novela romántica,novela romántica,novela romántica
778,subgenre-current,novela romántica,other,80,,4,1,nh0146,novela romántica,novela romántica,novela romántica,novela romántica,novela romántica,novela romántica,novela romántica,novela romántica,novela romántica,novela romántica,novela romántica
779,subgenre-current,novela romántica,other,80,,4,1,nh0148,other,other,other,other,other,other,other,other,other,other,other
780,subgenre-current,novela romántica,other,80,,4,1,nh0149,novela romántica,novela romántica,novela romántica,novela romántica,novela romántica,novela romántica,novela romántica,novela romántica,novela romántica,novela romántica,novela romántica
781,subgenre-current,novela romántica,other,80,,4,1,nh0150,novela romántica,novela romántica,novela romántica,novela romántica,novela romántica,novela romántica,novela romántica,novela romántica,novela romántica,novela romántica,novela romántica
782,subgenre-current,novela romántica,other,80,,4,1,nh0151,novela romántica,novela romántica,novela romántica,novela romántica,novela romántica,novela romántica,novela romántica,novela romántica,novela romántica,novela romántica,novela romántica
783,subgenre-current,novela romántica,other,80,,4,1,nh0152,novela romántica,novela romántica,novela romántica,novela romántica,novela romántica,novela romántica,novela romántica,novela romántica,novela romántica,novela romántica,novela romántica
784,subgenre-current,novela romántica,other,80,,4,1,nh0155,other,other,other,other,other,other,other,other,other,other,other
785,subgenre-current,novela romántica,other,80,,4,1,nh0157,novela romántica,novela romántica,novela romántica,novela romántica,novela romántica,novela romántica,novela romántica,novela romántica,novela romántica,novela romántica,novela romántica
786,subgenre-current,novela romántica,other,80,,4,1,nh0158,novela romántica,novela romántica,novela romántica,novela romántica,novela romántica,novela romántica,novela romántica,novela romántica,novela romántica,novela romántica,novela romántica
787,subgenre-current,novela romántica,other,80,,4,1,nh0159,novela romántica,novela romántica,novela romántica,novela romántica,novela romántica,novela romántica,novela romántica,novela romántica,novela romántica,novela romántica,novela romántica
788,subgenre-current,novela romántica,other,80,,4,1,nh0161,novela romántica,novela romántica,novela romántica,novela romántica,novela romántica,novela romántica,novela romántica,novela romántica,novela romántica,novela romántica,novela romántica
789,subgenre-current,novela romántica,other,80,,4,1,nh0162,novela romántica,novela romántica,novela romántica,novela romántica,novela romántica,novela romántica,novela romántica,novela romántica,novela romántica,novela romántica,novela romántica
790,subgenre-current,novela romántica,other,80,,4,1,nh0163,other,other,other,other,other,other,other,other,other,other,other
791,subgenre-current,novela romántica,other,80,,4,1,nh0164,other,other,other,other,other,other,other,other,other,other,other
792,subgenre-current,novela romántica,other,80,,4,1,nh0165,other,other,other,other,other,other,other,other,other,other,other
793,subgenre-current,novela romántica,other,80,,4,1,nh0167,novela romántica,novela romántica,novela romántica,novela romántica,novela romántica,novela romántica,novela romántica,novela romántica,novela romántica,novela romántica,novela romántica
794,subgenre-current,novela romántica,other,80,,4,1,nh0169,novela romántica,novela romántica,novela romántica,novela romántica,novela romántica,novela romántica,novela romántica,novela romántica,novela romántica,novela romántica,novela romántica
795,subgenre-current,novela romántica,other,80,,4,1,nh0172,novela romántica,novela romántica,novela romántica,novela romántica,novela romántica,novela romántica,novela romántica,novela romántica,novela romántica,novela romántica,novela romántica
796,subgenre-current,novela romántica,other,80,,4,1,nh0173,other,other,other,other,other,other,other,other,other,other,other
797,subgenre-current,novela romántica,other,80,,4,1,nh0174,other,other,other,other,other,other,other,other,other,other,other
798,subgenre-current,novela romántica,other,80,,4,1,nh0175,other,other,other,other,other,other,other,other,other,other,other
799,subgenre-current,novela romántica,other,80,,4,1,nh0177,other,other,other,other,other,other,other,other,other,other,other
800,subgenre-current,novela romántica,other,80,,4,1,nh0178,novela romántica,novela romántica,novela romántica,novela romántica,novela romántica,novela romántica,novela romántica,novela romántica,novela romántica,novela romántica,novela romántica
801,subgenre-current,novela romántica,other,80,,4,1,nh0179,other,other,other,other,other,other,other,other,other,other,other
802,subgenre-current,novela romántica,other,80,,4,1,nh0180,novela romántica,novela romántica,novela romántica,novela romántica,novela romántica,novela romántica,novela romántica,novela romántica,novela romántica,novela romántica,novela romántica
803,subgenre-current,novela romántica,other,80,,4,1,nh0183,novela romántica,novela romántica,novela romántica,novela romántica,novela romántica,novela romántica,novela romántica,novela romántica,novela romántica,novela romántica,novela romántica
804,subgenre-current,novela romántica,other,80,,4,1,nh0188,novela romántica,novela romántica,novela romántica,novela romántica,novela romántica,novela romántica,novela romántica,novela romántica,novela romántica,novela romántica,novela romántica
805,subgenre-current,novela romántica,other,80,,4,1,nh0189,other,other,other,other,other,other,other,other,other,other,other
806,subgenre-current,novela romántica,other,80,,4,1,nh0190,other,other,other,other,other,other,other,other,other,other,other
807,subgenre-current,novela romántica,other,80,,4,1,nh0191,other,other,other,other,other,other,other,other,other,other,other
808,subgenre-current,novela romántica,other,80,,4,1,nh0192,other,other,other,other,other,other,other,other,other,other,other
809,subgenre-current,novela romántica,other,80,,4,1,nh0193,other,other,other,other,other,other,other,other,other,other,other
810,subgenre-current,novela romántica,other,80,,4,1,nh0194,other,other,other,other,other,other,other,other,other,other,other
811,subgenre-current,novela romántica,other,80,,4,1,nh0195,novela romántica,novela romántica,novela romántica,novela romántica,novela romántica,novela romántica,novela romántica,novela romántica,novela romántica,novela romántica,novela romántica
812,subgenre-current,novela romántica,other,80,,4,1,nh0196,novela romántica,novela romántica,novela romántica,novela romántica,novela romántica,novela romántica,novela romántica,novela romántica,novela romántica,novela romántica,novela romántica
813,subgenre-current,novela romántica,other,80,,4,1,nh0197,novela romántica,novela romántica,novela romántica,novela romántica,novela romántica,novela romántica,novela romántica,novela romántica,novela romántica,novela romántica,novela romántica
814,subgenre-current,novela romántica,other,80,,4,1,nh0198,other,other,other,other,other,other,other,other,other,other,other
815,subgenre-current,novela romántica,other,80,,4,1,nh0199,novela romántica,novela romántica,novela romántica,novela romántica,novela romántica,novela romántica,novela romántica,novela romántica,novela romántica,novela romántica,novela romántica
816,subgenre-current,novela romántica,other,80,,4,1,nh0202,other,other,other,other,other,other,other,other,other,novela romántica,other
817,subgenre-current,novela romántica,other,80,,4,1,nh0203,novela romántica,novela romántica,novela romántica,novela romántica,novela romántica,novela romántica,novela romántica,novela romántica,novela romántica,novela romántica,novela romántica
818,subgenre-current,novela romántica,other,80,,4,1,nh0204,other,other,other,other,other,other,other,other,other,other,other
819,subgenre-current,novela romántica,other,80,,4,1,nh0205,other,other,other,other,other,other,other,other,other,other,other
820,subgenre-current,novela romántica,other,80,,4,1,nh0206,other,other,other,other,other,other,other,other,other,novela romántica,other
821,subgenre-current,novela romántica,other,80,,4,1,nh0208,other,other,other,other,other,other,other,other,other,other,other
822,subgenre-current,novela romántica,other,80,,4,1,nh0210,other,other,other,other,other,other,other,other,other,novela romántica,other
823,subgenre-current,novela romántica,other,80,,4,1,nh0214,other,other,other,other,other,other,other,other,other,other,other
824,subgenre-current,novela romántica,other,80,,4,1,nh0216,novela romántica,novela romántica,novela romántica,novela romántica,novela romántica,novela romántica,novela romántica,novela romántica,novela romántica,novela romántica,novela romántica
825,subgenre-current,novela romántica,other,80,,4,1,nh0217,other,other,other,other,other,other,other,other,other,other,other
826,subgenre-current,novela romántica,other,80,,4,1,nh0221,other,other,other,other,other,other,other,other,other,other,other
827,subgenre-current,novela romántica,other,80,,4,1,nh0223,other,other,other,other,other,other,other,other,other,other,other
828,subgenre-current,novela romántica,other,80,,4,1,nh0224,novela romántica,novela romántica,novela romántica,novela romántica,novela romántica,novela romántica,novela romántica,novela romántica,novela romántica,novela romántica,novela romántica
829,subgenre-current,novela romántica,other,80,,4,1,nh0227,novela romántica,novela romántica,novela romántica,novela romántica,novela romántica,novela romántica,novela romántica,novela romántica,novela romántica,novela romántica,novela romántica
830,subgenre-current,novela romántica,other,80,,4,1,nh0229,other,other,other,other,other,other,other,other,other,other,other
831,subgenre-current,novela romántica,other,80,,4,1,nh0230,other,other,other,other,other,other,other,other,other,other,other
832,subgenre-current,novela romántica,other,80,,4,1,nh0232,other,other,other,other,other,other,other,other,other,other,other
833,subgenre-current,novela romántica,other,80,,4,1,nh0234,novela romántica,novela romántica,novela romántica,novela romántica,novela romántica,novela romántica,novela romántica,novela romántica,novela romántica,novela romántica,novela romántica
834,subgenre-current,novela romántica,other,80,,4,1,nh0235,other,other,other,other,other,other,other,other,other,other,other
835,subgenre-current,novela romántica,other,80,,4,1,nh0237,novela romántica,novela romántica,novela romántica,novela romántica,novela romántica,novela romántica,novela romántica,novela romántica,novela romántica,novela romántica,novela romántica
836,subgenre-current,novela romántica,other,80,,4,1,nh0238,novela romántica,novela romántica,novela romántica,novela romántica,novela romántica,novela romántica,novela romántica,novela romántica,novela romántica,novela romántica,novela romántica
837,subgenre-current,novela romántica,other,80,,4,1,nh0239,other,other,other,other,other,other,other,other,other,other,other
838,subgenre-current,novela romántica,other,80,,4,1,nh0240,novela romántica,novela romántica,novela romántica,novela romántica,novela romántica,novela romántica,novela romántica,novela romántica,novela romántica,novela romántica,novela romántica
839,subgenre-current,novela romántica,other,80,,4,1,nh0244,novela romántica,novela romántica,novela romántica,novela romántica,novela romántica,novela romántica,novela romántica,novela romántica,novela romántica,novela romántica,novela romántica
840,subgenre-current,novela romántica,other,80,,4,1,nh0246,novela romántica,novela romántica,novela romántica,novela romántica,novela romántica,novela romántica,novela romántica,novela romántica,novela romántica,novela romántica,novela romántica
841,subgenre-current,novela romántica,other,80,,4,1,nh0247,novela romántica,novela romántica,novela romántica,novela romántica,novela romántica,novela romántica,novela romántica,novela romántica,novela romántica,novela romántica,novela romántica
842,subgenre-current,novela romántica,other,80,,4,1,nh0248,novela romántica,novela romántica,novela romántica,novela romántica,novela romántica,novela romántica,novela romántica,novela romántica,novela romántica,novela romántica,novela romántica
843,subgenre-current,novela romántica,other,80,,4,1,nh0249,novela romántica,novela romántica,novela romántica,novela romántica,novela romántica,novela romántica,novela romántica,novela romántica,novela romántica,novela romántica,novela romántica
844,subgenre-current,novela romántica,other,80,,4,1,nh0250,novela romántica,novela romántica,novela romántica,novela romántica,novela romántica,novela romántica,novela romántica,novela romántica,novela romántica,novela romántica,novela romántica
845,subgenre-current,novela romántica,other,80,,4,1,nh0251,novela romántica,novela romántica,novela romántica,novela romántica,novela romántica,novela romántica,novela romántica,novela romántica,novela romántica,novela romántica,novela romántica
846,subgenre-current,novela romántica,other,80,,4,1,nh0252,novela romántica,novela romántica,novela romántica,novela romántica,novela romántica,novela romántica,novela romántica,novela romántica,novela romántica,novela romántica,novela romántica
847,subgenre-current,novela romántica,other,80,,4,1,nh0254,other,other,other,other,other,other,other,other,other,other,other
848,subgenre-current,novela romántica,other,80,,4,1,nh0255,other,other,other,other,other,other,other,other,other,other,other
849,subgenre-current,novela romántica,other,80,,4,1,nh0256,other,other,other,other,other,other,other,other,other,other,other
850,subgenre-current,novela romántica,other,80,,5,1,nh0001,novela romántica,novela romántica,novela romántica,novela romántica,novela romántica,novela romántica,novela romántica,novela romántica,novela romántica,novela romántica,novela romántica
851,subgenre-current,novela romántica,other,80,,5,1,nh0002,other,other,other,other,other,other,other,other,other,other,other
852,subgenre-current,novela romántica,other,80,,5,1,nh0003,novela romántica,novela romántica,novela romántica,novela romántica,novela romántica,novela romántica,novela romántica,novela romántica,novela romántica,novela romántica,novela romántica
853,subgenre-current,novela romántica,other,80,,5,1,nh0005,novela romántica,novela romántica,novela romántica,novela romántica,novela romántica,novela romántica,novela romántica,novela romántica,novela romántica,novela romántica,novela romántica
854,subgenre-current,novela romántica,other,80,,5,1,nh0006,novela romántica,novela romántica,novela romántica,novela romántica,novela romántica,novela romántica,novela romántica,novela romántica,novela romántica,novela romántica,novela romántica
855,subgenre-current,novela romántica,other,80,,5,1,nh0007,novela romántica,novela romántica,novela romántica,novela romántica,novela romántica,novela romántica,novela romántica,novela romántica,novela romántica,novela romántica,novela romántica
856,subgenre-current,novela romántica,other,80,,5,1,nh0008,other,other,other,other,other,other,other,other,other,other,other
857,subgenre-current,novela romántica,other,80,,5,1,nh0009,novela romántica,novela romántica,novela romántica,novela romántica,novela romántica,novela romántica,novela romántica,novela romántica,novela romántica,novela romántica,novela romántica
858,subgenre-current,novela romántica,other,80,,5,1,nh0010,other,other,other,other,other,other,other,other,other,other,other
859,subgenre-current,novela romántica,other,80,,5,1,nh0011,other,other,other,other,other,other,other,other,other,other,other
860,subgenre-current,novela romántica,other,80,,5,1,nh0012,other,other,other,other,other,other,other,other,other,other,other
861,subgenre-current,novela romántica,other,80,,5,1,nh0013,other,other,other,other,other,other,other,other,other,other,other
862,subgenre-current,novela romántica,other,80,,5,1,nh0015,other,novela romántica,other,other,other,other,other,other,other,other,other
863,subgenre-current,novela romántica,other,80,,5,1,nh0016,novela romántica,other,novela romántica,novela romántica,novela romántica,novela romántica,novela romántica,novela romántica,novela romántica,novela romántica,novela romántica
864,subgenre-current,novela romántica,other,80,,5,1,nh0017,novela romántica,novela romántica,novela romántica,novela romántica,novela romántica,novela romántica,novela romántica,novela romántica,novela romántica,novela romántica,novela romántica
865,subgenre-current,novela romántica,other,80,,5,1,nh0019,other,other,other,other,other,other,other,other,other,other,other
866,subgenre-current,novela romántica,other,80,,5,1,nh0021,novela romántica,novela romántica,novela romántica,novela romántica,novela romántica,novela romántica,novela romántica,novela romántica,novela romántica,novela romántica,novela romántica
867,subgenre-current,novela romántica,other,80,,5,1,nh0022,other,other,novela romántica,other,other,other,other,other,other,other,other
868,subgenre-current,novela romántica,other,80,,5,1,nh0023,other,other,other,other,other,other,other,other,other,other,other
869,subgenre-current,novela romántica,other,80,,5,1,nh0024,novela romántica,novela romántica,novela romántica,novela romántica,novela romántica,novela romántica,novela romántica,novela romántica,novela romántica,novela romántica,novela romántica
870,subgenre-current,novela romántica,other,80,,5,1,nh0027,other,other,other,other,other,other,other,other,other,other,other
871,subgenre-current,novela romántica,other,80,,5,1,nh0028,other,other,novela romántica,other,other,other,other,other,other,other,other
872,subgenre-current,novela romántica,other,80,,5,1,nh0029,other,other,other,other,other,other,other,other,other,other,other
873,subgenre-current,novela romántica,other,80,,5,1,nh0030,other,other,other,other,other,other,other,other,other,other,other
874,subgenre-current,novela romántica,other,80,,5,1,nh0031,other,other,other,other,other,other,other,other,other,other,other
875,subgenre-current,novela romántica,other,80,,5,1,nh0032,other,other,other,other,other,other,other,other,other,other,other
876,subgenre-current,novela romántica,other,80,,5,1,nh0033,other,other,other,other,other,other,other,other,other,other,other
877,subgenre-current,novela romántica,other,80,,5,1,nh0034,other,other,other,other,other,other,other,other,other,other,other
878,subgenre-current,novela romántica,other,80,,5,1,nh0035,novela romántica,novela romántica,novela romántica,novela romántica,novela romántica,novela romántica,novela romántica,novela romántica,novela romántica,novela romántica,novela romántica
879,subgenre-current,novela romántica,other,80,,5,1,nh0036,other,other,other,other,other,other,other,other,other,other,other
880,subgenre-current,novela romántica,other,80,,5,1,nh0038,other,other,other,other,other,other,other,other,other,other,other
881,subgenre-current,novela romántica,other,80,,5,1,nh0039,other,other,other,other,other,other,other,other,other,other,other
882,subgenre-current,novela romántica,other,80,,5,1,nh0040,novela romántica,novela romántica,novela romántica,novela romántica,novela romántica,novela romántica,novela romántica,novela romántica,novela romántica,novela romántica,novela romántica
883,subgenre-current,novela romántica,other,80,,5,1,nh0043,novela romántica,novela romántica,novela romántica,novela romántica,novela romántica,novela romántica,novela romántica,novela romántica,novela romántica,novela romántica,novela romántica
884,subgenre-current,novela romántica,other,80,,5,1,nh0044,other,other,other,other,other,other,other,other,other,other,other
885,subgenre-current,novela romántica,other,80,,5,1,nh0046,other,other,other,other,other,other,other,other,other,other,other
886,subgenre-current,novela romántica,other,80,,5,1,nh0047,other,other,other,other,other,other,other,other,other,other,other
887,subgenre-current,novela romántica,other,80,,5,1,nh0048,other,other,other,other,other,other,other,other,other,other,other
888,subgenre-current,novela romántica,other,80,,5,1,nh0049,novela romántica,novela romántica,novela romántica,novela romántica,novela romántica,novela romántica,novela romántica,novela romántica,novela romántica,novela romántica,novela romántica
889,subgenre-current,novela romántica,other,80,,5,1,nh0050,novela romántica,novela romántica,novela romántica,novela romántica,novela romántica,novela romántica,novela romántica,novela romántica,novela romántica,novela romántica,novela romántica
890,subgenre-current,novela romántica,other,80,,5,1,nh0052,other,other,other,other,other,other,other,other,other,other,other
891,subgenre-current,novela romántica,other,80,,5,1,nh0053,novela romántica,novela romántica,novela romántica,novela romántica,novela romántica,novela romántica,novela romántica,novela romántica,novela romántica,novela romántica,novela romántica
892,subgenre-current,novela romántica,other,80,,5,1,nh0054,novela romántica,novela romántica,novela romántica,novela romántica,novela romántica,novela romántica,novela romántica,novela romántica,novela romántica,novela romántica,novela romántica
893,subgenre-current,novela romántica,other,80,,5,1,nh0056,novela romántica,novela romántica,novela romántica,novela romántica,novela romántica,novela romántica,novela romántica,novela romántica,novela romántica,novela romántica,novela romántica
894,subgenre-current,novela romántica,other,80,,5,1,nh0057,other,other,other,other,other,other,other,other,other,other,other
895,subgenre-current,novela romántica,other,80,,5,1,nh0058,other,other,other,other,other,other,other,other,other,other,other
896,subgenre-current,novela romántica,other,80,,5,1,nh0059,other,other,other,other,other,other,other,other,other,other,other
897,subgenre-current,novela romántica,other,80,,5,1,nh0060,other,other,other,other,other,other,other,other,other,other,other
898,subgenre-current,novela romántica,other,80,,5,1,nh0061,novela romántica,novela romántica,novela romántica,novela romántica,novela romántica,novela romántica,novela romántica,novela romántica,novela romántica,novela romántica,novela romántica
899,subgenre-current,novela romántica,other,80,,5,1,nh0062,other,other,other,other,other,other,other,other,other,other,other
900,subgenre-current,novela romántica,other,80,,5,1,nh0063,novela romántica,novela romántica,novela romántica,novela romántica,novela romántica,novela romántica,novela romántica,novela romántica,novela romántica,novela romántica,novela romántica
901,subgenre-current,novela romántica,other,80,,5,1,nh0064,novela romántica,novela romántica,novela romántica,novela romántica,novela romántica,novela romántica,novela romántica,novela romántica,novela romántica,novela romántica,novela romántica
902,subgenre-current,novela romántica,other,80,,5,1,nh0067,other,other,other,other,other,other,other,other,other,other,other
903,subgenre-current,novela romántica,other,80,,5,1,nh0068,other,other,other,other,other,other,other,other,other,other,other
904,subgenre-current,novela romántica,other,80,,5,1,nh0069,novela romántica,novela romántica,novela romántica,novela romántica,novela romántica,novela romántica,novela romántica,novela romántica,novela romántica,novela romántica,novela romántica
905,subgenre-current,novela romántica,other,80,,5,1,nh0071,novela romántica,novela romántica,novela romántica,novela romántica,novela romántica,novela romántica,novela romántica,novela romántica,novela romántica,novela romántica,novela romántica
906,subgenre-current,novela romántica,other,80,,5,1,nh0072,novela romántica,novela romántica,novela romántica,novela romántica,novela romántica,novela romántica,novela romántica,novela romántica,novela romántica,novela romántica,novela romántica
907,subgenre-current,novela romántica,other,80,,5,1,nh0074,other,other,other,other,other,other,other,other,other,other,other
908,subgenre-current,novela romántica,other,80,,5,1,nh0075,other,other,other,other,other,other,other,other,other,other,other
909,subgenre-current,novela romántica,other,80,,5,1,nh0076,other,other,other,other,other,other,other,other,other,other,other
910,subgenre-current,novela romántica,other,80,,5,1,nh0080,other,other,other,other,other,other,other,other,other,other,other
911,subgenre-current,novela romántica,other,80,,5,1,nh0082,novela romántica,novela romántica,novela romántica,other,novela romántica,novela romántica,novela romántica,novela romántica,novela romántica,novela romántica,novela romántica
912,subgenre-current,novela romántica,other,80,,5,1,nh0084,other,other,other,other,other,other,other,other,other,other,other
913,subgenre-current,novela romántica,other,80,,5,1,nh0085,novela romántica,novela romántica,novela romántica,novela romántica,novela romántica,novela romántica,novela romántica,novela romántica,novela romántica,novela romántica,novela romántica
914,subgenre-current,novela romántica,other,80,,5,1,nh0086,other,other,other,other,other,other,other,other,other,other,other
915,subgenre-current,novela romántica,other,80,,5,1,nh0088,other,other,other,other,other,other,other,other,other,other,other
916,subgenre-current,novela romántica,other,80,,5,1,nh0089,other,other,other,other,other,other,other,other,other,other,other
917,subgenre-current,novela romántica,other,80,,5,1,nh0090,other,other,other,other,other,other,novela romántica,other,other,other,other
918,subgenre-current,novela romántica,other,80,,5,1,nh0092,novela romántica,novela romántica,novela romántica,novela romántica,novela romántica,novela romántica,novela romántica,novela romántica,novela romántica,novela romántica,novela romántica
919,subgenre-current,novela romántica,other,80,,5,1,nh0094,novela romántica,novela romántica,novela romántica,novela romántica,novela romántica,novela romántica,novela romántica,novela romántica,novela romántica,novela romántica,novela romántica
920,subgenre-current,novela romántica,other,80,,5,1,nh0095,novela romántica,novela romántica,novela romántica,novela romántica,novela romántica,novela romántica,novela romántica,novela romántica,novela romántica,novela romántica,novela romántica
921,subgenre-current,novela romántica,other,80,,5,1,nh0096,novela romántica,novela romántica,novela romántica,novela romántica,novela romántica,novela romántica,novela romántica,novela romántica,novela romántica,novela romántica,novela romántica
922,subgenre-current,novela romántica,other,80,,5,1,nh0097,novela romántica,novela romántica,novela romántica,novela romántica,novela romántica,novela romántica,novela romántica,novela romántica,novela romántica,novela romántica,novela romántica
923,subgenre-current,novela romántica,other,80,,5,1,nh0098,novela romántica,novela romántica,novela romántica,novela romántica,novela romántica,novela romántica,novela romántica,novela romántica,novela romántica,novela romántica,novela romántica
924,subgenre-current,novela romántica,other,80,,5,1,nh0099,other,other,other,other,other,other,other,other,other,other,other
925,subgenre-current,novela romántica,other,80,,5,1,nh0104,novela romántica,novela romántica,novela romántica,novela romántica,novela romántica,novela romántica,novela romántica,novela romántica,novela romántica,novela romántica,novela romántica
926,subgenre-current,novela romántica,other,80,,5,1,nh0105,novela romántica,novela romántica,novela romántica,novela romántica,other,novela romántica,novela romántica,novela romántica,novela romántica,novela romántica,novela romántica
927,subgenre-current,novela romántica,other,80,,5,1,nh0106,novela romántica,novela romántica,novela romántica,novela romántica,novela romántica,novela romántica,novela romántica,novela romántica,novela romántica,novela romántica,novela romántica
928,subgenre-current,novela romántica,other,80,,5,1,nh0108,novela romántica,novela romántica,novela romántica,novela romántica,other,novela romántica,novela romántica,novela romántica,novela romántica,novela romántica,novela romántica
929,subgenre-current,novela romántica,other,80,,5,1,nh0109,other,other,other,other,other,other,other,other,other,other,other
930,subgenre-current,novela romántica,other,80,,5,1,nh0110,novela romántica,novela romántica,novela romántica,novela romántica,novela romántica,novela romántica,novela romántica,novela romántica,novela romántica,novela romántica,novela romántica
931,subgenre-current,novela romántica,other,80,,5,1,nh0111,novela romántica,novela romántica,novela romántica,novela romántica,novela romántica,novela romántica,novela romántica,novela romántica,novela romántica,novela romántica,novela romántica
932,subgenre-current,novela romántica,other,80,,5,1,nh0114,other,other,other,other,other,other,other,other,other,other,other
933,subgenre-current,novela romántica,other,80,,5,1,nh0117,novela romántica,novela romántica,novela romántica,novela romántica,novela romántica,novela romántica,novela romántica,novela romántica,novela romántica,novela romántica,novela romántica
934,subgenre-current,novela romántica,other,80,,5,1,nh0119,other,other,other,other,other,other,other,other,other,other,other
935,subgenre-current,novela romántica,other,80,,5,1,nh0121,novela romántica,novela romántica,novela romántica,novela romántica,novela romántica,novela romántica,novela romántica,novela romántica,novela romántica,novela romántica,novela romántica
936,subgenre-current,novela romántica,other,80,,5,1,nh0122,novela romántica,novela romántica,novela romántica,novela romántica,novela romántica,novela romántica,novela romántica,novela romántica,novela romántica,novela romántica,novela romántica
937,subgenre-current,novela romántica,other,80,,5,1,nh0124,novela romántica,novela romántica,novela romántica,novela romántica,novela romántica,novela romántica,novela romántica,novela romántica,novela romántica,novela romántica,novela romántica
938,subgenre-current,novela romántica,other,80,,5,1,nh0125,novela romántica,novela romántica,novela romántica,novela romántica,novela romántica,novela romántica,novela romántica,novela romántica,novela romántica,novela romántica,novela romántica
939,subgenre-current,novela romántica,other,80,,5,1,nh0126,novela romántica,novela romántica,novela romántica,novela romántica,novela romántica,novela romántica,novela romántica,novela romántica,novela romántica,novela romántica,novela romántica
940,subgenre-current,novela romántica,other,80,,5,1,nh0127,other,other,other,other,other,other,other,other,other,other,other
941,subgenre-current,novela romántica,other,80,,5,1,nh0131,novela romántica,novela romántica,novela romántica,novela romántica,novela romántica,novela romántica,novela romántica,novela romántica,novela romántica,novela romántica,novela romántica
942,subgenre-current,novela romántica,other,80,,5,1,nh0133,other,other,other,other,other,other,other,other,other,other,other
943,subgenre-current,novela romántica,other,80,,5,1,nh0135,other,other,other,other,other,other,novela romántica,other,other,other,other
944,subgenre-current,novela romántica,other,80,,5,1,nh0136,other,other,other,other,other,other,other,other,other,other,other
945,subgenre-current,novela romántica,other,80,,5,1,nh0138,novela romántica,novela romántica,novela romántica,novela romántica,novela romántica,novela romántica,novela romántica,novela romántica,novela romántica,novela romántica,novela romántica
946,subgenre-current,novela romántica,other,80,,5,1,nh0141,novela romántica,novela romántica,novela romántica,novela romántica,novela romántica,novela romántica,novela romántica,novela romántica,novela romántica,novela romántica,novela romántica
947,subgenre-current,novela romántica,other,80,,5,1,nh0143,novela romántica,novela romántica,novela romántica,novela romántica,novela romántica,novela romántica,novela romántica,novela romántica,novela romántica,novela romántica,novela romántica
948,subgenre-current,novela romántica,other,80,,5,1,nh0144,novela romántica,novela romántica,novela romántica,novela romántica,novela romántica,novela romántica,other,novela romántica,novela romántica,novela romántica,novela romántica
949,subgenre-current,novela romántica,other,80,,5,1,nh0145,novela romántica,novela romántica,novela romántica,novela romántica,novela romántica,novela romántica,other,novela romántica,novela romántica,novela romántica,novela romántica
950,subgenre-current,novela romántica,other,80,,5,1,nh0146,novela romántica,novela romántica,novela romántica,novela romántica,novela romántica,novela romántica,novela romántica,novela romántica,novela romántica,novela romántica,novela romántica
951,subgenre-current,novela romántica,other,80,,5,1,nh0147,novela romántica,novela romántica,novela romántica,novela romántica,novela romántica,novela romántica,other,novela romántica,novela romántica,novela romántica,novela romántica
952,subgenre-current,novela romántica,other,80,,5,1,nh0148,other,other,other,other,other,other,other,other,other,other,other
953,subgenre-current,novela romántica,other,80,,5,1,nh0149,novela romántica,novela romántica,novela romántica,novela romántica,novela romántica,novela romántica,novela romántica,novela romántica,novela romántica,novela romántica,novela romántica
954,subgenre-current,novela romántica,other,80,,5,1,nh0150,novela romántica,novela romántica,novela romántica,novela romántica,novela romántica,novela romántica,novela romántica,novela romántica,novela romántica,novela romántica,novela romántica
955,subgenre-current,novela romántica,other,80,,5,1,nh0152,novela romántica,novela romántica,novela romántica,novela romántica,novela romántica,novela romántica,novela romántica,novela romántica,novela romántica,novela romántica,novela romántica
956,subgenre-current,novela romántica,other,80,,5,1,nh0155,other,other,other,other,other,other,other,other,other,other,other
957,subgenre-current,novela romántica,other,80,,5,1,nh0157,novela romántica,novela romántica,novela romántica,novela romántica,novela romántica,novela romántica,novela romántica,novela romántica,novela romántica,novela romántica,novela romántica
958,subgenre-current,novela romántica,other,80,,5,1,nh0158,novela romántica,novela romántica,novela romántica,novela romántica,novela romántica,novela romántica,novela romántica,novela romántica,novela romántica,novela romántica,novela romántica
959,subgenre-current,novela romántica,other,80,,5,1,nh0159,novela romántica,novela romántica,novela romántica,novela romántica,novela romántica,novela romántica,novela romántica,novela romántica,novela romántica,novela romántica,novela romántica
960,subgenre-current,novela romántica,other,80,,5,1,nh0161,novela romántica,novela romántica,novela romántica,novela romántica,novela romántica,novela romántica,novela romántica,novela romántica,novela romántica,novela romántica,novela romántica
961,subgenre-current,novela romántica,other,80,,5,1,nh0162,novela romántica,novela romántica,novela romántica,novela romántica,novela romántica,novela romántica,novela romántica,novela romántica,novela romántica,novela romántica,novela romántica
962,subgenre-current,novela romántica,other,80,,5,1,nh0163,other,other,other,other,other,other,other,other,other,other,other
963,subgenre-current,novela romántica,other,80,,5,1,nh0164,other,other,other,other,other,other,other,other,other,other,other
964,subgenre-current,novela romántica,other,80,,5,1,nh0165,other,other,other,other,other,other,other,other,other,other,other
965,subgenre-current,novela romántica,other,80,,5,1,nh0167,novela romántica,novela romántica,novela romántica,novela romántica,novela romántica,novela romántica,novela romántica,novela romántica,novela romántica,novela romántica,novela romántica
966,subgenre-current,novela romántica,other,80,,5,1,nh0169,novela romántica,novela romántica,novela romántica,novela romántica,novela romántica,novela romántica,novela romántica,novela romántica,novela romántica,novela romántica,novela romántica
967,subgenre-current,novela romántica,other,80,,5,1,nh0171,novela romántica,novela romántica,novela romántica,novela romántica,novela romántica,novela romántica,novela romántica,novela romántica,novela romántica,novela romántica,novela romántica
968,subgenre-current,novela romántica,other,80,,5,1,nh0173,other,other,other,other,other,other,other,other,other,other,other
969,subgenre-current,novela romántica,other,80,,5,1,nh0174,other,other,other,other,other,other,other,other,other,other,other
970,subgenre-current,novela romántica,other,80,,5,1,nh0175,other,other,other,other,other,other,other,other,other,other,other
971,subgenre-current,novela romántica,other,80,,5,1,nh0177,other,other,other,other,other,other,other,other,other,other,other
972,subgenre-current,novela romántica,other,80,,5,1,nh0178,novela romántica,novela romántica,novela romántica,novela romántica,novela romántica,novela romántica,novela romántica,novela romántica,novela romántica,novela romántica,novela romántica
973,subgenre-current,novela romántica,other,80,,5,1,nh0179,other,other,other,other,other,other,other,other,other,other,other
974,subgenre-current,novela romántica,other,80,,5,1,nh0180,novela romántica,novela romántica,novela romántica,novela romántica,novela romántica,novela romántica,novela romántica,novela romántica,novela romántica,novela romántica,novela romántica
975,subgenre-current,novela romántica,other,80,,5,1,nh0181,novela romántica,novela romántica,novela romántica,novela romántica,novela romántica,novela romántica,novela romántica,novela romántica,novela romántica,novela romántica,novela romántica
976,subgenre-current,novela romántica,other,80,,5,1,nh0182,novela romántica,novela romántica,novela romántica,novela romántica,novela romántica,novela romántica,novela romántica,novela romántica,novela romántica,novela romántica,novela romántica
977,subgenre-current,novela romántica,other,80,,5,1,nh0189,other,other,other,other,other,other,other,other,other,other,other
978,subgenre-current,novela romántica,other,80,,5,1,nh0190,other,other,other,other,other,other,other,other,other,other,other
979,subgenre-current,novela romántica,other,80,,5,1,nh0191,other,other,other,other,other,other,other,other,other,other,other
980,subgenre-current,novela romántica,other,80,,5,1,nh0192,other,other,other,other,other,other,other,other,other,other,other
981,subgenre-current,novela romántica,other,80,,5,1,nh0193,other,other,other,other,other,other,other,other,other,other,other
982,subgenre-current,novela romántica,other,80,,5,1,nh0194,other,other,other,other,other,other,other,other,other,other,other
983,subgenre-current,novela romántica,other,80,,5,1,nh0196,novela romántica,novela romántica,novela romántica,novela romántica,novela romántica,novela romántica,novela romántica,novela romántica,novela romántica,novela romántica,novela romántica
984,subgenre-current,novela romántica,other,80,,5,1,nh0197,novela romántica,novela romántica,novela romántica,novela romántica,novela romántica,novela romántica,novela romántica,novela romántica,novela romántica,novela romántica,novela romántica
985,subgenre-current,novela romántica,other,80,,5,1,nh0198,other,other,other,other,other,other,other,other,other,other,other
986,subgenre-current,novela romántica,other,80,,5,1,nh0199,novela romántica,novela romántica,novela romántica,novela romántica,novela romántica,novela romántica,novela romántica,novela romántica,novela romántica,novela romántica,novela romántica
987,subgenre-current,novela romántica,other,80,,5,1,nh0201,novela romántica,novela romántica,novela romántica,novela romántica,novela romántica,novela romántica,novela romántica,novela romántica,novela romántica,novela romántica,novela romántica
988,subgenre-current,novela romántica,other,80,,5,1,nh0202,other,other,other,other,other,other,other,other,other,other,other
989,subgenre-current,novela romántica,other,80,,5,1,nh0203,novela romántica,novela romántica,novela romántica,novela romántica,novela romántica,novela romántica,novela romántica,novela romántica,novela romántica,novela romántica,novela romántica
990,subgenre-current,novela romántica,other,80,,5,1,nh0204,other,other,other,other,other,other,other,other,other,other,other
991,subgenre-current,novela romántica,other,80,,5,1,nh0205,other,other,other,other,other,other,other,other,other,other,other
992,subgenre-current,novela romántica,other,80,,5,1,nh0206,other,other,other,other,other,other,other,other,other,novela romántica,other
993,subgenre-current,novela romántica,other,80,,5,1,nh0208,other,other,other,other,other,other,other,other,other,other,other
994,subgenre-current,novela romántica,other,80,,5,1,nh0210,other,other,other,other,other,other,other,other,other,novela romántica,other
995,subgenre-current,novela romántica,other,80,,5,1,nh0214,other,other,other,other,other,other,other,other,other,novela romántica,other
996,subgenre-current,novela romántica,other,80,,5,1,nh0217,other,other,other,other,other,other,other,other,other,other,other
997,subgenre-current,novela romántica,other,80,,5,1,nh0219,novela romántica,novela romántica,novela romántica,novela romántica,novela romántica,novela romántica,novela romántica,novela romántica,novela romántica,novela romántica,novela romántica
998,subgenre-current,novela romántica,other,80,,5,1,nh0220,novela romántica,novela romántica,novela romántica,novela romántica,novela romántica,novela romántica,novela romántica,novela romántica,novela romántica,novela romántica,novela romántica
999,subgenre-current,novela romántica,other,80,,5,1,nh0221,other,other,other,other,other,other,other,other,other,other,other
1000,subgenre-current,novela romántica,other,80,,5,1,nh0223,other,other,other,other,other,other,other,other,other,other,other
1001,subgenre-current,novela romántica,other,80,,5,1,nh0226,novela romántica,novela romántica,novela romántica,novela romántica,novela romántica,novela romántica,novela romántica,novela romántica,novela romántica,novela romántica,novela romántica
1002,subgenre-current,novela romántica,other,80,,5,1,nh0227,novela romántica,novela romántica,novela romántica,novela romántica,novela romántica,novela romántica,novela romántica,novela romántica,novela romántica,novela romántica,novela romántica
1003,subgenre-current,novela romántica,other,80,,5,1,nh0229,other,other,other,other,other,other,other,other,other,other,other
1004,subgenre-current,novela romántica,other,80,,5,1,nh0230,other,other,other,other,other,other,other,other,other,other,other
1005,subgenre-current,novela romántica,other,80,,5,1,nh0232,other,other,other,other,other,other,other,other,other,other,other
1006,subgenre-current,novela romántica,other,80,,5,1,nh0234,novela romántica,novela romántica,novela romántica,novela romántica,novela romántica,novela romántica,novela romántica,novela romántica,novela romántica,novela romántica,novela romántica
1007,subgenre-current,novela romántica,other,80,,5,1,nh0235,other,other,other,other,other,other,other,other,other,other,other
1008,subgenre-current,novela romántica,other,80,,5,1,nh0237,novela romántica,novela romántica,novela romántica,novela romántica,novela romántica,novela romántica,novela romántica,novela romántica,novela romántica,novela romántica,novela romántica
1009,subgenre-current,novela romántica,other,80,,5,1,nh0239,other,other,other,other,other,other,other,other,other,other,other
1010,subgenre-current,novela romántica,other,80,,5,1,nh0240,novela romántica,novela romántica,novela romántica,novela romántica,novela romántica,novela romántica,novela romántica,novela romántica,novela romántica,novela romántica,novela romántica
1011,subgenre-current,novela romántica,other,80,,5,1,nh0244,novela romántica,novela romántica,novela romántica,novela romántica,novela romántica,novela romántica,novela romántica,novela romántica,novela romántica,novela romántica,novela romántica
1012,subgenre-current,novela romántica,other,80,,5,1,nh0247,novela romántica,novela romántica,novela romántica,novela romántica,novela romántica,novela romántica,novela romántica,novela romántica,novela romántica,novela romántica,novela romántica
1013,subgenre-current,novela romántica,other,80,,5,1,nh0248,novela romántica,novela romántica,novela romántica,novela romántica,novela romántica,novela romántica,novela romántica,novela romántica,novela romántica,novela romántica,novela romántica
1014,subgenre-current,novela romántica,other,80,,5,1,nh0249,novela romántica,novela romántica,novela romántica,novela romántica,novela romántica,novela romántica,novela romántica,novela romántica,novela romántica,novela romántica,novela romántica
1015,subgenre-current,novela romántica,other,80,,5,1,nh0250,novela romántica,novela romántica,novela romántica,novela romántica,novela romántica,novela romántica,novela romántica,novela romántica,novela romántica,novela romántica,novela romántica
1016,subgenre-current,novela romántica,other,80,,5,1,nh0253,novela romántica,novela romántica,novela romántica,novela romántica,novela romántica,novela romántica,novela romántica,novela romántica,novela romántica,novela romántica,novela romántica
1017,subgenre-current,novela romántica,other,80,,5,1,nh0254,other,other,other,other,other,other,other,other,other,other,other
1018,subgenre-current,novela romántica,other,80,,5,1,nh0255,other,other,other,other,other,other,other,other,other,other,other
1019,subgenre-current,novela romántica,other,80,,5,1,nh0256,other,other,other,other,other,other,other,other,other,other,other
1020,subgenre-current,novela romántica,other,80,,6,1,nh0001,novela romántica,novela romántica,novela romántica,novela romántica,novela romántica,novela romántica,novela romántica,novela romántica,novela romántica,novela romántica,novela romántica
1021,subgenre-current,novela romántica,other,80,,6,1,nh0002,other,other,other,other,other,other,other,other,other,other,other
1022,subgenre-current,novela romántica,other,80,,6,1,nh0003,novela romántica,novela romántica,novela romántica,novela romántica,novela romántica,novela romántica,novela romántica,novela romántica,novela romántica,novela romántica,novela romántica
1023,subgenre-current,novela romántica,other,80,,6,1,nh0005,novela romántica,novela romántica,novela romántica,novela romántica,novela romántica,novela romántica,novela romántica,novela romántica,novela romántica,novela romántica,novela romántica
1024,subgenre-current,novela romántica,other,80,,6,1,nh0006,novela romántica,novela romántica,novela romántica,novela romántica,novela romántica,novela romántica,novela romántica,novela romántica,novela romántica,novela romántica,novela romántica
1025,subgenre-current,novela romántica,other,80,,6,1,nh0007,novela romántica,novela romántica,novela romántica,novela romántica,novela romántica,novela romántica,novela romántica,novela romántica,novela romántica,novela romántica,novela romántica
1026,subgenre-current,novela romántica,other,80,,6,1,nh0008,other,other,other,other,other,other,other,other,other,other,other
1027,subgenre-current,novela romántica,other,80,,6,1,nh0009,novela romántica,novela romántica,novela romántica,novela romántica,novela romántica,novela romántica,novela romántica,novela romántica,novela romántica,novela romántica,novela romántica
1028,subgenre-current,novela romántica,other,80,,6,1,nh0010,other,other,other,other,other,other,other,other,other,other,other
1029,subgenre-current,novela romántica,other,80,,6,1,nh0011,other,other,other,other,other,other,other,other,other,other,other
1030,subgenre-current,novela romántica,other,80,,6,1,nh0012,other,other,other,other,other,other,other,other,other,other,other
1031,subgenre-current,novela romántica,other,80,,6,1,nh0013,other,other,other,other,other,other,other,other,other,other,other
1032,subgenre-current,novela romántica,other,80,,6,1,nh0015,other,novela romántica,other,other,other,other,other,other,other,other,other
1033,subgenre-current,novela romántica,other,80,,6,1,nh0016,novela romántica,novela romántica,novela romántica,novela romántica,novela romántica,novela romántica,novela romántica,novela romántica,novela romántica,novela romántica,novela romántica
1034,subgenre-current,novela romántica,other,80,,6,1,nh0017,novela romántica,novela romántica,novela romántica,novela romántica,novela romántica,novela romántica,novela romántica,novela romántica,novela romántica,novela romántica,novela romántica
1035,subgenre-current,novela romántica,other,80,,6,1,nh0019,other,other,other,other,other,other,other,other,other,other,other
1036,subgenre-current,novela romántica,other,80,,6,1,nh0022,other,other,novela romántica,other,other,other,other,other,other,other,other
1037,subgenre-current,novela romántica,other,80,,6,1,nh0023,other,other,other,other,other,other,other,other,other,other,other
1038,subgenre-current,novela romántica,other,80,,6,1,nh0024,novela romántica,novela romántica,novela romántica,novela romántica,novela romántica,novela romántica,novela romántica,novela romántica,novela romántica,novela romántica,novela romántica
1039,subgenre-current,novela romántica,other,80,,6,1,nh0025,novela romántica,novela romántica,novela romántica,novela romántica,novela romántica,novela romántica,novela romántica,novela romántica,novela romántica,novela romántica,novela romántica
1040,subgenre-current,novela romántica,other,80,,6,1,nh0026,novela romántica,novela romántica,novela romántica,novela romántica,novela romántica,novela romántica,novela romántica,novela romántica,novela romántica,novela romántica,novela romántica
1041,subgenre-current,novela romántica,other,80,,6,1,nh0027,other,other,other,other,other,other,other,other,other,other,other
1042,subgenre-current,novela romántica,other,80,,6,1,nh0028,other,other,novela romántica,other,other,other,other,other,other,other,other
1043,subgenre-current,novela romántica,other,80,,6,1,nh0029,other,other,other,other,other,other,other,other,other,other,other
1044,subgenre-current,novela romántica,other,80,,6,1,nh0030,other,other,other,other,other,other,other,other,other,other,other
1045,subgenre-current,novela romántica,other,80,,6,1,nh0031,other,other,other,other,other,other,other,other,other,other,other
1046,subgenre-current,novela romántica,other,80,,6,1,nh0032,other,other,other,other,other,other,other,other,other,other,other
1047,subgenre-current,novela romántica,other,80,,6,1,nh0033,other,other,other,other,other,other,other,other,other,other,other
1048,subgenre-current,novela romántica,other,80,,6,1,nh0034,other,other,other,other,other,other,other,other,other,other,other
1049,subgenre-current,novela romántica,other,80,,6,1,nh0035,novela romántica,novela romántica,novela romántica,novela romántica,novela romántica,novela romántica,novela romántica,novela romántica,novela romántica,novela romántica,novela romántica
1050,subgenre-current,novela romántica,other,80,,6,1,nh0036,other,other,other,other,other,other,other,other,other,other,other
1051,subgenre-current,novela romántica,other,80,,6,1,nh0037,novela romántica,novela romántica,novela romántica,novela romántica,novela romántica,novela romántica,novela romántica,novela romántica,novela romántica,novela romántica,novela romántica
1052,subgenre-current,novela romántica,other,80,,6,1,nh0038,other,other,other,other,other,other,other,other,other,other,other
1053,subgenre-current,novela romántica,other,80,,6,1,nh0039,other,other,other,other,other,other,other,other,other,other,other
1054,subgenre-current,novela romántica,other,80,,6,1,nh0040,novela romántica,novela romántica,novela romántica,novela romántica,novela romántica,novela romántica,novela romántica,novela romántica,novela romántica,novela romántica,novela romántica
1055,subgenre-current,novela romántica,other,80,,6,1,nh0041,novela romántica,novela romántica,novela romántica,novela romántica,novela romántica,novela romántica,novela romántica,novela romántica,novela romántica,novela romántica,novela romántica
1056,subgenre-current,novela romántica,other,80,,6,1,nh0043,novela romántica,novela romántica,novela romántica,novela romántica,novela romántica,novela romántica,novela romántica,novela romántica,novela romántica,novela romántica,novela romántica
1057,subgenre-current,novela romántica,other,80,,6,1,nh0044,other,other,other,other,other,other,other,other,other,other,other
1058,subgenre-current,novela romántica,other,80,,6,1,nh0045,novela romántica,novela romántica,novela romántica,novela romántica,novela romántica,novela romántica,novela romántica,novela romántica,novela romántica,novela romántica,novela romántica
1059,subgenre-current,novela romántica,other,80,,6,1,nh0046,other,other,other,other,other,other,other,other,other,other,other
1060,subgenre-current,novela romántica,other,80,,6,1,nh0047,other,other,other,other,other,other,other,other,other,other,other
1061,subgenre-current,novela romántica,other,80,,6,1,nh0048,other,other,other,other,other,other,other,other,other,other,other
1062,subgenre-current,novela romántica,other,80,,6,1,nh0049,novela romántica,novela romántica,novela romántica,novela romántica,novela romántica,novela romántica,novela romántica,novela romántica,novela romántica,novela romántica,novela romántica
1063,subgenre-current,novela romántica,other,80,,6,1,nh0052,other,other,other,other,other,other,other,other,other,other,other
1064,subgenre-current,novela romántica,other,80,,6,1,nh0054,novela romántica,novela romántica,novela romántica,novela romántica,novela romántica,novela romántica,novela romántica,novela romántica,novela romántica,novela romántica,novela romántica
1065,subgenre-current,novela romántica,other,80,,6,1,nh0055,novela romántica,novela romántica,novela romántica,novela romántica,novela romántica,novela romántica,novela romántica,novela romántica,novela romántica,novela romántica,novela romántica
1066,subgenre-current,novela romántica,other,80,,6,1,nh0056,novela romántica,novela romántica,novela romántica,novela romántica,novela romántica,novela romántica,novela romántica,novela romántica,novela romántica,novela romántica,novela romántica
1067,subgenre-current,novela romántica,other,80,,6,1,nh0057,other,other,other,other,other,other,other,other,other,other,other
1068,subgenre-current,novela romántica,other,80,,6,1,nh0058,other,other,other,other,other,other,other,other,other,other,other
1069,subgenre-current,novela romántica,other,80,,6,1,nh0059,other,other,other,other,other,other,other,other,other,other,other
1070,subgenre-current,novela romántica,other,80,,6,1,nh0060,other,other,other,other,other,other,other,other,other,other,other
1071,subgenre-current,novela romántica,other,80,,6,1,nh0062,other,other,other,other,other,other,other,other,other,other,other
1072,subgenre-current,novela romántica,other,80,,6,1,nh0063,novela romántica,novela romántica,novela romántica,novela romántica,novela romántica,novela romántica,novela romántica,novela romántica,novela romántica,novela romántica,novela romántica
1073,subgenre-current,novela romántica,other,80,,6,1,nh0064,novela romántica,novela romántica,novela romántica,novela romántica,novela romántica,novela romántica,novela romántica,novela romántica,novela romántica,novela romántica,novela romántica
1074,subgenre-current,novela romántica,other,80,,6,1,nh0065,novela romántica,novela romántica,novela romántica,novela romántica,novela romántica,novela romántica,novela romántica,novela romántica,novela romántica,novela romántica,novela romántica
1075,subgenre-current,novela romántica,other,80,,6,1,nh0067,other,other,other,other,other,other,other,other,other,other,other
1076,subgenre-current,novela romántica,other,80,,6,1,nh0068,other,other,other,other,other,other,other,other,other,other,other
1077,subgenre-current,novela romántica,other,80,,6,1,nh0069,novela romántica,novela romántica,novela romántica,novela romántica,novela romántica,novela romántica,novela romántica,novela romántica,novela romántica,novela romántica,novela romántica
1078,subgenre-current,novela romántica,other,80,,6,1,nh0071,novela romántica,novela romántica,novela romántica,novela romántica,novela romántica,novela romántica,novela romántica,novela romántica,novela romántica,novela romántica,novela romántica
1079,subgenre-current,novela romántica,other,80,,6,1,nh0072,novela romántica,novela romántica,novela romántica,novela romántica,novela romántica,novela romántica,novela romántica,novela romántica,novela romántica,novela romántica,novela romántica
1080,subgenre-current,novela romántica,other,80,,6,1,nh0073,novela romántica,novela romántica,novela romántica,novela romántica,novela romántica,novela romántica,novela romántica,novela romántica,novela romántica,novela romántica,novela romántica
1081,subgenre-current,novela romántica,other,80,,6,1,nh0074,other,other,other,other,other,other,other,other,other,other,other
1082,subgenre-current,novela romántica,other,80,,6,1,nh0075,other,other,other,other,other,other,other,other,other,other,other
1083,subgenre-current,novela romántica,other,80,,6,1,nh0076,other,other,other,other,other,other,other,other,other,other,other
1084,subgenre-current,novela romántica,other,80,,6,1,nh0080,other,other,other,other,other,other,other,other,other,other,other
1085,subgenre-current,novela romántica,other,80,,6,1,nh0082,novela romántica,novela romántica,novela romántica,novela romántica,other,novela romántica,novela romántica,novela romántica,novela romántica,novela romántica,novela romántica
1086,subgenre-current,novela romántica,other,80,,6,1,nh0084,other,other,other,other,other,other,other,other,other,other,other
1087,subgenre-current,novela romántica,other,80,,6,1,nh0086,other,other,other,other,other,other,other,other,other,other,other
1088,subgenre-current,novela romántica,other,80,,6,1,nh0088,other,other,other,other,other,other,other,other,other,other,other
1089,subgenre-current,novela romántica,other,80,,6,1,nh0089,other,other,other,other,other,other,other,other,other,other,other
1090,subgenre-current,novela romántica,other,80,,6,1,nh0090,other,other,other,other,other,other,novela romántica,other,other,other,other
1091,subgenre-current,novela romántica,other,80,,6,1,nh0092,novela romántica,novela romántica,novela romántica,novela romántica,novela romántica,novela romántica,novela romántica,novela romántica,novela romántica,novela romántica,novela romántica
1092,subgenre-current,novela romántica,other,80,,6,1,nh0095,novela romántica,novela romántica,novela romántica,novela romántica,novela romántica,novela romántica,novela romántica,novela romántica,novela romántica,novela romántica,novela romántica
1093,subgenre-current,novela romántica,other,80,,6,1,nh0096,novela romántica,novela romántica,novela romántica,novela romántica,novela romántica,novela romántica,novela romántica,novela romántica,novela romántica,novela romántica,novela romántica
1094,subgenre-current,novela romántica,other,80,,6,1,nh0097,novela romántica,novela romántica,novela romántica,novela romántica,novela romántica,novela romántica,novela romántica,novela romántica,novela romántica,novela romántica,novela romántica
1095,subgenre-current,novela romántica,other,80,,6,1,nh0098,novela romántica,novela romántica,novela romántica,novela romántica,novela romántica,novela romántica,novela romántica,novela romántica,novela romántica,novela romántica,novela romántica
1096,subgenre-current,novela romántica,other,80,,6,1,nh0099,other,other,other,other,other,other,other,other,other,other,other
1097,subgenre-current,novela romántica,other,80,,6,1,nh0102,novela romántica,novela romántica,novela romántica,novela romántica,novela romántica,novela romántica,novela romántica,novela romántica,novela romántica,novela romántica,novela romántica
1098,subgenre-current,novela romántica,other,80,,6,1,nh0104,novela romántica,novela romántica,novela romántica,novela romántica,novela romántica,novela romántica,novela romántica,novela romántica,novela romántica,novela romántica,novela romántica
1099,subgenre-current,novela romántica,other,80,,6,1,nh0105,novela romántica,novela romántica,novela romántica,novela romántica,novela romántica,other,novela romántica,novela romántica,novela romántica,novela romántica,novela romántica
1100,subgenre-current,novela romántica,other,80,,6,1,nh0106,novela romántica,novela romántica,novela romántica,novela romántica,novela romántica,novela romántica,novela romántica,novela romántica,novela romántica,novela romántica,novela romántica
1101,subgenre-current,novela romántica,other,80,,6,1,nh0108,novela romántica,novela romántica,novela romántica,novela romántica,novela romántica,other,novela romántica,novela romántica,novela romántica,novela romántica,novela romántica
1102,subgenre-current,novela romántica,other,80,,6,1,nh0109,other,other,other,other,other,other,other,other,other,other,other
1103,subgenre-current,novela romántica,other,80,,6,1,nh0110,novela romántica,novela romántica,novela romántica,novela romántica,novela romántica,novela romántica,novela romántica,novela romántica,novela romántica,novela romántica,novela romántica
1104,subgenre-current,novela romántica,other,80,,6,1,nh0111,novela romántica,novela romántica,novela romántica,novela romántica,novela romántica,novela romántica,novela romántica,novela romántica,novela romántica,novela romántica,novela romántica
1105,subgenre-current,novela romántica,other,80,,6,1,nh0113,novela romántica,novela romántica,novela romántica,novela romántica,novela romántica,novela romántica,novela romántica,novela romántica,novela romántica,novela romántica,novela romántica
1106,subgenre-current,novela romántica,other,80,,6,1,nh0114,other,other,other,other,other,other,other,other,other,other,other
1107,subgenre-current,novela romántica,other,80,,6,1,nh0115,novela romántica,novela romántica,novela romántica,novela romántica,novela romántica,novela romántica,novela romántica,novela romántica,novela romántica,novela romántica,novela romántica
1108,subgenre-current,novela romántica,other,80,,6,1,nh0118,novela romántica,novela romántica,novela romántica,novela romántica,novela romántica,other,novela romántica,novela romántica,novela romántica,novela romántica,novela romántica
1109,subgenre-current,novela romántica,other,80,,6,1,nh0119,other,other,other,other,other,other,other,other,other,other,other
1110,subgenre-current,novela romántica,other,80,,6,1,nh0121,novela romántica,novela romántica,novela romántica,novela romántica,novela romántica,novela romántica,novela romántica,novela romántica,novela romántica,novela romántica,novela romántica
1111,subgenre-current,novela romántica,other,80,,6,1,nh0122,novela romántica,novela romántica,novela romántica,novela romántica,novela romántica,novela romántica,novela romántica,novela romántica,novela romántica,novela romántica,novela romántica
1112,subgenre-current,novela romántica,other,80,,6,1,nh0124,novela romántica,novela romántica,novela romántica,novela romántica,novela romántica,novela romántica,novela romántica,novela romántica,novela romántica,novela romántica,novela romántica
1113,subgenre-current,novela romántica,other,80,,6,1,nh0125,novela romántica,novela romántica,novela romántica,novela romántica,novela romántica,novela romántica,novela romántica,novela romántica,novela romántica,novela romántica,novela romántica
1114,subgenre-current,novela romántica,other,80,,6,1,nh0126,novela romántica,novela romántica,novela romántica,novela romántica,novela romántica,novela romántica,novela romántica,novela romántica,novela romántica,novela romántica,novela romántica
1115,subgenre-current,novela romántica,other,80,,6,1,nh0127,other,other,other,other,other,other,other,other,other,other,other
1116,subgenre-current,novela romántica,other,80,,6,1,nh0131,novela romántica,novela romántica,novela romántica,novela romántica,novela romántica,novela romántica,other,novela romántica,novela romántica,novela romántica,novela romántica
1117,subgenre-current,novela romántica,other,80,,6,1,nh0133,other,other,other,other,other,other,other,other,other,other,other
1118,subgenre-current,novela romántica,other,80,,6,1,nh0135,other,other,other,other,other,other,novela romántica,other,other,other,other
1119,subgenre-current,novela romántica,other,80,,6,1,nh0136,other,other,other,other,other,other,other,other,other,other,other
1120,subgenre-current,novela romántica,other,80,,6,1,nh0138,novela romántica,novela romántica,novela romántica,novela romántica,novela romántica,novela romántica,novela romántica,novela romántica,novela romántica,novela romántica,novela romántica
1121,subgenre-current,novela romántica,other,80,,6,1,nh0140,novela romántica,novela romántica,novela romántica,novela romántica,novela romántica,novela romántica,novela romántica,novela romántica,novela romántica,novela romántica,novela romántica
1122,subgenre-current,novela romántica,other,80,,6,1,nh0141,novela romántica,novela romántica,novela romántica,novela romántica,novela romántica,novela romántica,novela romántica,novela romántica,novela romántica,novela romántica,novela romántica
1123,subgenre-current,novela romántica,other,80,,6,1,nh0142,novela romántica,novela romántica,novela romántica,novela romántica,novela romántica,novela romántica,novela romántica,novela romántica,novela romántica,novela romántica,novela romántica
1124,subgenre-current,novela romántica,other,80,,6,1,nh0144,novela romántica,novela romántica,novela romántica,novela romántica,novela romántica,novela romántica,novela romántica,other,novela romántica,novela romántica,novela romántica
1125,subgenre-current,novela romántica,other,80,,6,1,nh0147,novela romántica,novela romántica,novela romántica,novela romántica,novela romántica,novela romántica,novela romántica,novela romántica,novela romántica,novela romántica,novela romántica
1126,subgenre-current,novela romántica,other,80,,6,1,nh0148,other,other,other,other,other,other,other,other,other,other,other
1127,subgenre-current,novela romántica,other,80,,6,1,nh0150,novela romántica,novela romántica,novela romántica,novela romántica,novela romántica,novela romántica,novela romántica,novela romántica,novela romántica,novela romántica,novela romántica
1128,subgenre-current,novela romántica,other,80,,6,1,nh0152,novela romántica,novela romántica,novela romántica,novela romántica,novela romántica,novela romántica,novela romántica,novela romántica,novela romántica,novela romántica,novela romántica
1129,subgenre-current,novela romántica,other,80,,6,1,nh0155,other,other,other,other,other,other,other,other,other,other,other
1130,subgenre-current,novela romántica,other,80,,6,1,nh0159,novela romántica,novela romántica,novela romántica,novela romántica,novela romántica,novela romántica,novela romántica,novela romántica,novela romántica,novela romántica,novela romántica
1131,subgenre-current,novela romántica,other,80,,6,1,nh0161,novela romántica,novela romántica,novela romántica,novela romántica,novela romántica,novela romántica,novela romántica,novela romántica,novela romántica,novela romántica,novela romántica
1132,subgenre-current,novela romántica,other,80,,6,1,nh0163,other,other,other,other,other,other,other,other,other,other,other
1133,subgenre-current,novela romántica,other,80,,6,1,nh0164,other,other,other,other,other,other,other,other,other,other,other
1134,subgenre-current,novela romántica,other,80,,6,1,nh0165,other,other,other,other,other,other,other,other,other,other,other
1135,subgenre-current,novela romántica,other,80,,6,1,nh0169,novela romántica,novela romántica,novela romántica,novela romántica,novela romántica,novela romántica,novela romántica,novela romántica,novela romántica,novela romántica,novela romántica
1136,subgenre-current,novela romántica,other,80,,6,1,nh0171,novela romántica,novela romántica,novela romántica,novela romántica,novela romántica,novela romántica,novela romántica,novela romántica,novela romántica,novela romántica,novela romántica
1137,subgenre-current,novela romántica,other,80,,6,1,nh0172,novela romántica,novela romántica,novela romántica,novela romántica,novela romántica,novela romántica,novela romántica,novela romántica,novela romántica,novela romántica,novela romántica
1138,subgenre-current,novela romántica,other,80,,6,1,nh0173,other,other,other,other,other,other,other,other,other,other,other
1139,subgenre-current,novela romántica,other,80,,6,1,nh0174,other,other,other,other,other,other,other,other,other,other,other
1140,subgenre-current,novela romántica,other,80,,6,1,nh0175,other,other,other,other,other,other,other,other,other,other,other
1141,subgenre-current,novela romántica,other,80,,6,1,nh0177,other,other,other,other,other,other,other,other,other,other,other
1142,subgenre-current,novela romántica,other,80,,6,1,nh0178,novela romántica,novela romántica,novela romántica,novela romántica,novela romántica,novela romántica,novela romántica,novela romántica,novela romántica,novela romántica,novela romántica
1143,subgenre-current,novela romántica,other,80,,6,1,nh0179,other,other,other,other,other,other,other,other,other,other,other
1144,subgenre-current,novela romántica,other,80,,6,1,nh0180,novela romántica,novela romántica,novela romántica,novela romántica,novela romántica,novela romántica,novela romántica,novela romántica,novela romántica,novela romántica,novela romántica
1145,subgenre-current,novela romántica,other,80,,6,1,nh0183,novela romántica,novela romántica,novela romántica,novela romántica,novela romántica,novela romántica,novela romántica,novela romántica,novela romántica,novela romántica,novela romántica
1146,subgenre-current,novela romántica,other,80,,6,1,nh0188,novela romántica,novela romántica,novela romántica,novela romántica,novela romántica,novela romántica,novela romántica,novela romántica,novela romántica,novela romántica,novela romántica
1147,subgenre-current,novela romántica,other,80,,6,1,nh0189,other,other,other,other,other,other,other,other,other,other,other
1148,subgenre-current,novela romántica,other,80,,6,1,nh0190,other,other,other,other,other,other,other,other,other,other,other
1149,subgenre-current,novela romántica,other,80,,6,1,nh0191,other,other,other,other,other,other,other,other,other,other,other
1150,subgenre-current,novela romántica,other,80,,6,1,nh0192,other,other,other,other,other,other,other,other,other,other,other
1151,subgenre-current,novela romántica,other,80,,6,1,nh0193,other,other,other,other,other,other,other,other,other,other,other
1152,subgenre-current,novela romántica,other,80,,6,1,nh0194,other,other,other,other,other,other,other,other,other,other,other
1153,subgenre-current,novela romántica,other,80,,6,1,nh0196,novela romántica,novela romántica,novela romántica,novela romántica,novela romántica,novela romántica,novela romántica,novela romántica,novela romántica,novela romántica,novela romántica
1154,subgenre-current,novela romántica,other,80,,6,1,nh0198,other,other,other,other,other,other,other,other,other,other,other
1155,subgenre-current,novela romántica,other,80,,6,1,nh0199,novela romántica,novela romántica,novela romántica,novela romántica,novela romántica,novela romántica,novela romántica,novela romántica,novela romántica,novela romántica,novela romántica
1156,subgenre-current,novela romántica,other,80,,6,1,nh0201,novela romántica,novela romántica,novela romántica,novela romántica,novela romántica,novela romántica,novela romántica,novela romántica,novela romántica,novela romántica,novela romántica
1157,subgenre-current,novela romántica,other,80,,6,1,nh0202,other,other,other,other,other,other,other,other,other,novela romántica,other
1158,subgenre-current,novela romántica,other,80,,6,1,nh0204,other,other,other,other,other,other,other,other,other,other,other
1159,subgenre-current,novela romántica,other,80,,6,1,nh0205,other,other,other,other,other,other,other,other,other,other,other
1160,subgenre-current,novela romántica,other,80,,6,1,nh0206,other,other,other,other,other,other,other,other,other,novela romántica,other
1161,subgenre-current,novela romántica,other,80,,6,1,nh0208,other,other,other,other,other,other,other,other,other,other,other
1162,subgenre-current,novela romántica,other,80,,6,1,nh0210,other,other,other,other,other,other,other,other,other,novela romántica,other
1163,subgenre-current,novela romántica,other,80,,6,1,nh0214,other,other,other,other,other,other,other,other,other,novela romántica,other
1164,subgenre-current,novela romántica,other,80,,6,1,nh0216,novela romántica,novela romántica,novela romántica,novela romántica,novela romántica,novela romántica,novela romántica,novela romántica,novela romántica,novela romántica,novela romántica
1165,subgenre-current,novela romántica,other,80,,6,1,nh0217,other,other,other,other,other,other,other,other,other,other,other
1166,subgenre-current,novela romántica,other,80,,6,1,nh0219,novela romántica,novela romántica,novela romántica,novela romántica,novela romántica,novela romántica,novela romántica,novela romántica,novela romántica,novela romántica,novela romántica
1167,subgenre-current,novela romántica,other,80,,6,1,nh0220,novela romántica,novela romántica,novela romántica,novela romántica,novela romántica,novela romántica,novela romántica,novela romántica,novela romántica,novela romántica,novela romántica
1168,subgenre-current,novela romántica,other,80,,6,1,nh0221,other,other,other,other,other,other,other,other,other,other,other
1169,subgenre-current,novela romántica,other,80,,6,1,nh0223,other,other,other,other,other,other,other,other,other,other,other
1170,subgenre-current,novela romántica,other,80,,6,1,nh0224,novela romántica,novela romántica,novela romántica,novela romántica,novela romántica,novela romántica,novela romántica,novela romántica,novela romántica,novela romántica,novela romántica
1171,subgenre-current,novela romántica,other,80,,6,1,nh0225,novela romántica,novela romántica,novela romántica,novela romántica,novela romántica,novela romántica,novela romántica,novela romántica,novela romántica,novela romántica,novela romántica
1172,subgenre-current,novela romántica,other,80,,6,1,nh0226,novela romántica,novela romántica,novela romántica,novela romántica,novela romántica,novela romántica,novela romántica,novela romántica,novela romántica,novela romántica,novela romántica
1173,subgenre-current,novela romántica,other,80,,6,1,nh0227,novela romántica,novela romántica,novela romántica,novela romántica,novela romántica,novela romántica,novela romántica,novela romántica,novela romántica,novela romántica,novela romántica
1174,subgenre-current,novela romántica,other,80,,6,1,nh0229,other,other,other,other,other,other,other,other,other,other,other
1175,subgenre-current,novela romántica,other,80,,6,1,nh0230,other,other,other,other,other,other,other,other,other,other,other
1176,subgenre-current,novela romántica,other,80,,6,1,nh0232,other,other,other,other,other,other,other,other,other,other,other
1177,subgenre-current,novela romántica,other,80,,6,1,nh0235,other,other,other,other,other,other,other,other,other,other,other
1178,subgenre-current,novela romántica,other,80,,6,1,nh0237,novela romántica,novela romántica,novela romántica,novela romántica,novela romántica,novela romántica,novela romántica,novela romántica,novela romántica,novela romántica,novela romántica
1179,subgenre-current,novela romántica,other,80,,6,1,nh0238,novela romántica,novela romántica,novela romántica,novela romántica,novela romántica,novela romántica,novela romántica,novela romántica,novela romántica,novela romántica,novela romántica
1180,subgenre-current,novela romántica,other,80,,6,1,nh0239,other,other,other,other,other,other,other,other,other,other,other
1181,subgenre-current,novela romántica,other,80,,6,1,nh0244,novela romántica,novela romántica,novela romántica,novela romántica,novela romántica,novela romántica,novela romántica,novela romántica,novela romántica,novela romántica,novela romántica
1182,subgenre-current,novela romántica,other,80,,6,1,nh0247,novela romántica,novela romántica,novela romántica,novela romántica,novela romántica,novela romántica,novela romántica,novela romántica,novela romántica,novela romántica,novela romántica
1183,subgenre-current,novela romántica,other,80,,6,1,nh0249,novela romántica,novela romántica,novela romántica,novela romántica,novela romántica,novela romántica,novela romántica,novela romántica,novela romántica,novela romántica,novela romántica
1184,subgenre-current,novela romántica,other,80,,6,1,nh0251,novela romántica,novela romántica,novela romántica,novela romántica,novela romántica,novela romántica,novela romántica,novela romántica,novela romántica,novela romántica,novela romántica
1185,subgenre-current,novela romántica,other,80,,6,1,nh0252,novela romántica,novela romántica,novela romántica,novela romántica,novela romántica,novela romántica,novela romántica,novela romántica,novela romántica,novela romántica,novela romántica
1186,subgenre-current,novela romántica,other,80,,6,1,nh0253,novela romántica,novela romántica,novela romántica,novela romántica,novela romántica,novela romántica,novela romántica,novela romántica,novela romántica,novela romántica,novela romántica
1187,subgenre-current,novela romántica,other,80,,6,1,nh0254,other,other,other,other,other,other,other,other,other,other,other
1188,subgenre-current,novela romántica,other,80,,6,1,nh0255,other,other,other,other,other,other,other,other,other,other,other
1189,subgenre-current,novela romántica,other,80,,6,1,nh0256,other,other,other,other,other,other,other,other,other,other,other
1190,subgenre-current,novela romántica,other,80,,7,1,nh0001,novela romántica,other,novela romántica,novela romántica,novela romántica,novela romántica,novela romántica,novela romántica,novela romántica,novela romántica,novela romántica
1191,subgenre-current,novela romántica,other,80,,7,1,nh0002,other,other,other,other,other,other,other,other,other,other,other
1192,subgenre-current,novela romántica,other,80,,7,1,nh0003,novela romántica,novela romántica,novela romántica,novela romántica,novela romántica,novela romántica,novela romántica,novela romántica,novela romántica,novela romántica,novela romántica
1193,subgenre-current,novela romántica,other,80,,7,1,nh0005,novela romántica,novela romántica,novela romántica,novela romántica,novela romántica,novela romántica,novela romántica,novela romántica,novela romántica,novela romántica,novela romántica
1194,subgenre-current,novela romántica,other,80,,7,1,nh0006,novela romántica,novela romántica,novela romántica,novela romántica,novela romántica,novela romántica,novela romántica,novela romántica,novela romántica,novela romántica,novela romántica
1195,subgenre-current,novela romántica,other,80,,7,1,nh0007,novela romántica,novela romántica,novela romántica,novela romántica,novela romántica,novela romántica,novela romántica,novela romántica,novela romántica,novela romántica,novela romántica
1196,subgenre-current,novela romántica,other,80,,7,1,nh0008,other,other,other,other,other,other,other,other,other,other,other
1197,subgenre-current,novela romántica,other,80,,7,1,nh0010,other,other,other,other,other,other,other,other,other,other,other
1198,subgenre-current,novela romántica,other,80,,7,1,nh0011,other,other,other,other,other,other,other,other,other,other,other
1199,subgenre-current,novela romántica,other,80,,7,1,nh0012,other,other,other,other,other,other,other,other,other,other,other
1200,subgenre-current,novela romántica,other,80,,7,1,nh0013,other,other,other,other,other,other,other,other,other,other,other
1201,subgenre-current,novela romántica,other,80,,7,1,nh0015,other,novela romántica,other,other,other,other,other,other,other,other,other
1202,subgenre-current,novela romántica,other,80,,7,1,nh0016,novela romántica,other,novela romántica,novela romántica,novela romántica,novela romántica,novela romántica,novela romántica,novela romántica,novela romántica,novela romántica
1203,subgenre-current,novela romántica,other,80,,7,1,nh0017,novela romántica,novela romántica,novela romántica,novela romántica,novela romántica,novela romántica,novela romántica,novela romántica,novela romántica,novela romántica,novela romántica
1204,subgenre-current,novela romántica,other,80,,7,1,nh0019,other,other,other,other,other,other,other,other,other,other,other
1205,subgenre-current,novela romántica,other,80,,7,1,nh0021,novela romántica,other,novela romántica,novela romántica,novela romántica,novela romántica,novela romántica,novela romántica,novela romántica,novela romántica,novela romántica
1206,subgenre-current,novela romántica,other,80,,7,1,nh0022,other,other,other,other,other,other,other,other,other,other,other
1207,subgenre-current,novela romántica,other,80,,7,1,nh0023,other,other,other,other,other,other,other,other,other,other,other
1208,subgenre-current,novela romántica,other,80,,7,1,nh0024,novela romántica,novela romántica,novela romántica,novela romántica,novela romántica,novela romántica,novela romántica,novela romántica,novela romántica,novela romántica,novela romántica
1209,subgenre-current,novela romántica,other,80,,7,1,nh0025,novela romántica,novela romántica,novela romántica,novela romántica,novela romántica,novela romántica,novela romántica,novela romántica,novela romántica,novela romántica,novela romántica
1210,subgenre-current,novela romántica,other,80,,7,1,nh0027,other,other,other,other,other,other,other,other,other,other,other
1211,subgenre-current,novela romántica,other,80,,7,1,nh0028,other,other,novela romántica,other,other,other,other,other,other,other,other
1212,subgenre-current,novela romántica,other,80,,7,1,nh0029,other,other,other,other,other,other,other,other,other,other,other
1213,subgenre-current,novela romántica,other,80,,7,1,nh0030,other,other,other,other,other,other,other,other,other,other,other
1214,subgenre-current,novela romántica,other,80,,7,1,nh0031,other,other,other,other,other,other,other,other,other,other,other
1215,subgenre-current,novela romántica,other,80,,7,1,nh0032,other,other,other,other,other,other,other,other,other,other,other
1216,subgenre-current,novela romántica,other,80,,7,1,nh0033,other,other,other,other,other,other,other,other,other,other,other
1217,subgenre-current,novela romántica,other,80,,7,1,nh0034,other,other,other,other,other,other,other,other,other,other,other
1218,subgenre-current,novela romántica,other,80,,7,1,nh0035,novela romántica,novela romántica,novela romántica,novela romántica,novela romántica,novela romántica,novela romántica,novela romántica,novela romántica,novela romántica,novela romántica
1219,subgenre-current,novela romántica,other,80,,7,1,nh0036,other,other,other,other,other,other,other,other,other,other,other
1220,subgenre-current,novela romántica,other,80,,7,1,nh0037,novela romántica,novela romántica,novela romántica,novela romántica,novela romántica,novela romántica,novela romántica,novela romántica,novela romántica,novela romántica,novela romántica
1221,subgenre-current,novela romántica,other,80,,7,1,nh0038,other,other,other,other,other,other,other,other,other,other,other
1222,subgenre-current,novela romántica,other,80,,7,1,nh0039,other,other,other,other,other,other,other,other,other,other,other
1223,subgenre-current,novela romántica,other,80,,7,1,nh0040,novela romántica,novela romántica,novela romántica,novela romántica,novela romántica,novela romántica,novela romántica,novela romántica,novela romántica,novela romántica,novela romántica
1224,subgenre-current,novela romántica,other,80,,7,1,nh0041,novela romántica,novela romántica,novela romántica,novela romántica,novela romántica,novela romántica,novela romántica,novela romántica,novela romántica,novela romántica,novela romántica
1225,subgenre-current,novela romántica,other,80,,7,1,nh0043,novela romántica,novela romántica,novela romántica,novela romántica,novela romántica,novela romántica,novela romántica,novela romántica,novela romántica,novela romántica,novela romántica
1226,subgenre-current,novela romántica,other,80,,7,1,nh0044,other,other,other,other,other,other,other,other,other,other,other
1227,subgenre-current,novela romántica,other,80,,7,1,nh0045,novela romántica,novela romántica,novela romántica,novela romántica,novela romántica,novela romántica,novela romántica,novela romántica,novela romántica,novela romántica,novela romántica
1228,subgenre-current,novela romántica,other,80,,7,1,nh0046,other,other,other,other,other,other,other,other,other,other,other
1229,subgenre-current,novela romántica,other,80,,7,1,nh0047,other,other,other,other,other,other,other,other,other,other,other
1230,subgenre-current,novela romántica,other,80,,7,1,nh0048,other,other,other,other,other,other,other,other,other,other,other
1231,subgenre-current,novela romántica,other,80,,7,1,nh0049,novela romántica,novela romántica,novela romántica,novela romántica,novela romántica,novela romántica,novela romántica,novela romántica,novela romántica,novela romántica,novela romántica
1232,subgenre-current,novela romántica,other,80,,7,1,nh0050,novela romántica,novela romántica,novela romántica,novela romántica,novela romántica,novela romántica,novela romántica,novela romántica,novela romántica,novela romántica,novela romántica
1233,subgenre-current,novela romántica,other,80,,7,1,nh0052,other,other,other,other,other,other,other,other,other,other,other
1234,subgenre-current,novela romántica,other,80,,7,1,nh0053,novela romántica,novela romántica,novela romántica,novela romántica,novela romántica,novela romántica,novela romántica,novela romántica,novela romántica,novela romántica,novela romántica
1235,subgenre-current,novela romántica,other,80,,7,1,nh0054,novela romántica,novela romántica,novela romántica,novela romántica,novela romántica,novela romántica,novela romántica,novela romántica,novela romántica,novela romántica,novela romántica
1236,subgenre-current,novela romántica,other,80,,7,1,nh0055,novela romántica,novela romántica,novela romántica,novela romántica,novela romántica,novela romántica,novela romántica,novela romántica,novela romántica,novela romántica,novela romántica
1237,subgenre-current,novela romántica,other,80,,7,1,nh0056,novela romántica,novela romántica,novela romántica,novela romántica,novela romántica,novela romántica,novela romántica,novela romántica,novela romántica,novela romántica,novela romántica
1238,subgenre-current,novela romántica,other,80,,7,1,nh0057,other,other,other,other,other,other,other,other,other,other,other
1239,subgenre-current,novela romántica,other,80,,7,1,nh0058,other,other,other,other,other,other,other,other,other,other,other
1240,subgenre-current,novela romántica,other,80,,7,1,nh0059,other,other,other,other,other,other,other,other,other,other,other
1241,subgenre-current,novela romántica,other,80,,7,1,nh0060,other,other,other,other,other,other,other,other,other,other,other
1242,subgenre-current,novela romántica,other,80,,7,1,nh0062,other,other,other,other,other,other,other,other,other,other,other
1243,subgenre-current,novela romántica,other,80,,7,1,nh0063,novela romántica,novela romántica,novela romántica,novela romántica,novela romántica,novela romántica,novela romántica,novela romántica,novela romántica,novela romántica,novela romántica
1244,subgenre-current,novela romántica,other,80,,7,1,nh0064,novela romántica,novela romántica,novela romántica,novela romántica,novela romántica,novela romántica,novela romántica,novela romántica,novela romántica,novela romántica,novela romántica
1245,subgenre-current,novela romántica,other,80,,7,1,nh0065,novela romántica,novela romántica,novela romántica,novela romántica,novela romántica,novela romántica,novela romántica,novela romántica,novela romántica,novela romántica,novela romántica
1246,subgenre-current,novela romántica,other,80,,7,1,nh0067,other,other,other,other,other,other,other,other,other,other,other
1247,subgenre-current,novela romántica,other,80,,7,1,nh0068,other,other,other,other,other,other,other,other,other,other,other
1248,subgenre-current,novela romántica,other,80,,7,1,nh0069,novela romántica,novela romántica,novela romántica,novela romántica,novela romántica,novela romántica,novela romántica,novela romántica,novela romántica,novela romántica,novela romántica
1249,subgenre-current,novela romántica,other,80,,7,1,nh0071,novela romántica,novela romántica,novela romántica,novela romántica,novela romántica,novela romántica,novela romántica,novela romántica,novela romántica,novela romántica,novela romántica
1250,subgenre-current,novela romántica,other,80,,7,1,nh0074,other,other,other,other,other,other,other,other,other,other,other
1251,subgenre-current,novela romántica,other,80,,7,1,nh0075,other,other,other,other,other,other,other,other,other,other,other
1252,subgenre-current,novela romántica,other,80,,7,1,nh0076,other,other,other,other,other,other,other,other,other,other,other
1253,subgenre-current,novela romántica,other,80,,7,1,nh0080,other,other,other,other,other,other,other,other,other,other,other
1254,subgenre-current,novela romántica,other,80,,7,1,nh0082,novela romántica,novela romántica,novela romántica,novela romántica,other,novela romántica,novela romántica,novela romántica,novela romántica,novela romántica,novela romántica
1255,subgenre-current,novela romántica,other,80,,7,1,nh0084,other,other,other,other,other,other,other,other,other,other,other
1256,subgenre-current,novela romántica,other,80,,7,1,nh0085,novela romántica,novela romántica,novela romántica,novela romántica,novela romántica,novela romántica,novela romántica,novela romántica,novela romántica,novela romántica,novela romántica
1257,subgenre-current,novela romántica,other,80,,7,1,nh0086,other,other,other,other,other,other,other,other,other,other,other
1258,subgenre-current,novela romántica,other,80,,7,1,nh0087,novela romántica,novela romántica,novela romántica,novela romántica,novela romántica,novela romántica,novela romántica,novela romántica,novela romántica,novela romántica,novela romántica
1259,subgenre-current,novela romántica,other,80,,7,1,nh0088,other,other,other,other,other,other,other,other,other,other,other
1260,subgenre-current,novela romántica,other,80,,7,1,nh0089,other,other,other,other,other,other,other,other,other,other,other
1261,subgenre-current,novela romántica,other,80,,7,1,nh0090,other,other,other,other,other,other,novela romántica,other,other,other,other
1262,subgenre-current,novela romántica,other,80,,7,1,nh0092,novela romántica,novela romántica,novela romántica,novela romántica,novela romántica,novela romántica,novela romántica,novela romántica,novela romántica,novela romántica,novela romántica
1263,subgenre-current,novela romántica,other,80,,7,1,nh0095,novela romántica,novela romántica,novela romántica,novela romántica,novela romántica,novela romántica,novela romántica,novela romántica,novela romántica,novela romántica,novela romántica
1264,subgenre-current,novela romántica,other,80,,7,1,nh0097,novela romántica,novela romántica,novela romántica,novela romántica,novela romántica,novela romántica,novela romántica,novela romántica,novela romántica,novela romántica,novela romántica
1265,subgenre-current,novela romántica,other,80,,7,1,nh0098,novela romántica,novela romántica,novela romántica,novela romántica,novela romántica,novela romántica,novela romántica,novela romántica,novela romántica,novela romántica,novela romántica
1266,subgenre-current,novela romántica,other,80,,7,1,nh0099,other,other,other,other,other,other,other,other,other,other,other
1267,subgenre-current,novela romántica,other,80,,7,1,nh0102,novela romántica,novela romántica,novela romántica,novela romántica,novela romántica,novela romántica,novela romántica,novela romántica,novela romántica,novela romántica,novela romántica
1268,subgenre-current,novela romántica,other,80,,7,1,nh0104,novela romántica,novela romántica,novela romántica,novela romántica,novela romántica,novela romántica,novela romántica,novela romántica,novela romántica,novela romántica,novela romántica
1269,subgenre-current,novela romántica,other,80,,7,1,nh0105,novela romántica,novela romántica,novela romántica,novela romántica,novela romántica,other,novela romántica,novela romántica,novela romántica,novela romántica,novela romántica
1270,subgenre-current,novela romántica,other,80,,7,1,nh0109,other,other,other,other,other,other,other,other,other,other,other
1271,subgenre-current,novela romántica,other,80,,7,1,nh0114,other,other,other,other,other,other,other,other,other,other,other
1272,subgenre-current,novela romántica,other,80,,7,1,nh0115,novela romántica,novela romántica,novela romántica,novela romántica,novela romántica,novela romántica,novela romántica,novela romántica,novela romántica,novela romántica,novela romántica
1273,subgenre-current,novela romántica,other,80,,7,1,nh0116,novela romántica,novela romántica,novela romántica,novela romántica,novela romántica,novela romántica,novela romántica,novela romántica,novela romántica,novela romántica,novela romántica
1274,subgenre-current,novela romántica,other,80,,7,1,nh0117,novela romántica,novela romántica,novela romántica,novela romántica,novela romántica,novela romántica,novela romántica,novela romántica,novela romántica,novela romántica,novela romántica
1275,subgenre-current,novela romántica,other,80,,7,1,nh0119,other,other,other,other,other,other,novela romántica,other,other,other,other
1276,subgenre-current,novela romántica,other,80,,7,1,nh0120,novela romántica,novela romántica,novela romántica,novela romántica,novela romántica,novela romántica,novela romántica,novela romántica,novela romántica,novela romántica,novela romántica
1277,subgenre-current,novela romántica,other,80,,7,1,nh0121,novela romántica,novela romántica,novela romántica,novela romántica,novela romántica,novela romántica,novela romántica,novela romántica,novela romántica,novela romántica,novela romántica
1278,subgenre-current,novela romántica,other,80,,7,1,nh0124,novela romántica,novela romántica,novela romántica,novela romántica,novela romántica,novela romántica,novela romántica,novela romántica,novela romántica,novela romántica,novela romántica
1279,subgenre-current,novela romántica,other,80,,7,1,nh0127,other,other,other,other,other,other,other,other,other,other,other
1280,subgenre-current,novela romántica,other,80,,7,1,nh0129,novela romántica,novela romántica,novela romántica,novela romántica,novela romántica,novela romántica,novela romántica,novela romántica,novela romántica,novela romántica,novela romántica
1281,subgenre-current,novela romántica,other,80,,7,1,nh0131,novela romántica,novela romántica,novela romántica,novela romántica,novela romántica,other,novela romántica,novela romántica,novela romántica,novela romántica,novela romántica
1282,subgenre-current,novela romántica,other,80,,7,1,nh0133,other,other,other,other,other,other,other,other,other,other,other
1283,subgenre-current,novela romántica,other,80,,7,1,nh0135,other,other,other,other,other,other,novela romántica,other,other,other,other
1284,subgenre-current,novela romántica,other,80,,7,1,nh0136,other,other,other,other,other,other,other,other,other,other,other
1285,subgenre-current,novela romántica,other,80,,7,1,nh0138,novela romántica,novela romántica,novela romántica,novela romántica,novela romántica,novela romántica,novela romántica,novela romántica,novela romántica,novela romántica,novela romántica
1286,subgenre-current,novela romántica,other,80,,7,1,nh0140,novela romántica,novela romántica,novela romántica,novela romántica,novela romántica,novela romántica,novela romántica,novela romántica,novela romántica,novela romántica,novela romántica
1287,subgenre-current,novela romántica,other,80,,7,1,nh0141,novela romántica,novela romántica,novela romántica,novela romántica,novela romántica,novela romántica,novela romántica,novela romántica,novela romántica,novela romántica,novela romántica
1288,subgenre-current,novela romántica,other,80,,7,1,nh0142,novela romántica,novela romántica,novela romántica,novela romántica,novela romántica,novela romántica,novela romántica,novela romántica,novela romántica,novela romántica,novela romántica
1289,subgenre-current,novela romántica,other,80,,7,1,nh0143,novela romántica,novela romántica,novela romántica,novela romántica,novela romántica,novela romántica,novela romántica,novela romántica,novela romántica,novela romántica,novela romántica
1290,subgenre-current,novela romántica,other,80,,7,1,nh0144,novela romántica,novela romántica,novela romántica,novela romántica,novela romántica,novela romántica,other,novela romántica,novela romántica,novela romántica,novela romántica
1291,subgenre-current,novela romántica,other,80,,7,1,nh0145,novela romántica,novela romántica,novela romántica,novela romántica,novela romántica,novela romántica,other,novela romántica,novela romántica,novela romántica,novela romántica
1292,subgenre-current,novela romántica,other,80,,7,1,nh0146,novela romántica,novela romántica,novela romántica,novela romántica,novela romántica,novela romántica,novela romántica,novela romántica,novela romántica,novela romántica,novela romántica
1293,subgenre-current,novela romántica,other,80,,7,1,nh0147,novela romántica,novela romántica,novela romántica,novela romántica,novela romántica,novela romántica,novela romántica,other,novela romántica,novela romántica,novela romántica
1294,subgenre-current,novela romántica,other,80,,7,1,nh0148,other,other,other,other,other,other,other,other,other,other,other
1295,subgenre-current,novela romántica,other,80,,7,1,nh0149,novela romántica,novela romántica,novela romántica,novela romántica,novela romántica,novela romántica,novela romántica,novela romántica,novela romántica,novela romántica,novela romántica
1296,subgenre-current,novela romántica,other,80,,7,1,nh0150,novela romántica,novela romántica,novela romántica,novela romántica,novela romántica,novela romántica,novela romántica,novela romántica,novela romántica,novela romántica,novela romántica
1297,subgenre-current,novela romántica,other,80,,7,1,nh0151,novela romántica,novela romántica,novela romántica,novela romántica,novela romántica,novela romántica,novela romántica,novela romántica,novela romántica,novela romántica,novela romántica
1298,subgenre-current,novela romántica,other,80,,7,1,nh0155,other,other,other,other,other,other,other,other,other,other,other
1299,subgenre-current,novela romántica,other,80,,7,1,nh0156,novela romántica,novela romántica,novela romántica,novela romántica,novela romántica,novela romántica,novela romántica,novela romántica,novela romántica,novela romántica,novela romántica
1300,subgenre-current,novela romántica,other,80,,7,1,nh0157,novela romántica,novela romántica,novela romántica,novela romántica,novela romántica,novela romántica,novela romántica,novela romántica,novela romántica,novela romántica,novela romántica
1301,subgenre-current,novela romántica,other,80,,7,1,nh0158,novela romántica,novela romántica,novela romántica,novela romántica,novela romántica,novela romántica,novela romántica,novela romántica,novela romántica,novela romántica,novela romántica
1302,subgenre-current,novela romántica,other,80,,7,1,nh0159,novela romántica,novela romántica,novela romántica,novela romántica,novela romántica,novela romántica,novela romántica,novela romántica,novela romántica,novela romántica,novela romántica
1303,subgenre-current,novela romántica,other,80,,7,1,nh0161,novela romántica,novela romántica,novela romántica,novela romántica,novela romántica,novela romántica,novela romántica,novela romántica,novela romántica,novela romántica,novela romántica
1304,subgenre-current,novela romántica,other,80,,7,1,nh0162,novela romántica,novela romántica,novela romántica,novela romántica,novela romántica,novela romántica,novela romántica,novela romántica,novela romántica,novela romántica,novela romántica
1305,subgenre-current,novela romántica,other,80,,7,1,nh0163,other,other,other,other,other,other,other,other,other,other,other
1306,subgenre-current,novela romántica,other,80,,7,1,nh0164,other,other,other,other,other,other,other,other,other,other,other
1307,subgenre-current,novela romántica,other,80,,7,1,nh0165,other,other,other,other,other,other,other,other,other,other,other
1308,subgenre-current,novela romántica,other,80,,7,1,nh0167,novela romántica,novela romántica,novela romántica,novela romántica,novela romántica,novela romántica,novela romántica,novela romántica,novela romántica,novela romántica,novela romántica
1309,subgenre-current,novela romántica,other,80,,7,1,nh0169,novela romántica,novela romántica,novela romántica,novela romántica,novela romántica,novela romántica,novela romántica,novela romántica,novela romántica,novela romántica,novela romántica
1310,subgenre-current,novela romántica,other,80,,7,1,nh0172,novela romántica,novela romántica,novela romántica,novela romántica,novela romántica,novela romántica,novela romántica,novela romántica,novela romántica,novela romántica,novela romántica
1311,subgenre-current,novela romántica,other,80,,7,1,nh0173,other,other,other,other,other,other,other,other,other,other,other
1312,subgenre-current,novela romántica,other,80,,7,1,nh0174,other,other,other,other,other,other,other,other,other,other,other
1313,subgenre-current,novela romántica,other,80,,7,1,nh0175,other,other,other,other,other,other,other,other,other,other,other
1314,subgenre-current,novela romántica,other,80,,7,1,nh0177,other,other,other,other,other,other,other,other,other,other,other
1315,subgenre-current,novela romántica,other,80,,7,1,nh0179,other,other,other,other,other,other,other,other,other,other,other
1316,subgenre-current,novela romántica,other,80,,7,1,nh0181,novela romántica,novela romántica,novela romántica,novela romántica,novela romántica,novela romántica,novela romántica,novela romántica,novela romántica,novela romántica,novela romántica
1317,subgenre-current,novela romántica,other,80,,7,1,nh0182,novela romántica,novela romántica,novela romántica,novela romántica,novela romántica,novela romántica,novela romántica,novela romántica,novela romántica,novela romántica,novela romántica
1318,subgenre-current,novela romántica,other,80,,7,1,nh0189,other,other,other,other,other,other,other,other,other,other,other
1319,subgenre-current,novela romántica,other,80,,7,1,nh0190,other,other,other,other,other,other,other,other,other,other,other
1320,subgenre-current,novela romántica,other,80,,7,1,nh0191,other,other,other,other,other,other,other,other,other,other,other
1321,subgenre-current,novela romántica,other,80,,7,1,nh0192,other,other,other,other,other,other,other,other,other,other,other
1322,subgenre-current,novela romántica,other,80,,7,1,nh0193,other,other,other,other,other,other,other,other,other,other,other
1323,subgenre-current,novela romántica,other,80,,7,1,nh0194,other,other,other,other,other,other,other,other,other,other,other
1324,subgenre-current,novela romántica,other,80,,7,1,nh0195,novela romántica,novela romántica,novela romántica,novela romántica,novela romántica,novela romántica,novela romántica,novela romántica,novela romántica,novela romántica,novela romántica
1325,subgenre-current,novela romántica,other,80,,7,1,nh0196,novela romántica,novela romántica,novela romántica,novela romántica,novela romántica,novela romántica,novela romántica,novela romántica,novela romántica,novela romántica,novela romántica
1326,subgenre-current,novela romántica,other,80,,7,1,nh0198,other,other,other,other,other,other,other,other,other,other,other
1327,subgenre-current,novela romántica,other,80,,7,1,nh0199,novela romántica,novela romántica,novela romántica,novela romántica,novela romántica,novela romántica,novela romántica,novela romántica,novela romántica,novela romántica,novela romántica
1328,subgenre-current,novela romántica,other,80,,7,1,nh0201,novela romántica,novela romántica,novela romántica,novela romántica,novela romántica,novela romántica,novela romántica,novela romántica,novela romántica,novela romántica,novela romántica
1329,subgenre-current,novela romántica,other,80,,7,1,nh0202,other,other,other,other,other,other,other,other,other,novela romántica,other
1330,subgenre-current,novela romántica,other,80,,7,1,nh0204,other,other,other,other,other,other,other,other,other,other,other
1331,subgenre-current,novela romántica,other,80,,7,1,nh0205,other,other,other,other,other,other,other,other,other,other,other
1332,subgenre-current,novela romántica,other,80,,7,1,nh0206,other,other,other,other,other,other,other,other,other,novela romántica,other
1333,subgenre-current,novela romántica,other,80,,7,1,nh0208,other,other,other,other,other,other,other,other,other,other,other
1334,subgenre-current,novela romántica,other,80,,7,1,nh0210,other,other,other,other,other,other,other,other,other,novela romántica,other
1335,subgenre-current,novela romántica,other,80,,7,1,nh0214,other,other,other,other,other,other,other,other,other,novela romántica,other
1336,subgenre-current,novela romántica,other,80,,7,1,nh0217,other,other,other,other,other,other,other,other,other,other,other
1337,subgenre-current,novela romántica,other,80,,7,1,nh0219,novela romántica,novela romántica,novela romántica,novela romántica,novela romántica,novela romántica,novela romántica,novela romántica,novela romántica,novela romántica,novela romántica
1338,subgenre-current,novela romántica,other,80,,7,1,nh0220,novela romántica,novela romántica,novela romántica,novela romántica,novela romántica,novela romántica,novela romántica,novela romántica,novela romántica,novela romántica,novela romántica
1339,subgenre-current,novela romántica,other,80,,7,1,nh0221,other,other,other,other,other,other,other,other,other,other,other
1340,subgenre-current,novela romántica,other,80,,7,1,nh0223,other,other,other,other,other,other,other,other,other,other,other
1341,subgenre-current,novela romántica,other,80,,7,1,nh0224,novela romántica,novela romántica,novela romántica,novela romántica,novela romántica,novela romántica,novela romántica,novela romántica,novela romántica,novela romántica,novela romántica
1342,subgenre-current,novela romántica,other,80,,7,1,nh0225,novela romántica,novela romántica,novela romántica,novela romántica,novela romántica,novela romántica,novela romántica,novela romántica,novela romántica,novela romántica,novela romántica
1343,subgenre-current,novela romántica,other,80,,7,1,nh0226,novela romántica,novela romántica,novela romántica,novela romántica,novela romántica,novela romántica,novela romántica,novela romántica,novela romántica,novela romántica,novela romántica
1344,subgenre-current,novela romántica,other,80,,7,1,nh0229,other,other,other,other,other,other,other,other,other,other,other
1345,subgenre-current,novela romántica,other,80,,7,1,nh0230,other,other,other,other,other,other,other,other,other,other,other
1346,subgenre-current,novela romántica,other,80,,7,1,nh0232,other,other,other,other,other,other,other,other,other,other,other
1347,subgenre-current,novela romántica,other,80,,7,1,nh0234,novela romántica,novela romántica,novela romántica,novela romántica,novela romántica,novela romántica,novela romántica,novela romántica,novela romántica,novela romántica,novela romántica
1348,subgenre-current,novela romántica,other,80,,7,1,nh0235,other,other,other,other,other,other,other,other,other,other,other
1349,subgenre-current,novela romántica,other,80,,7,1,nh0237,novela romántica,novela romántica,novela romántica,novela romántica,novela romántica,novela romántica,novela romántica,novela romántica,novela romántica,novela romántica,novela romántica
1350,subgenre-current,novela romántica,other,80,,7,1,nh0238,novela romántica,novela romántica,novela romántica,novela romántica,novela romántica,novela romántica,novela romántica,novela romántica,novela romántica,novela romántica,novela romántica
1351,subgenre-current,novela romántica,other,80,,7,1,nh0239,other,other,other,other,other,other,other,other,other,other,other
1352,subgenre-current,novela romántica,other,80,,7,1,nh0246,novela romántica,novela romántica,novela romántica,novela romántica,novela romántica,novela romántica,novela romántica,novela romántica,novela romántica,novela romántica,novela romántica
1353,subgenre-current,novela romántica,other,80,,7,1,nh0247,novela romántica,novela romántica,novela romántica,novela romántica,novela romántica,novela romántica,novela romántica,novela romántica,novela romántica,novela romántica,novela romántica
1354,subgenre-current,novela romántica,other,80,,7,1,nh0248,novela romántica,novela romántica,novela romántica,novela romántica,novela romántica,novela romántica,novela romántica,novela romántica,novela romántica,novela romántica,novela romántica
1355,subgenre-current,novela romántica,other,80,,7,1,nh0249,novela romántica,novela romántica,novela romántica,novela romántica,novela romántica,novela romántica,novela romántica,novela romántica,novela romántica,novela romántica,novela romántica
1356,subgenre-current,novela romántica,other,80,,7,1,nh0252,novela romántica,novela romántica,novela romántica,novela romántica,novela romántica,novela romántica,novela romántica,novela romántica,novela romántica,novela romántica,novela romántica
1357,subgenre-current,novela romántica,other,80,,7,1,nh0254,other,other,other,other,other,other,other,other,other,other,other
1358,subgenre-current,novela romántica,other,80,,7,1,nh0255,other,other,other,other,other,other,other,other,other,other,other
1359,subgenre-current,novela romántica,other,80,,7,1,nh0256,other,other,other,other,other,other,other,other,other,other,other
1360,subgenre-current,novela romántica,other,80,,8,1,nh0001,novela romántica,novela romántica,novela romántica,novela romántica,novela romántica,novela romántica,novela romántica,novela romántica,novela romántica,novela romántica,novela romántica
1361,subgenre-current,novela romántica,other,80,,8,1,nh0002,other,other,other,other,other,other,other,other,other,other,other
1362,subgenre-current,novela romántica,other,80,,8,1,nh0005,novela romántica,novela romántica,novela romántica,novela romántica,novela romántica,novela romántica,novela romántica,novela romántica,novela romántica,novela romántica,novela romántica
1363,subgenre-current,novela romántica,other,80,,8,1,nh0006,novela romántica,novela romántica,novela romántica,novela romántica,novela romántica,novela romántica,novela romántica,novela romántica,novela romántica,novela romántica,novela romántica
1364,subgenre-current,novela romántica,other,80,,8,1,nh0007,novela romántica,novela romántica,novela romántica,novela romántica,novela romántica,novela romántica,novela romántica,novela romántica,novela romántica,novela romántica,novela romántica
1365,subgenre-current,novela romántica,other,80,,8,1,nh0008,other,other,other,other,other,other,other,other,other,other,other
1366,subgenre-current,novela romántica,other,80,,8,1,nh0010,other,other,other,other,other,other,other,other,other,other,other
1367,subgenre-current,novela romántica,other,80,,8,1,nh0011,other,other,other,other,other,other,other,other,other,other,other
1368,subgenre-current,novela romántica,other,80,,8,1,nh0012,other,other,other,other,other,other,other,other,other,other,other
1369,subgenre-current,novela romántica,other,80,,8,1,nh0013,other,other,other,other,other,other,other,other,other,other,other
1370,subgenre-current,novela romántica,other,80,,8,1,nh0015,other,other,other,other,other,other,other,other,other,other,other
1371,subgenre-current,novela romántica,other,80,,8,1,nh0016,novela romántica,novela romántica,novela romántica,novela romántica,novela romántica,novela romántica,novela romántica,novela romántica,novela romántica,novela romántica,novela romántica
1372,subgenre-current,novela romántica,other,80,,8,1,nh0017,novela romántica,novela romántica,novela romántica,novela romántica,novela romántica,novela romántica,novela romántica,novela romántica,novela romántica,novela romántica,novela romántica
1373,subgenre-current,novela romántica,other,80,,8,1,nh0019,other,other,other,other,other,other,other,other,other,other,other
1374,subgenre-current,novela romántica,other,80,,8,1,nh0021,novela romántica,novela romántica,novela romántica,novela romántica,novela romántica,novela romántica,novela romántica,novela romántica,novela romántica,novela romántica,novela romántica
1375,subgenre-current,novela romántica,other,80,,8,1,nh0022,other,other,other,other,other,other,other,other,other,other,other
1376,subgenre-current,novela romántica,other,80,,8,1,nh0023,other,other,other,other,other,other,other,other,other,other,other
1377,subgenre-current,novela romántica,other,80,,8,1,nh0024,novela romántica,novela romántica,novela romántica,novela romántica,novela romántica,novela romántica,novela romántica,novela romántica,novela romántica,novela romántica,novela romántica
1378,subgenre-current,novela romántica,other,80,,8,1,nh0026,novela romántica,novela romántica,novela romántica,novela romántica,novela romántica,novela romántica,novela romántica,novela romántica,novela romántica,novela romántica,novela romántica
1379,subgenre-current,novela romántica,other,80,,8,1,nh0027,other,other,other,other,other,other,other,other,other,other,other
1380,subgenre-current,novela romántica,other,80,,8,1,nh0028,other,other,novela romántica,other,other,other,other,other,other,other,other
1381,subgenre-current,novela romántica,other,80,,8,1,nh0029,other,other,other,other,other,other,other,other,other,other,other
1382,subgenre-current,novela romántica,other,80,,8,1,nh0030,other,other,other,other,other,other,other,other,other,other,other
1383,subgenre-current,novela romántica,other,80,,8,1,nh0031,other,other,other,other,other,other,other,other,other,other,other
1384,subgenre-current,novela romántica,other,80,,8,1,nh0032,other,other,other,other,other,other,other,other,other,other,other
1385,subgenre-current,novela romántica,other,80,,8,1,nh0033,other,other,other,other,other,other,other,other,other,other,other
1386,subgenre-current,novela romántica,other,80,,8,1,nh0034,other,other,other,other,other,other,other,other,other,other,other
1387,subgenre-current,novela romántica,other,80,,8,1,nh0036,other,other,other,other,other,other,other,other,other,other,other
1388,subgenre-current,novela romántica,other,80,,8,1,nh0038,other,other,other,other,other,other,other,other,other,other,other
1389,subgenre-current,novela romántica,other,80,,8,1,nh0039,other,other,other,other,other,other,other,other,other,other,other
1390,subgenre-current,novela romántica,other,80,,8,1,nh0040,novela romántica,novela romántica,novela romántica,novela romántica,novela romántica,novela romántica,novela romántica,novela romántica,novela romántica,novela romántica,novela romántica
1391,subgenre-current,novela romántica,other,80,,8,1,nh0041,novela romántica,novela romántica,novela romántica,novela romántica,novela romántica,novela romántica,novela romántica,novela romántica,novela romántica,novela romántica,novela romántica
1392,subgenre-current,novela romántica,other,80,,8,1,nh0043,novela romántica,novela romántica,novela romántica,novela romántica,novela romántica,novela romántica,novela romántica,novela romántica,novela romántica,novela romántica,novela romántica
1393,subgenre-current,novela romántica,other,80,,8,1,nh0044,other,other,other,other,other,other,other,other,other,other,other
1394,subgenre-current,novela romántica,other,80,,8,1,nh0045,novela romántica,novela romántica,novela romántica,novela romántica,novela romántica,novela romántica,novela romántica,novela romántica,novela romántica,novela romántica,novela romántica
1395,subgenre-current,novela romántica,other,80,,8,1,nh0046,other,other,other,other,other,other,other,other,other,other,other
1396,subgenre-current,novela romántica,other,80,,8,1,nh0047,other,other,other,other,other,other,other,other,other,other,other
1397,subgenre-current,novela romántica,other,80,,8,1,nh0048,other,other,other,other,other,other,other,other,other,other,other
1398,subgenre-current,novela romántica,other,80,,8,1,nh0049,novela romántica,novela romántica,novela romántica,novela romántica,novela romántica,novela romántica,novela romántica,novela romántica,novela romántica,novela romántica,novela romántica
1399,subgenre-current,novela romántica,other,80,,8,1,nh0052,other,other,other,other,other,other,other,other,other,other,other
1400,subgenre-current,novela romántica,other,80,,8,1,nh0053,novela romántica,novela romántica,novela romántica,novela romántica,novela romántica,novela romántica,novela romántica,novela romántica,novela romántica,novela romántica,novela romántica
1401,subgenre-current,novela romántica,other,80,,8,1,nh0054,novela romántica,novela romántica,novela romántica,novela romántica,novela romántica,novela romántica,novela romántica,novela romántica,novela romántica,novela romántica,novela romántica
1402,subgenre-current,novela romántica,other,80,,8,1,nh0055,novela romántica,novela romántica,novela romántica,novela romántica,novela romántica,novela romántica,novela romántica,novela romántica,novela romántica,novela romántica,novela romántica
1403,subgenre-current,novela romántica,other,80,,8,1,nh0056,novela romántica,novela romántica,novela romántica,novela romántica,novela romántica,novela romántica,novela romántica,novela romántica,novela romántica,novela romántica,novela romántica
1404,subgenre-current,novela romántica,other,80,,8,1,nh0057,other,other,other,other,other,other,other,other,other,other,other
1405,subgenre-current,novela romántica,other,80,,8,1,nh0058,other,other,other,other,other,other,other,other,other,other,other
1406,subgenre-current,novela romántica,other,80,,8,1,nh0059,other,other,other,other,other,other,other,other,other,other,other
1407,subgenre-current,novela romántica,other,80,,8,1,nh0060,other,other,other,other,other,other,other,other,other,other,other
1408,subgenre-current,novela romántica,other,80,,8,1,nh0061,novela romántica,novela romántica,novela romántica,novela romántica,novela romántica,novela romántica,novela romántica,novela romántica,novela romántica,novela romántica,novela romántica
1409,subgenre-current,novela romántica,other,80,,8,1,nh0062,other,other,other,other,other,other,other,other,other,other,other
1410,subgenre-current,novela romántica,other,80,,8,1,nh0063,novela romántica,novela romántica,novela romántica,novela romántica,novela romántica,novela romántica,novela romántica,novela romántica,novela romántica,novela romántica,novela romántica
1411,subgenre-current,novela romántica,other,80,,8,1,nh0064,novela romántica,novela romántica,novela romántica,novela romántica,novela romántica,novela romántica,novela romántica,novela romántica,novela romántica,novela romántica,novela romántica
1412,subgenre-current,novela romántica,other,80,,8,1,nh0067,other,other,other,other,other,other,other,other,other,other,other
1413,subgenre-current,novela romántica,other,80,,8,1,nh0068,other,other,other,other,other,other,other,other,other,other,other
1414,subgenre-current,novela romántica,other,80,,8,1,nh0069,novela romántica,novela romántica,novela romántica,novela romántica,novela romántica,novela romántica,novela romántica,novela romántica,novela romántica,novela romántica,novela romántica
1415,subgenre-current,novela romántica,other,80,,8,1,nh0072,novela romántica,novela romántica,novela romántica,novela romántica,novela romántica,novela romántica,novela romántica,novela romántica,novela romántica,novela romántica,novela romántica
1416,subgenre-current,novela romántica,other,80,,8,1,nh0074,other,other,other,other,other,other,other,other,other,other,other
1417,subgenre-current,novela romántica,other,80,,8,1,nh0075,other,other,other,other,other,other,other,other,other,other,other
1418,subgenre-current,novela romántica,other,80,,8,1,nh0076,other,other,other,other,other,other,other,other,other,other,other
1419,subgenre-current,novela romántica,other,80,,8,1,nh0080,other,other,other,other,other,other,other,other,other,other,other
1420,subgenre-current,novela romántica,other,80,,8,1,nh0082,novela romántica,novela romántica,novela romántica,other,novela romántica,novela romántica,novela romántica,novela romántica,novela romántica,novela romántica,novela romántica
1421,subgenre-current,novela romántica,other,80,,8,1,nh0084,other,other,other,other,other,other,other,other,other,other,other
1422,subgenre-current,novela romántica,other,80,,8,1,nh0085,novela romántica,novela romántica,novela romántica,novela romántica,novela romántica,novela romántica,novela romántica,novela romántica,novela romántica,novela romántica,novela romántica
1423,subgenre-current,novela romántica,other,80,,8,1,nh0086,other,other,other,other,other,other,other,other,other,other,other
1424,subgenre-current,novela romántica,other,80,,8,1,nh0088,other,other,other,other,other,other,other,other,other,other,other
1425,subgenre-current,novela romántica,other,80,,8,1,nh0089,other,other,other,other,other,other,other,other,other,other,other
1426,subgenre-current,novela romántica,other,80,,8,1,nh0090,other,other,other,other,other,other,novela romántica,other,other,other,other
1427,subgenre-current,novela romántica,other,80,,8,1,nh0092,novela romántica,novela romántica,novela romántica,novela romántica,novela romántica,novela romántica,novela romántica,novela romántica,novela romántica,novela romántica,novela romántica
1428,subgenre-current,novela romántica,other,80,,8,1,nh0095,novela romántica,novela romántica,novela romántica,novela romántica,novela romántica,novela romántica,novela romántica,novela romántica,novela romántica,novela romántica,novela romántica
1429,subgenre-current,novela romántica,other,80,,8,1,nh0096,novela romántica,novela romántica,novela romántica,novela romántica,novela romántica,novela romántica,novela romántica,novela romántica,novela romántica,novela romántica,novela romántica
1430,subgenre-current,novela romántica,other,80,,8,1,nh0098,novela romántica,novela romántica,novela romántica,novela romántica,novela romántica,novela romántica,novela romántica,novela romántica,novela romántica,novela romántica,novela romántica
1431,subgenre-current,novela romántica,other,80,,8,1,nh0099,other,other,other,other,other,other,other,other,other,other,other
1432,subgenre-current,novela romántica,other,80,,8,1,nh0104,novela romántica,novela romántica,novela romántica,novela romántica,novela romántica,novela romántica,novela romántica,novela romántica,novela romántica,novela romántica,novela romántica
1433,subgenre-current,novela romántica,other,80,,8,1,nh0108,novela romántica,novela romántica,novela romántica,novela romántica,other,novela romántica,novela romántica,novela romántica,novela romántica,novela romántica,novela romántica
1434,subgenre-current,novela romántica,other,80,,8,1,nh0109,other,other,other,other,other,other,other,other,other,other,other
1435,subgenre-current,novela romántica,other,80,,8,1,nh0110,novela romántica,novela romántica,novela romántica,novela romántica,novela romántica,novela romántica,novela romántica,novela romántica,novela romántica,novela romántica,novela romántica
1436,subgenre-current,novela romántica,other,80,,8,1,nh0113,novela romántica,novela romántica,novela romántica,novela romántica,novela romántica,novela romántica,novela romántica,novela romántica,novela romántica,novela romántica,novela romántica
1437,subgenre-current,novela romántica,other,80,,8,1,nh0114,other,other,other,other,other,other,other,other,other,other,other
1438,subgenre-current,novela romántica,other,80,,8,1,nh0116,novela romántica,novela romántica,novela romántica,novela romántica,novela romántica,novela romántica,novela romántica,novela romántica,novela romántica,novela romántica,novela romántica
1439,subgenre-current,novela romántica,other,80,,8,1,nh0117,novela romántica,novela romántica,novela romántica,novela romántica,novela romántica,novela romántica,novela romántica,novela romántica,novela romántica,novela romántica,novela romántica
1440,subgenre-current,novela romántica,other,80,,8,1,nh0118,novela romántica,novela romántica,novela romántica,novela romántica,other,novela romántica,novela romántica,novela romántica,novela romántica,novela romántica,novela romántica
1441,subgenre-current,novela romántica,other,80,,8,1,nh0119,other,other,other,other,other,other,other,other,other,other,other
1442,subgenre-current,novela romántica,other,80,,8,1,nh0120,novela romántica,novela romántica,novela romántica,novela romántica,novela romántica,novela romántica,novela romántica,novela romántica,novela romántica,novela romántica,novela romántica
1443,subgenre-current,novela romántica,other,80,,8,1,nh0121,novela romántica,novela romántica,novela romántica,novela romántica,novela romántica,novela romántica,novela romántica,novela romántica,novela romántica,novela romántica,novela romántica
1444,subgenre-current,novela romántica,other,80,,8,1,nh0126,novela romántica,novela romántica,novela romántica,novela romántica,novela romántica,novela romántica,novela romántica,novela romántica,novela romántica,novela romántica,novela romántica
1445,subgenre-current,novela romántica,other,80,,8,1,nh0127,other,other,other,other,other,other,other,other,other,other,other
1446,subgenre-current,novela romántica,other,80,,8,1,nh0129,novela romántica,novela romántica,novela romántica,novela romántica,novela romántica,novela romántica,novela romántica,novela romántica,novela romántica,novela romántica,novela romántica
1447,subgenre-current,novela romántica,other,80,,8,1,nh0131,novela romántica,novela romántica,novela romántica,novela romántica,novela romántica,other,novela romántica,novela romántica,novela romántica,novela romántica,novela romántica
1448,subgenre-current,novela romántica,other,80,,8,1,nh0133,other,other,other,other,other,other,other,other,other,other,other
1449,subgenre-current,novela romántica,other,80,,8,1,nh0135,other,other,other,other,other,other,novela romántica,other,other,other,other
1450,subgenre-current,novela romántica,other,80,,8,1,nh0136,other,other,other,other,other,other,other,other,other,other,other
1451,subgenre-current,novela romántica,other,80,,8,1,nh0138,novela romántica,novela romántica,novela romántica,novela romántica,novela romántica,novela romántica,novela romántica,novela romántica,novela romántica,novela romántica,novela romántica
1452,subgenre-current,novela romántica,other,80,,8,1,nh0141,novela romántica,novela romántica,novela romántica,novela romántica,novela romántica,novela romántica,novela romántica,novela romántica,novela romántica,novela romántica,novela romántica
1453,subgenre-current,novela romántica,other,80,,8,1,nh0142,novela romántica,novela romántica,novela romántica,novela romántica,novela romántica,novela romántica,novela romántica,novela romántica,novela romántica,novela romántica,novela romántica
1454,subgenre-current,novela romántica,other,80,,8,1,nh0143,novela romántica,novela romántica,novela romántica,novela romántica,novela romántica,novela romántica,novela romántica,novela romántica,novela romántica,novela romántica,novela romántica
1455,subgenre-current,novela romántica,other,80,,8,1,nh0144,novela romántica,novela romántica,novela romántica,novela romántica,novela romántica,novela romántica,other,novela romántica,novela romántica,novela romántica,novela romántica
1456,subgenre-current,novela romántica,other,80,,8,1,nh0148,other,other,other,other,other,other,other,other,other,other,other
1457,subgenre-current,novela romántica,other,80,,8,1,nh0150,novela romántica,novela romántica,novela romántica,novela romántica,novela romántica,novela romántica,novela romántica,novela romántica,novela romántica,novela romántica,novela romántica
1458,subgenre-current,novela romántica,other,80,,8,1,nh0151,novela romántica,novela romántica,novela romántica,novela romántica,novela romántica,novela romántica,novela romántica,novela romántica,novela romántica,novela romántica,novela romántica
1459,subgenre-current,novela romántica,other,80,,8,1,nh0152,novela romántica,novela romántica,novela romántica,novela romántica,novela romántica,novela romántica,novela romántica,novela romántica,novela romántica,novela romántica,novela romántica
1460,subgenre-current,novela romántica,other,80,,8,1,nh0155,other,other,other,other,other,other,other,other,other,other,other
1461,subgenre-current,novela romántica,other,80,,8,1,nh0156,novela romántica,novela romántica,novela romántica,novela romántica,novela romántica,novela romántica,novela romántica,novela romántica,novela romántica,novela romántica,novela romántica
1462,subgenre-current,novela romántica,other,80,,8,1,nh0158,novela romántica,novela romántica,novela romántica,novela romántica,novela romántica,novela romántica,novela romántica,novela romántica,novela romántica,novela romántica,novela romántica
1463,subgenre-current,novela romántica,other,80,,8,1,nh0161,novela romántica,novela romántica,novela romántica,novela romántica,novela romántica,novela romántica,novela romántica,novela romántica,novela romántica,novela romántica,novela romántica
1464,subgenre-current,novela romántica,other,80,,8,1,nh0162,novela romántica,novela romántica,novela romántica,novela romántica,novela romántica,novela romántica,novela romántica,novela romántica,novela romántica,novela romántica,novela romántica
1465,subgenre-current,novela romántica,other,80,,8,1,nh0163,other,other,other,other,other,other,other,other,other,other,other
1466,subgenre-current,novela romántica,other,80,,8,1,nh0164,other,other,other,other,other,other,other,other,other,other,other
1467,subgenre-current,novela romántica,other,80,,8,1,nh0165,other,other,other,other,other,other,other,other,other,other,other
1468,subgenre-current,novela romántica,other,80,,8,1,nh0167,novela romántica,novela romántica,novela romántica,novela romántica,novela romántica,novela romántica,novela romántica,novela romántica,novela romántica,novela romántica,novela romántica
1469,subgenre-current,novela romántica,other,80,,8,1,nh0169,novela romántica,novela romántica,novela romántica,novela romántica,novela romántica,novela romántica,novela romántica,novela romántica,novela romántica,novela romántica,novela romántica
1470,subgenre-current,novela romántica,other,80,,8,1,nh0171,novela romántica,novela romántica,novela romántica,novela romántica,novela romántica,novela romántica,novela romántica,novela romántica,novela romántica,novela romántica,novela romántica
1471,subgenre-current,novela romántica,other,80,,8,1,nh0172,novela romántica,novela romántica,novela romántica,novela romántica,novela romántica,novela romántica,novela romántica,novela romántica,novela romántica,novela romántica,novela romántica
1472,subgenre-current,novela romántica,other,80,,8,1,nh0173,other,other,other,other,other,other,other,other,other,other,other
1473,subgenre-current,novela romántica,other,80,,8,1,nh0174,other,other,other,other,other,other,other,other,other,other,other
1474,subgenre-current,novela romántica,other,80,,8,1,nh0175,other,other,other,other,other,other,other,other,other,other,other
1475,subgenre-current,novela romántica,other,80,,8,1,nh0177,other,other,other,other,other,other,other,other,other,other,other
1476,subgenre-current,novela romántica,other,80,,8,1,nh0178,novela romántica,novela romántica,novela romántica,novela romántica,novela romántica,novela romántica,novela romántica,novela romántica,novela romántica,novela romántica,novela romántica
1477,subgenre-current,novela romántica,other,80,,8,1,nh0179,other,other,other,other,other,other,other,other,other,other,other
1478,subgenre-current,novela romántica,other,80,,8,1,nh0180,novela romántica,novela romántica,novela romántica,novela romántica,novela romántica,novela romántica,novela romántica,novela romántica,novela romántica,novela romántica,novela romántica
1479,subgenre-current,novela romántica,other,80,,8,1,nh0181,novela romántica,novela romántica,novela romántica,novela romántica,novela romántica,novela romántica,novela romántica,novela romántica,novela romántica,novela romántica,novela romántica
1480,subgenre-current,novela romántica,other,80,,8,1,nh0183,novela romántica,novela romántica,novela romántica,novela romántica,novela romántica,novela romántica,novela romántica,novela romántica,novela romántica,novela romántica,novela romántica
1481,subgenre-current,novela romántica,other,80,,8,1,nh0188,novela romántica,novela romántica,novela romántica,novela romántica,novela romántica,novela romántica,novela romántica,novela romántica,novela romántica,novela romántica,novela romántica
1482,subgenre-current,novela romántica,other,80,,8,1,nh0189,other,other,other,other,other,other,other,other,other,other,other
1483,subgenre-current,novela romántica,other,80,,8,1,nh0190,other,other,other,other,other,other,other,other,other,other,other
1484,subgenre-current,novela romántica,other,80,,8,1,nh0191,other,other,other,other,other,other,other,other,other,other,other
1485,subgenre-current,novela romántica,other,80,,8,1,nh0192,other,other,other,other,other,other,other,other,other,other,other
1486,subgenre-current,novela romántica,other,80,,8,1,nh0193,other,other,other,other,other,other,other,other,other,other,other
1487,subgenre-current,novela romántica,other,80,,8,1,nh0194,other,other,other,other,other,other,other,other,other,other,other
1488,subgenre-current,novela romántica,other,80,,8,1,nh0196,novela romántica,novela romántica,novela romántica,novela romántica,novela romántica,novela romántica,novela romántica,novela romántica,novela romántica,novela romántica,novela romántica
1489,subgenre-current,novela romántica,other,80,,8,1,nh0197,novela romántica,novela romántica,novela romántica,novela romántica,novela romántica,novela romántica,novela romántica,novela romántica,novela romántica,novela romántica,novela romántica
1490,subgenre-current,novela romántica,other,80,,8,1,nh0198,other,other,other,other,other,other,other,other,other,other,other
1491,subgenre-current,novela romántica,other,80,,8,1,nh0199,novela romántica,novela romántica,novela romántica,novela romántica,novela romántica,novela romántica,novela romántica,novela romántica,novela romántica,novela romántica,novela romántica
1492,subgenre-current,novela romántica,other,80,,8,1,nh0202,other,other,other,other,other,other,other,other,other,other,other
1493,subgenre-current,novela romántica,other,80,,8,1,nh0203,novela romántica,novela romántica,novela romántica,novela romántica,novela romántica,novela romántica,novela romántica,novela romántica,novela romántica,novela romántica,novela romántica
1494,subgenre-current,novela romántica,other,80,,8,1,nh0204,other,other,other,other,other,other,other,other,other,other,other
1495,subgenre-current,novela romántica,other,80,,8,1,nh0205,other,other,other,other,other,other,other,other,other,other,other
1496,subgenre-current,novela romántica,other,80,,8,1,nh0206,other,other,other,other,other,other,other,other,other,novela romántica,other
1497,subgenre-current,novela romántica,other,80,,8,1,nh0208,other,other,other,other,other,other,other,other,other,other,other
1498,subgenre-current,novela romántica,other,80,,8,1,nh0210,other,other,other,other,other,other,other,other,other,novela romántica,other
1499,subgenre-current,novela romántica,other,80,,8,1,nh0214,other,other,other,other,other,other,other,other,other,novela romántica,other
1500,subgenre-current,novela romántica,other,80,,8,1,nh0216,novela romántica,novela romántica,novela romántica,novela romántica,novela romántica,novela romántica,novela romántica,novela romántica,novela romántica,novela romántica,novela romántica
1501,subgenre-current,novela romántica,other,80,,8,1,nh0217,other,other,other,other,other,other,other,other,other,other,other
1502,subgenre-current,novela romántica,other,80,,8,1,nh0219,novela romántica,novela romántica,novela romántica,novela romántica,novela romántica,novela romántica,novela romántica,novela romántica,novela romántica,novela romántica,novela romántica
1503,subgenre-current,novela romántica,other,80,,8,1,nh0220,novela romántica,novela romántica,novela romántica,novela romántica,novela romántica,novela romántica,novela romántica,novela romántica,novela romántica,novela romántica,novela romántica
1504,subgenre-current,novela romántica,other,80,,8,1,nh0221,other,other,other,other,other,other,other,other,other,other,other
1505,subgenre-current,novela romántica,other,80,,8,1,nh0223,other,other,other,other,other,other,other,other,other,other,other
1506,subgenre-current,novela romántica,other,80,,8,1,nh0224,novela romántica,novela romántica,novela romántica,novela romántica,novela romántica,novela romántica,novela romántica,novela romántica,novela romántica,novela romántica,novela romántica
1507,subgenre-current,novela romántica,other,80,,8,1,nh0225,novela romántica,novela romántica,novela romántica,novela romántica,novela romántica,novela romántica,novela romántica,novela romántica,novela romántica,novela romántica,novela romántica
1508,subgenre-current,novela romántica,other,80,,8,1,nh0226,novela romántica,novela romántica,novela romántica,novela romántica,novela romántica,novela romántica,novela romántica,novela romántica,novela romántica,novela romántica,novela romántica
1509,subgenre-current,novela romántica,other,80,,8,1,nh0227,novela romántica,novela romántica,novela romántica,novela romántica,novela romántica,novela romántica,novela romántica,novela romántica,novela romántica,novela romántica,novela romántica
1510,subgenre-current,novela romántica,other,80,,8,1,nh0229,other,other,other,other,other,other,other,other,other,other,other
1511,subgenre-current,novela romántica,other,80,,8,1,nh0230,other,other,other,other,other,other,other,other,other,other,other
1512,subgenre-current,novela romántica,other,80,,8,1,nh0232,other,other,other,other,other,other,other,other,other,other,other
1513,subgenre-current,novela romántica,other,80,,8,1,nh0234,novela romántica,novela romántica,novela romántica,novela romántica,novela romántica,novela romántica,novela romántica,novela romántica,novela romántica,novela romántica,novela romántica
1514,subgenre-current,novela romántica,other,80,,8,1,nh0235,other,other,other,other,other,other,other,other,other,other,other
1515,subgenre-current,novela romántica,other,80,,8,1,nh0237,novela romántica,novela romántica,novela romántica,novela romántica,novela romántica,novela romántica,novela romántica,novela romántica,novela romántica,novela romántica,novela romántica
1516,subgenre-current,novela romántica,other,80,,8,1,nh0238,novela romántica,novela romántica,novela romántica,novela romántica,novela romántica,novela romántica,novela romántica,novela romántica,novela romántica,novela romántica,novela romántica
1517,subgenre-current,novela romántica,other,80,,8,1,nh0239,other,other,other,other,other,other,other,other,other,other,other
1518,subgenre-current,novela romántica,other,80,,8,1,nh0240,novela romántica,novela romántica,novela romántica,novela romántica,novela romántica,novela romántica,novela romántica,novela romántica,novela romántica,novela romántica,novela romántica
1519,subgenre-current,novela romántica,other,80,,8,1,nh0244,novela romántica,novela romántica,novela romántica,novela romántica,novela romántica,novela romántica,novela romántica,novela romántica,novela romántica,novela romántica,novela romántica
1520,subgenre-current,novela romántica,other,80,,8,1,nh0247,novela romántica,novela romántica,novela romántica,novela romántica,novela romántica,novela romántica,novela romántica,novela romántica,novela romántica,novela romántica,novela romántica
1521,subgenre-current,novela romántica,other,80,,8,1,nh0248,novela romántica,novela romántica,novela romántica,novela romántica,novela romántica,novela romántica,novela romántica,novela romántica,novela romántica,novela romántica,novela romántica
1522,subgenre-current,novela romántica,other,80,,8,1,nh0249,novela romántica,novela romántica,novela romántica,novela romántica,novela romántica,novela romántica,novela romántica,novela romántica,novela romántica,novela romántica,novela romántica
1523,subgenre-current,novela romántica,other,80,,8,1,nh0250,novela romántica,novela romántica,novela romántica,novela romántica,novela romántica,novela romántica,novela romántica,novela romántica,novela romántica,novela romántica,novela romántica
1524,subgenre-current,novela romántica,other,80,,8,1,nh0251,novela romántica,novela romántica,novela romántica,novela romántica,novela romántica,novela romántica,novela romántica,novela romántica,novela romántica,novela romántica,novela romántica
1525,subgenre-current,novela romántica,other,80,,8,1,nh0252,novela romántica,novela romántica,novela romántica,novela romántica,novela romántica,novela romántica,novela romántica,novela romántica,novela romántica,novela romántica,novela romántica
1526,subgenre-current,novela romántica,other,80,,8,1,nh0253,novela romántica,novela romántica,novela romántica,novela romántica,novela romántica,novela romántica,novela romántica,novela romántica,novela romántica,novela romántica,novela romántica
1527,subgenre-current,novela romántica,other,80,,8,1,nh0254,other,other,other,other,other,other,other,other,other,other,other
1528,subgenre-current,novela romántica,other,80,,8,1,nh0255,other,other,other,other,other,other,other,other,other,other,other
1529,subgenre-current,novela romántica,other,80,,8,1,nh0256,other,other,other,other,other,other,other,other,other,other,other
1530,subgenre-current,novela romántica,other,80,,9,1,nh0001,novela romántica,novela romántica,novela romántica,novela romántica,novela romántica,novela romántica,novela romántica,novela romántica,novela romántica,novela romántica,novela romántica
1531,subgenre-current,novela romántica,other,80,,9,1,nh0002,other,other,other,other,other,other,other,other,other,other,other
1532,subgenre-current,novela romántica,other,80,,9,1,nh0003,novela romántica,novela romántica,novela romántica,novela romántica,novela romántica,novela romántica,novela romántica,novela romántica,novela romántica,novela romántica,novela romántica
1533,subgenre-current,novela romántica,other,80,,9,1,nh0005,novela romántica,novela romántica,novela romántica,novela romántica,novela romántica,novela romántica,novela romántica,novela romántica,novela romántica,novela romántica,novela romántica
1534,subgenre-current,novela romántica,other,80,,9,1,nh0006,novela romántica,novela romántica,novela romántica,novela romántica,novela romántica,novela romántica,novela romántica,novela romántica,novela romántica,novela romántica,novela romántica
1535,subgenre-current,novela romántica,other,80,,9,1,nh0008,other,other,other,other,other,other,other,other,other,other,other
1536,subgenre-current,novela romántica,other,80,,9,1,nh0009,novela romántica,novela romántica,novela romántica,novela romántica,novela romántica,novela romántica,novela romántica,novela romántica,novela romántica,novela romántica,novela romántica
1537,subgenre-current,novela romántica,other,80,,9,1,nh0010,other,other,other,other,other,other,other,other,other,other,other
1538,subgenre-current,novela romántica,other,80,,9,1,nh0011,other,other,other,other,other,other,other,other,other,other,other
1539,subgenre-current,novela romántica,other,80,,9,1,nh0012,other,other,other,other,other,other,other,other,other,other,other
1540,subgenre-current,novela romántica,other,80,,9,1,nh0013,other,other,other,other,other,other,other,other,other,other,other
1541,subgenre-current,novela romántica,other,80,,9,1,nh0015,other,novela romántica,other,other,other,other,other,other,other,other,other
1542,subgenre-current,novela romántica,other,80,,9,1,nh0016,novela romántica,other,novela romántica,novela romántica,novela romántica,novela romántica,novela romántica,novela romántica,novela romántica,novela romántica,novela romántica
1543,subgenre-current,novela romántica,other,80,,9,1,nh0017,novela romántica,other,novela romántica,novela romántica,novela romántica,novela romántica,novela romántica,novela romántica,novela romántica,novela romántica,novela romántica
1544,subgenre-current,novela romántica,other,80,,9,1,nh0019,other,other,other,other,other,other,other,other,other,other,other
1545,subgenre-current,novela romántica,other,80,,9,1,nh0021,novela romántica,other,novela romántica,novela romántica,novela romántica,novela romántica,novela romántica,novela romántica,novela romántica,novela romántica,novela romántica
1546,subgenre-current,novela romántica,other,80,,9,1,nh0022,other,other,novela romántica,other,other,other,other,other,other,other,other
1547,subgenre-current,novela romántica,other,80,,9,1,nh0023,other,other,other,other,other,other,other,other,other,other,other
1548,subgenre-current,novela romántica,other,80,,9,1,nh0024,novela romántica,novela romántica,novela romántica,novela romántica,novela romántica,novela romántica,novela romántica,novela romántica,novela romántica,novela romántica,novela romántica
1549,subgenre-current,novela romántica,other,80,,9,1,nh0025,novela romántica,novela romántica,novela romántica,novela romántica,novela romántica,novela romántica,novela romántica,novela romántica,novela romántica,novela romántica,novela romántica
1550,subgenre-current,novela romántica,other,80,,9,1,nh0026,novela romántica,novela romántica,novela romántica,novela romántica,novela romántica,novela romántica,novela romántica,novela romántica,novela romántica,novela romántica,novela romántica
1551,subgenre-current,novela romántica,other,80,,9,1,nh0027,other,other,other,other,other,other,other,other,other,other,other
1552,subgenre-current,novela romántica,other,80,,9,1,nh0028,other,other,novela romántica,other,other,other,other,other,other,other,other
1553,subgenre-current,novela romántica,other,80,,9,1,nh0029,other,other,other,other,other,other,other,other,other,other,other
1554,subgenre-current,novela romántica,other,80,,9,1,nh0030,other,other,other,other,other,other,other,other,other,other,other
1555,subgenre-current,novela romántica,other,80,,9,1,nh0031,other,other,other,other,other,other,other,other,other,other,other
1556,subgenre-current,novela romántica,other,80,,9,1,nh0032,other,other,other,other,other,other,other,other,other,other,other
1557,subgenre-current,novela romántica,other,80,,9,1,nh0033,other,other,other,other,other,other,other,other,other,other,other
1558,subgenre-current,novela romántica,other,80,,9,1,nh0034,other,other,other,other,other,other,other,other,other,other,other
1559,subgenre-current,novela romántica,other,80,,9,1,nh0036,other,other,other,other,other,other,other,other,other,other,other
1560,subgenre-current,novela romántica,other,80,,9,1,nh0037,novela romántica,novela romántica,novela romántica,novela romántica,novela romántica,novela romántica,novela romántica,novela romántica,novela romántica,novela romántica,novela romántica
1561,subgenre-current,novela romántica,other,80,,9,1,nh0038,other,other,other,other,other,other,other,other,other,other,other
1562,subgenre-current,novela romántica,other,80,,9,1,nh0039,other,other,other,other,other,other,other,other,other,other,other
1563,subgenre-current,novela romántica,other,80,,9,1,nh0040,novela romántica,novela romántica,novela romántica,novela romántica,novela romántica,novela romántica,novela romántica,novela romántica,novela romántica,novela romántica,novela romántica
1564,subgenre-current,novela romántica,other,80,,9,1,nh0041,novela romántica,novela romántica,novela romántica,novela romántica,novela romántica,novela romántica,novela romántica,novela romántica,novela romántica,novela romántica,novela romántica
1565,subgenre-current,novela romántica,other,80,,9,1,nh0043,novela romántica,novela romántica,novela romántica,novela romántica,novela romántica,novela romántica,novela romántica,novela romántica,novela romántica,novela romántica,novela romántica
1566,subgenre-current,novela romántica,other,80,,9,1,nh0044,other,other,other,other,other,other,other,other,other,other,other
1567,subgenre-current,novela romántica,other,80,,9,1,nh0045,novela romántica,novela romántica,novela romántica,novela romántica,novela romántica,novela romántica,novela romántica,novela romántica,novela romántica,novela romántica,novela romántica
1568,subgenre-current,novela romántica,other,80,,9,1,nh0046,other,other,other,other,other,other,other,other,other,other,other
1569,subgenre-current,novela romántica,other,80,,9,1,nh0047,other,other,other,other,other,other,other,other,other,other,other
1570,subgenre-current,novela romántica,other,80,,9,1,nh0048,other,other,other,other,other,other,other,other,other,other,other
1571,subgenre-current,novela romántica,other,80,,9,1,nh0049,novela romántica,novela romántica,novela romántica,novela romántica,novela romántica,novela romántica,novela romántica,novela romántica,novela romántica,novela romántica,novela romántica
1572,subgenre-current,novela romántica,other,80,,9,1,nh0052,other,other,other,other,other,other,other,other,other,other,other
1573,subgenre-current,novela romántica,other,80,,9,1,nh0053,novela romántica,novela romántica,novela romántica,novela romántica,novela romántica,novela romántica,novela romántica,novela romántica,novela romántica,novela romántica,novela romántica
1574,subgenre-current,novela romántica,other,80,,9,1,nh0054,novela romántica,novela romántica,novela romántica,novela romántica,novela romántica,novela romántica,novela romántica,novela romántica,novela romántica,novela romántica,novela romántica
1575,subgenre-current,novela romántica,other,80,,9,1,nh0057,other,other,other,other,other,other,other,other,other,other,other
1576,subgenre-current,novela romántica,other,80,,9,1,nh0058,other,other,other,other,other,other,other,other,other,other,other
1577,subgenre-current,novela romántica,other,80,,9,1,nh0059,other,other,other,other,other,other,other,other,other,other,other
1578,subgenre-current,novela romántica,other,80,,9,1,nh0060,other,other,other,other,other,other,other,other,other,other,other
1579,subgenre-current,novela romántica,other,80,,9,1,nh0061,novela romántica,novela romántica,novela romántica,novela romántica,novela romántica,novela romántica,novela romántica,novela romántica,novela romántica,novela romántica,novela romántica
1580,subgenre-current,novela romántica,other,80,,9,1,nh0062,other,other,other,other,other,other,other,other,other,other,other
1581,subgenre-current,novela romántica,other,80,,9,1,nh0063,novela romántica,novela romántica,novela romántica,novela romántica,novela romántica,novela romántica,novela romántica,novela romántica,novela romántica,novela romántica,novela romántica
1582,subgenre-current,novela romántica,other,80,,9,1,nh0065,novela romántica,novela romántica,novela romántica,novela romántica,novela romántica,novela romántica,novela romántica,novela romántica,novela romántica,novela romántica,novela romántica
1583,subgenre-current,novela romántica,other,80,,9,1,nh0067,other,other,other,other,other,other,other,other,other,other,other
1584,subgenre-current,novela romántica,other,80,,9,1,nh0068,other,other,other,other,other,other,other,other,other,other,other
1585,subgenre-current,novela romántica,other,80,,9,1,nh0073,novela romántica,novela romántica,novela romántica,novela romántica,novela romántica,novela romántica,novela romántica,novela romántica,novela romántica,novela romántica,novela romántica
1586,subgenre-current,novela romántica,other,80,,9,1,nh0074,other,other,other,other,other,other,other,other,other,other,other
1587,subgenre-current,novela romántica,other,80,,9,1,nh0075,other,other,other,other,other,other,other,other,other,other,other
1588,subgenre-current,novela romántica,other,80,,9,1,nh0076,other,other,other,other,other,other,other,other,other,other,other
1589,subgenre-current,novela romántica,other,80,,9,1,nh0080,other,other,other,other,other,other,other,other,other,other,other
1590,subgenre-current,novela romántica,other,80,,9,1,nh0082,novela romántica,novela romántica,novela romántica,other,novela romántica,novela romántica,novela romántica,novela romántica,novela romántica,novela romántica,novela romántica
1591,subgenre-current,novela romántica,other,80,,9,1,nh0084,other,other,other,other,other,other,other,other,other,other,other
1592,subgenre-current,novela romántica,other,80,,9,1,nh0085,novela romántica,novela romántica,novela romántica,novela romántica,novela romántica,novela romántica,novela romántica,novela romántica,novela romántica,novela romántica,novela romántica
1593,subgenre-current,novela romántica,other,80,,9,1,nh0086,other,other,other,other,other,other,other,other,other,other,other
1594,subgenre-current,novela romántica,other,80,,9,1,nh0088,other,other,other,other,other,other,other,other,other,other,other
1595,subgenre-current,novela romántica,other,80,,9,1,nh0089,other,other,other,other,other,other,other,other,other,other,other
1596,subgenre-current,novela romántica,other,80,,9,1,nh0090,other,other,other,other,other,other,novela romántica,other,other,other,other
1597,subgenre-current,novela romántica,other,80,,9,1,nh0092,novela romántica,novela romántica,novela romántica,novela romántica,novela romántica,novela romántica,novela romántica,novela romántica,novela romántica,novela romántica,novela romántica
1598,subgenre-current,novela romántica,other,80,,9,1,nh0094,novela romántica,novela romántica,novela romántica,novela romántica,novela romántica,novela romántica,novela romántica,novela romántica,novela romántica,novela romántica,novela romántica
1599,subgenre-current,novela romántica,other,80,,9,1,nh0097,novela romántica,novela romántica,novela romántica,novela romántica,novela romántica,novela romántica,novela romántica,novela romántica,novela romántica,novela romántica,novela romántica
1600,subgenre-current,novela romántica,other,80,,9,1,nh0098,novela romántica,novela romántica,novela romántica,novela romántica,novela romántica,novela romántica,novela romántica,novela romántica,novela romántica,novela romántica,novela romántica
1601,subgenre-current,novela romántica,other,80,,9,1,nh0099,other,other,other,other,other,other,other,other,other,other,other
1602,subgenre-current,novela romántica,other,80,,9,1,nh0102,novela romántica,novela romántica,novela romántica,novela romántica,novela romántica,novela romántica,novela romántica,novela romántica,novela romántica,novela romántica,novela romántica
1603,subgenre-current,novela romántica,other,80,,9,1,nh0104,novela romántica,novela romántica,novela romántica,novela romántica,novela romántica,novela romántica,novela romántica,novela romántica,novela romántica,novela romántica,novela romántica
1604,subgenre-current,novela romántica,other,80,,9,1,nh0105,novela romántica,novela romántica,novela romántica,novela romántica,other,novela romántica,novela romántica,novela romántica,novela romántica,novela romántica,novela romántica
1605,subgenre-current,novela romántica,other,80,,9,1,nh0109,other,other,other,other,other,other,other,other,other,other,other
1606,subgenre-current,novela romántica,other,80,,9,1,nh0110,novela romántica,novela romántica,novela romántica,novela romántica,novela romántica,novela romántica,novela romántica,novela romántica,novela romántica,novela romántica,novela romántica
1607,subgenre-current,novela romántica,other,80,,9,1,nh0111,novela romántica,novela romántica,novela romántica,novela romántica,novela romántica,novela romántica,novela romántica,novela romántica,novela romántica,novela romántica,novela romántica
1608,subgenre-current,novela romántica,other,80,,9,1,nh0113,novela romántica,novela romántica,novela romántica,novela romántica,novela romántica,novela romántica,novela romántica,novela romántica,novela romántica,novela romántica,novela romántica
1609,subgenre-current,novela romántica,other,80,,9,1,nh0114,other,other,other,other,other,other,other,other,other,other,other
1610,subgenre-current,novela romántica,other,80,,9,1,nh0115,novela romántica,novela romántica,novela romántica,novela romántica,novela romántica,novela romántica,novela romántica,novela romántica,novela romántica,novela romántica,novela romántica
1611,subgenre-current,novela romántica,other,80,,9,1,nh0116,novela romántica,novela romántica,novela romántica,novela romántica,novela romántica,novela romántica,novela romántica,novela romántica,novela romántica,novela romántica,novela romántica
1612,subgenre-current,novela romántica,other,80,,9,1,nh0117,novela romántica,novela romántica,novela romántica,novela romántica,novela romántica,novela romántica,novela romántica,novela romántica,novela romántica,novela romántica,novela romántica
1613,subgenre-current,novela romántica,other,80,,9,1,nh0118,novela romántica,novela romántica,novela romántica,novela romántica,novela romántica,other,novela romántica,novela romántica,novela romántica,novela romántica,novela romántica
1614,subgenre-current,novela romántica,other,80,,9,1,nh0119,other,other,other,other,other,other,other,other,other,other,other
1615,subgenre-current,novela romántica,other,80,,9,1,nh0120,novela romántica,novela romántica,novela romántica,novela romántica,novela romántica,novela romántica,novela romántica,novela romántica,novela romántica,novela romántica,novela romántica
1616,subgenre-current,novela romántica,other,80,,9,1,nh0121,novela romántica,novela romántica,novela romántica,novela romántica,novela romántica,novela romántica,novela romántica,novela romántica,novela romántica,novela romántica,novela romántica
1617,subgenre-current,novela romántica,other,80,,9,1,nh0122,novela romántica,novela romántica,novela romántica,novela romántica,novela romántica,novela romántica,novela romántica,novela romántica,novela romántica,novela romántica,novela romántica
1618,subgenre-current,novela romántica,other,80,,9,1,nh0124,novela romántica,novela romántica,novela romántica,novela romántica,novela romántica,novela romántica,novela romántica,novela romántica,novela romántica,novela romántica,novela romántica
1619,subgenre-current,novela romántica,other,80,,9,1,nh0125,novela romántica,novela romántica,novela romántica,novela romántica,novela romántica,novela romántica,novela romántica,novela romántica,novela romántica,novela romántica,novela romántica
1620,subgenre-current,novela romántica,other,80,,9,1,nh0126,novela romántica,novela romántica,novela romántica,novela romántica,novela romántica,novela romántica,novela romántica,novela romántica,novela romántica,novela romántica,novela romántica
1621,subgenre-current,novela romántica,other,80,,9,1,nh0127,other,other,other,other,other,other,other,other,other,other,other
1622,subgenre-current,novela romántica,other,80,,9,1,nh0131,novela romántica,novela romántica,novela romántica,novela romántica,novela romántica,novela romántica,other,novela romántica,novela romántica,novela romántica,novela romántica
1623,subgenre-current,novela romántica,other,80,,9,1,nh0133,other,other,other,other,other,other,other,other,other,other,other
1624,subgenre-current,novela romántica,other,80,,9,1,nh0135,other,other,other,other,other,other,novela romántica,other,other,other,other
1625,subgenre-current,novela romántica,other,80,,9,1,nh0136,other,other,other,other,other,other,other,other,other,other,other
1626,subgenre-current,novela romántica,other,80,,9,1,nh0138,novela romántica,novela romántica,novela romántica,novela romántica,novela romántica,novela romántica,novela romántica,novela romántica,novela romántica,novela romántica,novela romántica
1627,subgenre-current,novela romántica,other,80,,9,1,nh0140,novela romántica,novela romántica,novela romántica,novela romántica,novela romántica,novela romántica,novela romántica,novela romántica,novela romántica,novela romántica,novela romántica
1628,subgenre-current,novela romántica,other,80,,9,1,nh0141,novela romántica,novela romántica,novela romántica,novela romántica,novela romántica,novela romántica,novela romántica,novela romántica,novela romántica,novela romántica,novela romántica
1629,subgenre-current,novela romántica,other,80,,9,1,nh0142,novela romántica,novela romántica,novela romántica,novela romántica,novela romántica,novela romántica,novela romántica,novela romántica,novela romántica,novela romántica,novela romántica
1630,subgenre-current,novela romántica,other,80,,9,1,nh0143,novela romántica,novela romántica,novela romántica,novela romántica,novela romántica,novela romántica,novela romántica,novela romántica,novela romántica,novela romántica,novela romántica
1631,subgenre-current,novela romántica,other,80,,9,1,nh0144,novela romántica,novela romántica,novela romántica,novela romántica,novela romántica,novela romántica,other,novela romántica,novela romántica,novela romántica,novela romántica
1632,subgenre-current,novela romántica,other,80,,9,1,nh0145,novela romántica,novela romántica,novela romántica,novela romántica,novela romántica,novela romántica,other,novela romántica,novela romántica,novela romántica,novela romántica
1633,subgenre-current,novela romántica,other,80,,9,1,nh0146,novela romántica,novela romántica,novela romántica,novela romántica,novela romántica,novela romántica,novela romántica,novela romántica,novela romántica,novela romántica,novela romántica
1634,subgenre-current,novela romántica,other,80,,9,1,nh0147,novela romántica,novela romántica,novela romántica,novela romántica,novela romántica,novela romántica,novela romántica,other,novela romántica,novela romántica,novela romántica
1635,subgenre-current,novela romántica,other,80,,9,1,nh0148,other,other,other,other,other,other,other,other,other,other,other
1636,subgenre-current,novela romántica,other,80,,9,1,nh0150,novela romántica,novela romántica,novela romántica,novela romántica,novela romántica,novela romántica,novela romántica,novela romántica,novela romántica,novela romántica,novela romántica
1637,subgenre-current,novela romántica,other,80,,9,1,nh0151,novela romántica,novela romántica,novela romántica,novela romántica,novela romántica,novela romántica,novela romántica,novela romántica,novela romántica,novela romántica,novela romántica
1638,subgenre-current,novela romántica,other,80,,9,1,nh0152,novela romántica,novela romántica,novela romántica,novela romántica,novela romántica,novela romántica,novela romántica,novela romántica,novela romántica,novela romántica,novela romántica
1639,subgenre-current,novela romántica,other,80,,9,1,nh0155,other,other,other,other,other,other,other,other,other,other,other
1640,subgenre-current,novela romántica,other,80,,9,1,nh0157,novela romántica,novela romántica,novela romántica,novela romántica,novela romántica,novela romántica,novela romántica,novela romántica,novela romántica,novela romántica,novela romántica
1641,subgenre-current,novela romántica,other,80,,9,1,nh0158,novela romántica,novela romántica,novela romántica,novela romántica,novela romántica,novela romántica,novela romántica,novela romántica,novela romántica,novela romántica,novela romántica
1642,subgenre-current,novela romántica,other,80,,9,1,nh0159,novela romántica,novela romántica,novela romántica,novela romántica,novela romántica,novela romántica,novela romántica,novela romántica,novela romántica,novela romántica,novela romántica
1643,subgenre-current,novela romántica,other,80,,9,1,nh0161,novela romántica,novela romántica,novela romántica,novela romántica,novela romántica,novela romántica,novela romántica,novela romántica,novela romántica,novela romántica,novela romántica
1644,subgenre-current,novela romántica,other,80,,9,1,nh0163,other,other,other,other,other,other,other,other,other,other,other
1645,subgenre-current,novela romántica,other,80,,9,1,nh0164,other,other,other,other,other,other,other,other,other,other,other
1646,subgenre-current,novela romántica,other,80,,9,1,nh0165,other,other,other,other,other,other,other,other,other,other,other
1647,subgenre-current,novela romántica,other,80,,9,1,nh0167,novela romántica,novela romántica,novela romántica,novela romántica,novela romántica,novela romántica,novela romántica,novela romántica,novela romántica,novela romántica,novela romántica
1648,subgenre-current,novela romántica,other,80,,9,1,nh0171,novela romántica,novela romántica,novela romántica,novela romántica,novela romántica,novela romántica,novela romántica,novela romántica,novela romántica,novela romántica,novela romántica
1649,subgenre-current,novela romántica,other,80,,9,1,nh0173,other,other,other,other,other,other,other,other,other,other,other
1650,subgenre-current,novela romántica,other,80,,9,1,nh0174,other,other,other,other,other,other,other,other,other,other,other
1651,subgenre-current,novela romántica,other,80,,9,1,nh0175,other,other,other,other,other,other,other,other,other,other,other
1652,subgenre-current,novela romántica,other,80,,9,1,nh0177,other,other,other,other,other,other,other,other,other,other,other
1653,subgenre-current,novela romántica,other,80,,9,1,nh0178,novela romántica,novela romántica,novela romántica,novela romántica,novela romántica,novela romántica,novela romántica,novela romántica,novela romántica,novela romántica,novela romántica
1654,subgenre-current,novela romántica,other,80,,9,1,nh0179,other,other,other,other,other,other,other,other,other,other,other
1655,subgenre-current,novela romántica,other,80,,9,1,nh0180,novela romántica,novela romántica,novela romántica,novela romántica,novela romántica,novela romántica,novela romántica,novela romántica,novela romántica,novela romántica,novela romántica
1656,subgenre-current,novela romántica,other,80,,9,1,nh0181,novela romántica,novela romántica,novela romántica,novela romántica,novela romántica,novela romántica,novela romántica,novela romántica,novela romántica,novela romántica,novela romántica
1657,subgenre-current,novela romántica,other,80,,9,1,nh0183,novela romántica,novela romántica,novela romántica,novela romántica,novela romántica,novela romántica,novela romántica,novela romántica,novela romántica,novela romántica,novela romántica
1658,subgenre-current,novela romántica,other,80,,9,1,nh0188,novela romántica,novela romántica,novela romántica,novela romántica,novela romántica,novela romántica,novela romántica,novela romántica,novela romántica,novela romántica,novela romántica
1659,subgenre-current,novela romántica,other,80,,9,1,nh0189,other,other,other,other,other,other,other,other,other,other,other
1660,subgenre-current,novela romántica,other,80,,9,1,nh0190,other,other,other,other,other,other,other,other,other,other,other
1661,subgenre-current,novela romántica,other,80,,9,1,nh0191,other,other,other,other,other,other,other,other,other,other,other
1662,subgenre-current,novela romántica,other,80,,9,1,nh0192,other,other,other,other,other,other,other,other,other,other,other
1663,subgenre-current,novela romántica,other,80,,9,1,nh0193,other,other,other,other,other,other,other,other,other,other,other
1664,subgenre-current,novela romántica,other,80,,9,1,nh0194,other,other,other,other,other,other,other,other,other,other,other
1665,subgenre-current,novela romántica,other,80,,9,1,nh0196,novela romántica,novela romántica,novela romántica,novela romántica,novela romántica,novela romántica,novela romántica,novela romántica,novela romántica,novela romántica,novela romántica
1666,subgenre-current,novela romántica,other,80,,9,1,nh0197,novela romántica,novela romántica,novela romántica,novela romántica,novela romántica,novela romántica,novela romántica,novela romántica,novela romántica,novela romántica,novela romántica
1667,subgenre-current,novela romántica,other,80,,9,1,nh0198,other,other,other,other,other,other,other,other,other,other,other
1668,subgenre-current,novela romántica,other,80,,9,1,nh0199,novela romántica,novela romántica,novela romántica,novela romántica,novela romántica,novela romántica,novela romántica,novela romántica,novela romántica,novela romántica,novela romántica
1669,subgenre-current,novela romántica,other,80,,9,1,nh0202,other,other,other,other,other,other,other,other,other,other,other
1670,subgenre-current,novela romántica,other,80,,9,1,nh0203,novela romántica,novela romántica,novela romántica,novela romántica,novela romántica,novela romántica,novela romántica,novela romántica,novela romántica,novela romántica,novela romántica
1671,subgenre-current,novela romántica,other,80,,9,1,nh0204,other,other,other,other,other,other,other,other,other,other,other
1672,subgenre-current,novela romántica,other,80,,9,1,nh0205,other,other,other,other,other,other,other,other,other,other,other
1673,subgenre-current,novela romántica,other,80,,9,1,nh0206,other,other,other,other,other,other,other,other,other,novela romántica,other
1674,subgenre-current,novela romántica,other,80,,9,1,nh0208,other,other,other,other,other,other,other,other,other,novela romántica,other
1675,subgenre-current,novela romántica,other,80,,9,1,nh0210,other,other,other,other,other,other,other,other,other,novela romántica,other
1676,subgenre-current,novela romántica,other,80,,9,1,nh0214,other,other,other,other,other,other,other,other,other,novela romántica,other
1677,subgenre-current,novela romántica,other,80,,9,1,nh0217,other,other,other,other,other,other,other,other,other,other,other
1678,subgenre-current,novela romántica,other,80,,9,1,nh0219,novela romántica,novela romántica,novela romántica,novela romántica,novela romántica,novela romántica,novela romántica,novela romántica,novela romántica,novela romántica,novela romántica
1679,subgenre-current,novela romántica,other,80,,9,1,nh0220,novela romántica,novela romántica,novela romántica,novela romántica,novela romántica,novela romántica,novela romántica,novela romántica,novela romántica,novela romántica,novela romántica
1680,subgenre-current,novela romántica,other,80,,9,1,nh0221,other,other,other,other,other,other,other,other,other,other,other
1681,subgenre-current,novela romántica,other,80,,9,1,nh0223,other,other,other,other,other,other,other,other,other,other,other
1682,subgenre-current,novela romántica,other,80,,9,1,nh0225,novela romántica,novela romántica,novela romántica,novela romántica,novela romántica,novela romántica,novela romántica,novela romántica,novela romántica,novela romántica,novela romántica
1683,subgenre-current,novela romántica,other,80,,9,1,nh0229,other,other,other,other,other,other,other,other,other,other,other
1684,subgenre-current,novela romántica,other,80,,9,1,nh0230,other,other,other,other,other,other,other,other,other,other,other
1685,subgenre-current,novela romántica,other,80,,9,1,nh0232,other,other,other,other,other,other,other,other,other,other,other
1686,subgenre-current,novela romántica,other,80,,9,1,nh0234,novela romántica,novela romántica,novela romántica,novela romántica,novela romántica,novela romántica,novela romántica,novela romántica,novela romántica,novela romántica,novela romántica
1687,subgenre-current,novela romántica,other,80,,9,1,nh0235,other,other,other,other,other,other,other,other,other,other,other
1688,subgenre-current,novela romántica,other,80,,9,1,nh0239,other,other,other,other,other,other,other,other,other,other,other
1689,subgenre-current,novela romántica,other,80,,9,1,nh0240,novela romántica,novela romántica,novela romántica,novela romántica,novela romántica,novela romántica,novela romántica,novela romántica,novela romántica,novela romántica,novela romántica
1690,subgenre-current,novela romántica,other,80,,9,1,nh0244,novela romántica,novela romántica,novela romántica,novela romántica,novela romántica,novela romántica,novela romántica,novela romántica,novela romántica,novela romántica,novela romántica
1691,subgenre-current,novela romántica,other,80,,9,1,nh0246,novela romántica,novela romántica,novela romántica,novela romántica,novela romántica,novela romántica,novela romántica,novela romántica,novela romántica,novela romántica,novela romántica
1692,subgenre-current,novela romántica,other,80,,9,1,nh0247,novela romántica,novela romántica,novela romántica,novela romántica,novela romántica,novela romántica,novela romántica,novela romántica,novela romántica,novela romántica,novela romántica
1693,subgenre-current,novela romántica,other,80,,9,1,nh0248,novela romántica,novela romántica,novela romántica,novela romántica,novela romántica,novela romántica,novela romántica,novela romántica,novela romántica,novela romántica,novela romántica
1694,subgenre-current,novela romántica,other,80,,9,1,nh0250,novela romántica,novela romántica,novela romántica,novela romántica,novela romántica,novela romántica,novela romántica,novela romántica,novela romántica,novela romántica,novela romántica
1695,subgenre-current,novela romántica,other,80,,9,1,nh0252,novela romántica,novela romántica,novela romántica,novela romántica,novela romántica,novela romántica,novela romántica,novela romántica,novela romántica,novela romántica,novela romántica
1696,subgenre-current,novela romántica,other,80,,9,1,nh0253,novela romántica,novela romántica,novela romántica,novela romántica,novela romántica,novela romántica,novela romántica,novela romántica,novela romántica,novela romántica,novela romántica
1697,subgenre-current,novela romántica,other,80,,9,1,nh0254,other,other,other,other,other,other,other,other,other,other,other
1698,subgenre-current,novela romántica,other,80,,9,1,nh0255,other,other,other,other,other,other,other,other,other,other,other
1699,subgenre-current,novela romántica,other,80,,9,1,nh0256,other,other,other,other,other,other,other,other,other,other,other
1700,subgenre-current,novela realista,other,80,,0,1,nh0002,novela realista,novela realista,novela realista,novela realista,novela realista,novela realista,novela realista,novela realista,novela realista,novela realista,novela realista
1701,subgenre-current,novela realista,other,80,,0,1,nh0008,novela realista,novela realista,novela realista,novela realista,novela realista,novela realista,novela realista,novela realista,novela realista,novela realista,novela realista
1702,subgenre-current,novela realista,other,80,,0,1,nh0009,other,other,other,other,other,other,other,other,other,other,other
1703,subgenre-current,novela realista,other,80,,0,1,nh0010,novela realista,novela realista,novela realista,novela realista,novela realista,novela realista,novela realista,novela realista,novela realista,novela realista,novela realista
1704,subgenre-current,novela realista,other,80,,0,1,nh0012,other,novela realista,other,other,other,other,other,other,other,other,other
1705,subgenre-current,novela realista,other,80,,0,1,nh0013,other,novela realista,other,other,other,other,other,other,other,other,other
1706,subgenre-current,novela realista,other,80,,0,1,nh0015,novela realista,novela realista,novela realista,novela realista,novela realista,novela realista,novela realista,novela realista,novela realista,novela realista,novela realista
1707,subgenre-current,novela realista,other,80,,0,1,nh0019,other,other,other,other,other,other,other,other,other,other,other
1708,subgenre-current,novela realista,other,80,,0,1,nh0022,other,other,novela realista,other,other,other,other,other,other,other,other
1709,subgenre-current,novela realista,other,80,,0,1,nh0023,novela realista,novela realista,novela realista,novela realista,novela realista,novela realista,novela realista,novela realista,novela realista,novela realista,novela realista
1710,subgenre-current,novela realista,other,80,,0,1,nh0024,other,other,other,other,other,other,other,other,other,other,other
1711,subgenre-current,novela realista,other,80,,0,1,nh0026,other,other,other,other,other,other,other,other,other,other,other
1712,subgenre-current,novela realista,other,80,,0,1,nh0027,novela realista,novela realista,novela realista,novela realista,novela realista,novela realista,novela realista,novela realista,novela realista,novela realista,novela realista
1713,subgenre-current,novela realista,other,80,,0,1,nh0036,novela realista,novela realista,novela realista,novela realista,novela realista,novela realista,novela realista,novela realista,novela realista,novela realista,novela realista
1714,subgenre-current,novela realista,other,80,,0,1,nh0044,novela realista,novela realista,novela realista,novela realista,novela realista,novela realista,novela realista,novela realista,novela realista,novela realista,novela realista
1715,subgenre-current,novela realista,other,80,,0,1,nh0046,novela realista,novela realista,novela realista,novela realista,novela realista,novela realista,novela realista,novela realista,novela realista,novela realista,novela realista
1716,subgenre-current,novela realista,other,80,,0,1,nh0047,novela realista,novela realista,novela realista,novela realista,novela realista,novela realista,novela realista,novela realista,novela realista,novela realista,novela realista
1717,subgenre-current,novela realista,other,80,,0,1,nh0048,novela realista,novela realista,novela realista,novela realista,novela realista,novela realista,novela realista,novela realista,novela realista,novela realista,novela realista
1718,subgenre-current,novela realista,other,80,,0,1,nh0050,other,other,other,other,other,other,other,other,other,other,other
1719,subgenre-current,novela realista,other,80,,0,1,nh0052,novela realista,novela realista,novela realista,novela realista,novela realista,novela realista,novela realista,novela realista,novela realista,novela realista,novela realista
1720,subgenre-current,novela realista,other,80,,0,1,nh0055,other,other,other,other,other,other,other,other,other,other,other
1721,subgenre-current,novela realista,other,80,,0,1,nh0056,other,other,other,other,other,other,other,other,other,other,other
1722,subgenre-current,novela realista,other,80,,0,1,nh0058,other,other,other,other,novela realista,other,other,other,other,other,other
1723,subgenre-current,novela realista,other,80,,0,1,nh0062,novela realista,novela realista,novela realista,novela realista,novela realista,novela realista,novela realista,novela realista,novela realista,novela realista,novela realista
1724,subgenre-current,novela realista,other,80,,0,1,nh0065,other,other,other,other,other,other,other,other,other,other,other
1725,subgenre-current,novela realista,other,80,,0,1,nh0067,novela realista,novela realista,novela realista,novela realista,novela realista,novela realista,novela realista,novela realista,novela realista,novela realista,novela realista
1726,subgenre-current,novela realista,other,80,,0,1,nh0068,novela realista,novela realista,novela realista,novela realista,novela realista,novela realista,novela realista,novela realista,novela realista,novela realista,novela realista
1727,subgenre-current,novela realista,other,80,,0,1,nh0075,novela realista,novela realista,novela realista,novela realista,other,novela realista,novela realista,novela realista,novela realista,novela realista,novela realista
1728,subgenre-current,novela realista,other,80,,0,1,nh0080,other,other,other,other,other,other,other,other,other,other,other
1729,subgenre-current,novela realista,other,80,,0,1,nh0086,other,other,other,other,other,novela realista,other,other,other,other,other
1730,subgenre-current,novela realista,other,80,,0,1,nh0088,other,other,other,other,other,other,other,other,other,other,other
1731,subgenre-current,novela realista,other,80,,0,1,nh0089,novela realista,novela realista,novela realista,novela realista,novela realista,novela realista,novela realista,novela realista,novela realista,novela realista,novela realista
1732,subgenre-current,novela realista,other,80,,0,1,nh0097,other,other,other,other,other,other,novela realista,other,other,other,other
1733,subgenre-current,novela realista,other,80,,0,1,nh0120,other,other,other,other,other,other,other,other,other,other,other
1734,subgenre-current,novela realista,other,80,,0,1,nh0126,other,other,other,other,other,other,other,other,other,other,other
1735,subgenre-current,novela realista,other,80,,0,1,nh0127,novela realista,novela realista,novela realista,novela realista,novela realista,novela realista,novela realista,novela realista,novela realista,novela realista,novela realista
1736,subgenre-current,novela realista,other,80,,0,1,nh0133,novela realista,novela realista,novela realista,novela realista,novela realista,other,novela realista,novela realista,novela realista,novela realista,novela realista
1737,subgenre-current,novela realista,other,80,,0,1,nh0135,novela realista,novela realista,novela realista,novela realista,novela realista,other,novela realista,novela realista,novela realista,novela realista,novela realista
1738,subgenre-current,novela realista,other,80,,0,1,nh0140,other,other,other,other,other,other,other,other,other,other,other
1739,subgenre-current,novela realista,other,80,,0,1,nh0142,other,other,other,other,other,other,other,other,other,other,other
1740,subgenre-current,novela realista,other,80,,0,1,nh0148,novela realista,novela realista,novela realista,novela realista,novela realista,novela realista,novela realista,novela realista,novela realista,novela realista,novela realista
1741,subgenre-current,novela realista,other,80,,0,1,nh0155,other,other,other,other,other,other,other,novela realista,other,other,other
1742,subgenre-current,novela realista,other,80,,0,1,nh0156,other,other,other,other,other,other,other,other,other,other,other
1743,subgenre-current,novela realista,other,80,,0,1,nh0159,other,other,other,other,other,other,other,novela realista,other,other,other
1744,subgenre-current,novela realista,other,80,,0,1,nh0165,novela realista,novela realista,novela realista,novela realista,novela realista,novela realista,novela realista,novela realista,novela realista,novela realista,novela realista
1745,subgenre-current,novela realista,other,80,,0,1,nh0174,novela realista,novela realista,novela realista,novela realista,novela realista,novela realista,novela realista,novela realista,novela realista,novela realista,novela realista
1746,subgenre-current,novela realista,other,80,,0,1,nh0175,novela realista,novela realista,novela realista,novela realista,novela realista,novela realista,novela realista,novela realista,novela realista,novela realista,novela realista
1747,subgenre-current,novela realista,other,80,,0,1,nh0178,other,other,other,other,other,other,other,other,other,other,other
1748,subgenre-current,novela realista,other,80,,0,1,nh0182,other,other,other,other,other,other,other,other,other,other,other
1749,subgenre-current,novela realista,other,80,,0,1,nh0188,other,other,other,other,other,other,other,other,other,other,other
1750,subgenre-current,novela realista,other,80,,0,1,nh0192,other,other,other,other,other,other,other,other,other,other,other
1751,subgenre-current,novela realista,other,80,,0,1,nh0197,other,other,other,other,other,other,other,other,other,novela realista,other
1752,subgenre-current,novela realista,other,80,,0,1,nh0198,novela realista,novela realista,novela realista,novela realista,novela realista,novela realista,novela realista,novela realista,novela realista,novela realista,novela realista
1753,subgenre-current,novela realista,other,80,,0,1,nh0199,other,other,other,other,other,other,other,other,other,novela realista,other
1754,subgenre-current,novela realista,other,80,,0,1,nh0202,novela realista,novela realista,novela realista,novela realista,novela realista,novela realista,novela realista,novela realista,novela realista,novela realista,novela realista
1755,subgenre-current,novela realista,other,80,,0,1,nh0204,novela realista,novela realista,novela realista,novela realista,novela realista,novela realista,novela realista,novela realista,novela realista,novela realista,novela realista
1756,subgenre-current,novela realista,other,80,,0,1,nh0208,novela realista,novela realista,novela realista,novela realista,novela realista,novela realista,novela realista,novela realista,novela realista,novela realista,novela realista
1757,subgenre-current,novela realista,other,80,,0,1,nh0210,novela realista,novela realista,novela realista,novela realista,novela realista,novela realista,novela realista,novela realista,novela realista,novela realista,novela realista
1758,subgenre-current,novela realista,other,80,,0,1,nh0214,novela realista,novela realista,novela realista,novela realista,novela realista,novela realista,novela realista,novela realista,novela realista,novela realista,novela realista
1759,subgenre-current,novela realista,other,80,,0,1,nh0221,novela realista,novela realista,novela realista,novela realista,novela realista,novela realista,novela realista,novela realista,novela realista,novela realista,novela realista
1760,subgenre-current,novela realista,other,80,,0,1,nh0226,other,other,other,other,other,other,other,other,other,other,other
1761,subgenre-current,novela realista,other,80,,0,1,nh0230,novela realista,novela realista,novela realista,novela realista,novela realista,novela realista,novela realista,novela realista,novela realista,novela realista,novela realista
1762,subgenre-current,novela realista,other,80,,0,1,nh0232,novela realista,novela realista,novela realista,novela realista,novela realista,novela realista,novela realista,novela realista,novela realista,novela realista,novela realista
1763,subgenre-current,novela realista,other,80,,0,1,nh0235,novela realista,novela realista,novela realista,novela realista,novela realista,novela realista,novela realista,novela realista,novela realista,novela realista,novela realista
1764,subgenre-current,novela realista,other,80,,0,1,nh0239,novela realista,novela realista,novela realista,novela realista,novela realista,novela realista,novela realista,novela realista,novela realista,novela realista,novela realista
1765,subgenre-current,novela realista,other,80,,0,1,nh0244,other,other,other,other,other,other,other,other,other,other,other
1766,subgenre-current,novela realista,other,80,,0,1,nh0249,other,other,other,other,other,other,other,other,other,other,novela realista
1767,subgenre-current,novela realista,other,80,,0,1,nh0251,other,other,other,other,other,other,other,other,other,other,other
1768,subgenre-current,novela realista,other,80,,0,1,nh0254,other,other,other,other,other,other,other,other,other,other,novela realista
1769,subgenre-current,novela realista,other,80,,0,1,nh0255,other,other,other,other,other,other,other,other,other,other,novela realista
1770,subgenre-current,novela realista,other,80,,1,1,nh0002,novela realista,novela realista,novela realista,novela realista,novela realista,novela realista,novela realista,novela realista,novela realista,novela realista,novela realista
1771,subgenre-current,novela realista,other,80,,1,1,nh0005,other,other,other,other,other,other,other,other,other,other,other
1772,subgenre-current,novela realista,other,80,,1,1,nh0008,novela realista,novela realista,novela realista,novela realista,novela realista,novela realista,novela realista,novela realista,novela realista,novela realista,novela realista
1773,subgenre-current,novela realista,other,80,,1,1,nh0010,novela realista,novela realista,novela realista,novela realista,novela realista,novela realista,novela realista,novela realista,novela realista,novela realista,novela realista
1774,subgenre-current,novela realista,other,80,,1,1,nh0013,other,novela realista,other,other,other,other,other,other,other,other,other
1775,subgenre-current,novela realista,other,80,,1,1,nh0015,novela realista,novela realista,novela realista,novela realista,novela realista,novela realista,novela realista,novela realista,novela realista,novela realista,novela realista
1776,subgenre-current,novela realista,other,80,,1,1,nh0023,novela realista,novela realista,novela realista,novela realista,novela realista,novela realista,novela realista,novela realista,novela realista,novela realista,novela realista
1777,subgenre-current,novela realista,other,80,,1,1,nh0027,novela realista,novela realista,novela realista,novela realista,novela realista,novela realista,novela realista,novela realista,novela realista,novela realista,novela realista
1778,subgenre-current,novela realista,other,80,,1,1,nh0029,other,other,other,other,other,other,other,other,other,other,other
1779,subgenre-current,novela realista,other,80,,1,1,nh0032,other,other,other,other,other,other,other,other,other,other,other
1780,subgenre-current,novela realista,other,80,,1,1,nh0036,novela realista,novela realista,novela realista,novela realista,novela realista,novela realista,novela realista,novela realista,novela realista,novela realista,novela realista
1781,subgenre-current,novela realista,other,80,,1,1,nh0040,other,other,other,other,other,other,other,other,other,other,other
1782,subgenre-current,novela realista,other,80,,1,1,nh0044,novela realista,novela realista,novela realista,novela realista,novela realista,novela realista,novela realista,novela realista,novela realista,novela realista,novela realista
1783,subgenre-current,novela realista,other,80,,1,1,nh0046,novela realista,novela realista,novela realista,novela realista,novela realista,novela realista,novela realista,novela realista,novela realista,novela realista,novela realista
1784,subgenre-current,novela realista,other,80,,1,1,nh0047,novela realista,novela realista,novela realista,novela realista,novela realista,novela realista,novela realista,novela realista,novela realista,novela realista,novela realista
1785,subgenre-current,novela realista,other,80,,1,1,nh0048,novela realista,novela realista,novela realista,novela realista,novela realista,novela realista,novela realista,novela realista,novela realista,novela realista,novela realista
1786,subgenre-current,novela realista,other,80,,1,1,nh0052,novela realista,novela realista,novela realista,novela realista,novela realista,novela realista,novela realista,novela realista,novela realista,novela realista,novela realista
1787,subgenre-current,novela realista,other,80,,1,1,nh0053,other,other,other,other,other,other,other,other,other,other,other
1788,subgenre-current,novela realista,other,80,,1,1,nh0059,other,other,other,novela realista,other,other,other,other,other,other,other
1789,subgenre-current,novela realista,other,80,,1,1,nh0060,other,other,other,novela realista,other,other,other,other,other,other,other
1790,subgenre-current,novela realista,other,80,,1,1,nh0062,novela realista,novela realista,novela realista,novela realista,novela realista,novela realista,novela realista,novela realista,novela realista,novela realista,novela realista
1791,subgenre-current,novela realista,other,80,,1,1,nh0067,novela realista,novela realista,novela realista,novela realista,other,novela realista,novela realista,novela realista,novela realista,novela realista,novela realista
1792,subgenre-current,novela realista,other,80,,1,1,nh0068,novela realista,novela realista,novela realista,novela realista,novela realista,novela realista,novela realista,novela realista,novela realista,novela realista,novela realista
1793,subgenre-current,novela realista,other,80,,1,1,nh0075,novela realista,novela realista,novela realista,novela realista,novela realista,novela realista,novela realista,novela realista,novela realista,novela realista,novela realista
1794,subgenre-current,novela realista,other,80,,1,1,nh0082,other,other,other,novela realista,other,other,other,other,other,other,other
1795,subgenre-current,novela realista,other,80,,1,1,nh0089,novela realista,novela realista,novela realista,novela realista,novela realista,novela realista,novela realista,novela realista,novela realista,novela realista,novela realista
1796,subgenre-current,novela realista,other,80,,1,1,nh0094,other,other,other,other,novela realista,other,other,other,other,other,other
1797,subgenre-current,novela realista,other,80,,1,1,nh0097,other,other,other,other,novela realista,other,other,other,other,other,other
1798,subgenre-current,novela realista,other,80,,1,1,nh0099,other,other,other,other,other,other,other,other,other,other,other
1799,subgenre-current,novela realista,other,80,,1,1,nh0113,other,other,other,other,other,other,other,other,other,other,other
1800,subgenre-current,novela realista,other,80,,1,1,nh0114,other,other,other,other,other,novela realista,other,other,other,other,other
1801,subgenre-current,novela realista,other,80,,1,1,nh0126,other,other,other,other,other,other,other,other,other,other,other
1802,subgenre-current,novela realista,other,80,,1,1,nh0127,novela realista,novela realista,novela realista,novela realista,novela realista,novela realista,novela realista,novela realista,novela realista,novela realista,novela realista
1803,subgenre-current,novela realista,other,80,,1,1,nh0129,other,other,other,other,other,other,novela realista,other,other,other,other
1804,subgenre-current,novela realista,other,80,,1,1,nh0133,novela realista,novela realista,novela realista,novela realista,novela realista,other,novela realista,novela realista,novela realista,novela realista,novela realista
1805,subgenre-current,novela realista,other,80,,1,1,nh0135,novela realista,novela realista,novela realista,novela realista,novela realista,other,novela realista,novela realista,novela realista,novela realista,novela realista
1806,subgenre-current,novela realista,other,80,,1,1,nh0142,other,other,other,other,other,other,other,other,other,other,other
1807,subgenre-current,novela realista,other,80,,1,1,nh0143,other,other,other,other,other,other,other,other,other,other,other
1808,subgenre-current,novela realista,other,80,,1,1,nh0144,other,other,other,other,other,other,novela realista,other,other,other,other
1809,subgenre-current,novela realista,other,80,,1,1,nh0148,novela realista,novela realista,novela realista,novela realista,novela realista,novela realista,novela realista,novela realista,novela realista,novela realista,novela realista
1810,subgenre-current,novela realista,other,80,,1,1,nh0151,other,other,other,other,other,other,other,other,other,other,other
1811,subgenre-current,novela realista,other,80,,1,1,nh0161,other,other,other,other,other,other,other,novela realista,other,other,other
1812,subgenre-current,novela realista,other,80,,1,1,nh0162,other,other,other,other,other,other,other,novela realista,other,other,other
1813,subgenre-current,novela realista,other,80,,1,1,nh0165,novela realista,novela realista,novela realista,novela realista,novela realista,novela realista,novela realista,novela realista,novela realista,novela realista,novela realista
1814,subgenre-current,novela realista,other,80,,1,1,nh0167,other,other,other,other,other,other,other,other,other,other,other
1815,subgenre-current,novela realista,other,80,,1,1,nh0172,other,other,other,other,other,other,other,other,other,other,other
1816,subgenre-current,novela realista,other,80,,1,1,nh0173,other,other,other,other,other,other,other,other,novela realista,other,other
1817,subgenre-current,novela realista,other,80,,1,1,nh0174,novela realista,novela realista,novela realista,novela realista,novela realista,novela realista,novela realista,novela realista,novela realista,novela realista,novela realista
1818,subgenre-current,novela realista,other,80,,1,1,nh0175,novela realista,novela realista,novela realista,novela realista,novela realista,novela realista,novela realista,novela realista,novela realista,novela realista,novela realista
1819,subgenre-current,novela realista,other,80,,1,1,nh0182,other,other,other,other,other,other,other,other,other,other,other
1820,subgenre-current,novela realista,other,80,,1,1,nh0183,other,other,other,other,other,other,other,other,other,other,other
1821,subgenre-current,novela realista,other,80,,1,1,nh0188,other,other,other,other,other,other,other,other,other,other,other
1822,subgenre-current,novela realista,other,80,,1,1,nh0189,other,other,other,other,other,other,other,other,other,other,other
1823,subgenre-current,novela realista,other,80,,1,1,nh0190,other,other,other,other,other,other,other,other,other,novela realista,other
1824,subgenre-current,novela realista,other,80,,1,1,nh0198,novela realista,novela realista,novela realista,novela realista,novela realista,novela realista,novela realista,novela realista,novela realista,novela realista,novela realista
1825,subgenre-current,novela realista,other,80,,1,1,nh0202,novela realista,novela realista,novela realista,novela realista,novela realista,novela realista,novela realista,other,novela realista,novela realista,novela realista
1826,subgenre-current,novela realista,other,80,,1,1,nh0204,novela realista,novela realista,novela realista,novela realista,novela realista,novela realista,novela realista,novela realista,novela realista,novela realista,novela realista
1827,subgenre-current,novela realista,other,80,,1,1,nh0208,novela realista,novela realista,novela realista,novela realista,novela realista,novela realista,novela realista,novela realista,novela realista,novela realista,novela realista
1828,subgenre-current,novela realista,other,80,,1,1,nh0210,novela realista,novela realista,novela realista,novela realista,novela realista,novela realista,novela realista,novela realista,other,novela realista,novela realista
1829,subgenre-current,novela realista,other,80,,1,1,nh0214,novela realista,novela realista,novela realista,novela realista,novela realista,novela realista,novela realista,novela realista,novela realista,other,novela realista
1830,subgenre-current,novela realista,other,80,,1,1,nh0217,other,other,other,other,other,other,other,other,other,novela realista,other
1831,subgenre-current,novela realista,other,80,,1,1,nh0221,novela realista,novela realista,novela realista,novela realista,novela realista,novela realista,novela realista,novela realista,novela realista,novela realista,novela realista
1832,subgenre-current,novela realista,other,80,,1,1,nh0224,other,other,other,other,other,other,other,other,other,other,other
1833,subgenre-current,novela realista,other,80,,1,1,nh0230,novela realista,novela realista,novela realista,novela realista,novela realista,novela realista,novela realista,novela realista,novela realista,novela realista,novela realista
1834,subgenre-current,novela realista,other,80,,1,1,nh0232,novela realista,novela realista,novela realista,novela realista,novela realista,novela realista,novela realista,novela realista,novela realista,novela realista,novela realista
1835,subgenre-current,novela realista,other,80,,1,1,nh0235,novela realista,novela realista,novela realista,novela realista,novela realista,novela realista,novela realista,novela realista,novela realista,novela realista,novela realista
1836,subgenre-current,novela realista,other,80,,1,1,nh0239,novela realista,novela realista,novela realista,novela realista,novela realista,novela realista,novela realista,novela realista,novela realista,novela realista,novela realista
1837,subgenre-current,novela realista,other,80,,1,1,nh0244,other,other,other,other,other,other,other,other,other,other,other
1838,subgenre-current,novela realista,other,80,,1,1,nh0247,other,other,other,other,other,other,other,other,other,other,novela realista
1839,subgenre-current,novela realista,other,80,,1,1,nh0254,other,other,other,other,other,other,other,other,other,other,other
1840,subgenre-current,novela realista,other,80,,2,1,nh0002,novela realista,novela realista,novela realista,novela realista,novela realista,novela realista,novela realista,novela realista,novela realista,novela realista,novela realista
1841,subgenre-current,novela realista,other,80,,2,1,nh0003,other,novela realista,other,other,other,other,other,other,other,other,other
1842,subgenre-current,novela realista,other,80,,2,1,nh0007,other,novela realista,other,other,other,other,other,other,other,other,other
1843,subgenre-current,novela realista,other,80,,2,1,nh0008,novela realista,other,novela realista,novela realista,novela realista,novela realista,novela realista,novela realista,novela realista,novela realista,novela realista
1844,subgenre-current,novela realista,other,80,,2,1,nh0010,novela realista,novela realista,novela realista,novela realista,novela realista,novela realista,novela realista,novela realista,novela realista,novela realista,novela realista
1845,subgenre-current,novela realista,other,80,,2,1,nh0011,other,novela realista,other,other,other,other,other,other,other,other,other
1846,subgenre-current,novela realista,other,80,,2,1,nh0012,other,other,novela realista,other,other,other,other,other,other,other,other
1847,subgenre-current,novela realista,other,80,,2,1,nh0013,other,other,novela realista,other,other,other,other,other,other,other,other
1848,subgenre-current,novela realista,other,80,,2,1,nh0015,novela realista,novela realista,novela realista,novela realista,novela realista,novela realista,novela realista,novela realista,novela realista,novela realista,novela realista
1849,subgenre-current,novela realista,other,80,,2,1,nh0023,novela realista,novela realista,novela realista,novela realista,novela realista,novela realista,novela realista,novela realista,novela realista,novela realista,novela realista
1850,subgenre-current,novela realista,other,80,,2,1,nh0027,novela realista,novela realista,other,novela realista,novela realista,novela realista,novela realista,novela realista,novela realista,novela realista,novela realista
1851,subgenre-current,novela realista,other,80,,2,1,nh0031,other,other,novela realista,other,other,other,other,other,other,other,other
1852,subgenre-current,novela realista,other,80,,2,1,nh0036,novela realista,novela realista,novela realista,novela realista,novela realista,novela realista,novela realista,novela realista,novela realista,novela realista,novela realista
1853,subgenre-current,novela realista,other,80,,2,1,nh0038,other,other,other,novela realista,other,other,other,other,other,other,other
1854,subgenre-current,novela realista,other,80,,2,1,nh0044,novela realista,novela realista,novela realista,novela realista,novela realista,novela realista,novela realista,novela realista,novela realista,novela realista,novela realista
1855,subgenre-current,novela realista,other,80,,2,1,nh0046,novela realista,novela realista,novela realista,novela realista,novela realista,novela realista,novela realista,novela realista,novela realista,novela realista,novela realista
1856,subgenre-current,novela realista,other,80,,2,1,nh0047,novela realista,novela realista,novela realista,novela realista,novela realista,novela realista,novela realista,novela realista,novela realista,novela realista,novela realista
1857,subgenre-current,novela realista,other,80,,2,1,nh0048,novela realista,novela realista,novela realista,novela realista,novela realista,novela realista,novela realista,novela realista,novela realista,novela realista,novela realista
1858,subgenre-current,novela realista,other,80,,2,1,nh0049,other,other,other,other,other,other,other,other,other,other,other
1859,subgenre-current,novela realista,other,80,,2,1,nh0052,novela realista,novela realista,novela realista,novela realista,novela realista,novela realista,novela realista,novela realista,novela realista,novela realista,novela realista
1860,subgenre-current,novela realista,other,80,,2,1,nh0055,other,other,other,novela realista,other,other,other,other,other,other,other
1861,subgenre-current,novela realista,other,80,,2,1,nh0062,novela realista,novela realista,novela realista,novela realista,other,novela realista,novela realista,novela realista,novela realista,novela realista,novela realista
1862,subgenre-current,novela realista,other,80,,2,1,nh0063,other,other,other,other,other,other,other,other,other,other,other
1863,subgenre-current,novela realista,other,80,,2,1,nh0067,novela realista,novela realista,novela realista,novela realista,other,novela realista,novela realista,novela realista,novela realista,novela realista,novela realista
1864,subgenre-current,novela realista,other,80,,2,1,nh0068,novela realista,novela realista,novela realista,novela realista,novela realista,novela realista,novela realista,novela realista,novela realista,novela realista,novela realista
1865,subgenre-current,novela realista,other,80,,2,1,nh0071,other,other,other,other,other,other,other,other,other,other,other
1866,subgenre-current,novela realista,other,80,,2,1,nh0072,other,other,other,other,other,other,other,other,other,other,other
1867,subgenre-current,novela realista,other,80,,2,1,nh0073,other,other,other,other,other,other,other,other,other,other,other
1868,subgenre-current,novela realista,other,80,,2,1,nh0075,novela realista,novela realista,novela realista,novela realista,novela realista,novela realista,novela realista,novela realista,novela realista,novela realista,novela realista
1869,subgenre-current,novela realista,other,80,,2,1,nh0085,other,other,other,other,other,other,other,other,other,other,other
1870,subgenre-current,novela realista,other,80,,2,1,nh0087,other,other,other,other,other,other,other,other,other,other,other
1871,subgenre-current,novela realista,other,80,,2,1,nh0089,novela realista,novela realista,novela realista,novela realista,novela realista,novela realista,novela realista,novela realista,novela realista,novela realista,novela realista
1872,subgenre-current,novela realista,other,80,,2,1,nh0108,other,other,other,other,other,other,other,other,other,other,other
1873,subgenre-current,novela realista,other,80,,2,1,nh0115,other,other,other,other,other,other,other,other,other,other,other
1874,subgenre-current,novela realista,other,80,,2,1,nh0118,other,other,other,other,other,other,novela realista,other,other,other,other
1875,subgenre-current,novela realista,other,80,,2,1,nh0119,other,other,other,other,other,other,novela realista,other,other,other,other
1876,subgenre-current,novela realista,other,80,,2,1,nh0127,novela realista,novela realista,novela realista,novela realista,novela realista,novela realista,novela realista,novela realista,novela realista,novela realista,novela realista
1877,subgenre-current,novela realista,other,80,,2,1,nh0133,novela realista,novela realista,novela realista,novela realista,novela realista,other,novela realista,novela realista,novela realista,novela realista,novela realista
1878,subgenre-current,novela realista,other,80,,2,1,nh0135,novela realista,novela realista,novela realista,novela realista,novela realista,other,novela realista,novela realista,novela realista,novela realista,novela realista
1879,subgenre-current,novela realista,other,80,,2,1,nh0136,other,other,other,other,other,other,other,novela realista,other,other,other
1880,subgenre-current,novela realista,other,80,,2,1,nh0143,other,other,other,other,other,other,other,other,other,other,other
1881,subgenre-current,novela realista,other,80,,2,1,nh0145,other,other,other,other,other,other,other,other,other,other,other
1882,subgenre-current,novela realista,other,80,,2,1,nh0148,novela realista,novela realista,novela realista,novela realista,novela realista,novela realista,novela realista,novela realista,novela realista,novela realista,novela realista
1883,subgenre-current,novela realista,other,80,,2,1,nh0158,other,other,other,other,other,other,other,novela realista,other,other,other
1884,subgenre-current,novela realista,other,80,,2,1,nh0161,other,other,other,other,other,other,other,other,novela realista,other,other
1885,subgenre-current,novela realista,other,80,,2,1,nh0164,other,other,other,other,other,other,other,other,novela realista,other,other
1886,subgenre-current,novela realista,other,80,,2,1,nh0165,novela realista,novela realista,novela realista,novela realista,novela realista,novela realista,novela realista,novela realista,novela realista,novela realista,novela realista
1887,subgenre-current,novela realista,other,80,,2,1,nh0172,other,other,other,other,other,other,other,other,other,other,other
1888,subgenre-current,novela realista,other,80,,2,1,nh0174,novela realista,novela realista,novela realista,novela realista,novela realista,novela realista,novela realista,novela realista,novela realista,novela realista,novela realista
1889,subgenre-current,novela realista,other,80,,2,1,nh0175,novela realista,novela realista,novela realista,novela realista,novela realista,novela realista,novela realista,novela realista,novela realista,novela realista,novela realista
1890,subgenre-current,novela realista,other,80,,2,1,nh0177,other,other,other,other,other,other,other,other,novela realista,other,other
1891,subgenre-current,novela realista,other,80,,2,1,nh0198,novela realista,novela realista,novela realista,novela realista,novela realista,novela realista,novela realista,novela realista,novela realista,novela realista,novela realista
1892,subgenre-current,novela realista,other,80,,2,1,nh0202,novela realista,novela realista,novela realista,novela realista,novela realista,novela realista,novela realista,other,novela realista,novela realista,novela realista
1893,subgenre-current,novela realista,other,80,,2,1,nh0204,novela realista,novela realista,novela realista,novela realista,novela realista,novela realista,novela realista,novela realista,novela realista,novela realista,novela realista
1894,subgenre-current,novela realista,other,80,,2,1,nh0205,other,other,other,other,other,other,other,other,other,novela realista,other
1895,subgenre-current,novela realista,other,80,,2,1,nh0208,novela realista,novela realista,novela realista,novela realista,novela realista,novela realista,novela realista,novela realista,novela realista,novela realista,novela realista
1896,subgenre-current,novela realista,other,80,,2,1,nh0210,novela realista,novela realista,novela realista,novela realista,novela realista,novela realista,novela realista,novela realista,novela realista,novela realista,novela realista
1897,subgenre-current,novela realista,other,80,,2,1,nh0214,novela realista,novela realista,novela realista,novela realista,novela realista,novela realista,novela realista,novela realista,novela realista,other,novela realista
1898,subgenre-current,novela realista,other,80,,2,1,nh0216,other,other,other,other,other,other,other,other,other,other,other
1899,subgenre-current,novela realista,other,80,,2,1,nh0221,novela realista,novela realista,novela realista,novela realista,novela realista,novela realista,novela realista,novela realista,novela realista,other,novela realista
1900,subgenre-current,novela realista,other,80,,2,1,nh0223,other,other,other,other,other,other,other,other,other,novela realista,other
1901,subgenre-current,novela realista,other,80,,2,1,nh0226,other,other,other,other,other,other,other,other,other,other,other
1902,subgenre-current,novela realista,other,80,,2,1,nh0230,novela realista,novela realista,novela realista,novela realista,novela realista,novela realista,novela realista,novela realista,novela realista,novela realista,novela realista
1903,subgenre-current,novela realista,other,80,,2,1,nh0232,novela realista,novela realista,novela realista,novela realista,novela realista,novela realista,novela realista,novela realista,novela realista,novela realista,novela realista
1904,subgenre-current,novela realista,other,80,,2,1,nh0235,novela realista,novela realista,novela realista,novela realista,novela realista,novela realista,novela realista,novela realista,novela realista,novela realista,novela realista
1905,subgenre-current,novela realista,other,80,,2,1,nh0238,other,other,other,other,other,other,other,other,other,other,other
1906,subgenre-current,novela realista,other,80,,2,1,nh0239,novela realista,novela realista,novela realista,novela realista,novela realista,novela realista,novela realista,novela realista,novela realista,novela realista,novela realista
1907,subgenre-current,novela realista,other,80,,2,1,nh0240,other,other,other,other,other,other,other,other,other,other,other
1908,subgenre-current,novela realista,other,80,,2,1,nh0248,other,other,other,other,other,other,other,other,other,other,other
1909,subgenre-current,novela realista,other,80,,2,1,nh0250,other,other,other,other,other,other,other,other,other,other,other
1910,subgenre-current,novela realista,other,80,,3,1,nh0002,novela realista,novela realista,novela realista,novela realista,novela realista,novela realista,novela realista,novela realista,novela realista,novela realista,novela realista
1911,subgenre-current,novela realista,other,80,,3,1,nh0003,other,other,other,other,other,other,other,other,other,other,other
1912,subgenre-current,novela realista,other,80,,3,1,nh0008,novela realista,novela realista,novela realista,novela realista,novela realista,novela realista,novela realista,novela realista,novela realista,novela realista,novela realista
1913,subgenre-current,novela realista,other,80,,3,1,nh0010,novela realista,novela realista,novela realista,novela realista,novela realista,novela realista,novela realista,novela realista,novela realista,novela realista,novela realista
1914,subgenre-current,novela realista,other,80,,3,1,nh0015,novela realista,novela realista,novela realista,novela realista,novela realista,novela realista,novela realista,novela realista,novela realista,novela realista,novela realista
1915,subgenre-current,novela realista,other,80,,3,1,nh0016,other,novela realista,other,other,other,other,other,other,other,other,other
1916,subgenre-current,novela realista,other,80,,3,1,nh0022,other,other,other,other,other,other,other,other,other,other,other
1917,subgenre-current,novela realista,other,80,,3,1,nh0023,novela realista,novela realista,novela realista,novela realista,novela realista,novela realista,novela realista,novela realista,novela realista,novela realista,novela realista
1918,subgenre-current,novela realista,other,80,,3,1,nh0026,other,other,other,other,other,other,other,other,other,other,other
1919,subgenre-current,novela realista,other,80,,3,1,nh0027,novela realista,novela realista,novela realista,novela realista,novela realista,novela realista,novela realista,novela realista,novela realista,novela realista,novela realista
1920,subgenre-current,novela realista,other,80,,3,1,nh0031,other,other,novela realista,other,other,other,other,other,other,other,other
1921,subgenre-current,novela realista,other,80,,3,1,nh0035,other,other,novela realista,other,other,other,other,other,other,other,other
1922,subgenre-current,novela realista,other,80,,3,1,nh0036,novela realista,novela realista,novela realista,novela realista,novela realista,novela realista,novela realista,novela realista,novela realista,novela realista,novela realista
1923,subgenre-current,novela realista,other,80,,3,1,nh0039,other,other,other,novela realista,other,other,other,other,other,other,other
1924,subgenre-current,novela realista,other,80,,3,1,nh0044,novela realista,novela realista,novela realista,novela realista,novela realista,novela realista,novela realista,novela realista,novela realista,novela realista,novela realista
1925,subgenre-current,novela realista,other,80,,3,1,nh0046,novela realista,novela realista,novela realista,novela realista,novela realista,novela realista,novela realista,novela realista,novela realista,novela realista,novela realista
1926,subgenre-current,novela realista,other,80,,3,1,nh0047,novela realista,novela realista,novela realista,novela realista,novela realista,novela realista,novela realista,novela realista,novela realista,novela realista,novela realista
1927,subgenre-current,novela realista,other,80,,3,1,nh0048,novela realista,novela realista,novela realista,novela realista,novela realista,novela realista,novela realista,novela realista,novela realista,novela realista,novela realista
1928,subgenre-current,novela realista,other,80,,3,1,nh0052,novela realista,novela realista,novela realista,novela realista,novela realista,novela realista,novela realista,novela realista,novela realista,novela realista,novela realista
1929,subgenre-current,novela realista,other,80,,3,1,nh0055,other,other,other,novela realista,other,other,other,other,other,other,other
1930,subgenre-current,novela realista,other,80,,3,1,nh0060,other,other,other,novela realista,other,other,other,other,other,other,other
1931,subgenre-current,novela realista,other,80,,3,1,nh0062,novela realista,novela realista,novela realista,novela realista,other,novela realista,novela realista,novela realista,novela realista,novela realista,novela realista
1932,subgenre-current,novela realista,other,80,,3,1,nh0067,novela realista,novela realista,novela realista,novela realista,other,novela realista,novela realista,novela realista,novela realista,novela realista,novela realista
1933,subgenre-current,novela realista,other,80,,3,1,nh0068,novela realista,novela realista,novela realista,novela realista,novela realista,novela realista,novela realista,novela realista,novela realista,novela realista,novela realista
1934,subgenre-current,novela realista,other,80,,3,1,nh0071,other,other,other,other,other,other,other,other,other,other,other
1935,subgenre-current,novela realista,other,80,,3,1,nh0074,other,other,other,other,novela realista,other,other,other,other,other,other
1936,subgenre-current,novela realista,other,80,,3,1,nh0075,novela realista,novela realista,novela realista,novela realista,novela realista,novela realista,novela realista,novela realista,novela realista,novela realista,novela realista
1937,subgenre-current,novela realista,other,80,,3,1,nh0080,other,other,other,other,novela realista,other,other,other,other,other,other
1938,subgenre-current,novela realista,other,80,,3,1,nh0082,other,other,other,other,other,novela realista,other,other,other,other,other
1939,subgenre-current,novela realista,other,80,,3,1,nh0084,other,other,other,other,other,novela realista,other,other,other,other,other
1940,subgenre-current,novela realista,other,80,,3,1,nh0089,novela realista,novela realista,novela realista,novela realista,novela realista,novela realista,novela realista,novela realista,novela realista,novela realista,novela realista
1941,subgenre-current,novela realista,other,80,,3,1,nh0097,other,other,other,other,other,novela realista,other,other,other,other,other
1942,subgenre-current,novela realista,other,80,,3,1,nh0106,other,other,other,other,other,other,other,other,other,other,other
1943,subgenre-current,novela realista,other,80,,3,1,nh0111,other,other,other,other,other,other,other,other,other,other,other
1944,subgenre-current,novela realista,other,80,,3,1,nh0120,other,other,other,other,other,other,other,other,other,other,other
1945,subgenre-current,novela realista,other,80,,3,1,nh0124,other,other,other,other,other,other,other,other,other,other,other
1946,subgenre-current,novela realista,other,80,,3,1,nh0127,novela realista,novela realista,novela realista,novela realista,novela realista,novela realista,novela realista,novela realista,novela realista,novela realista,novela realista
1947,subgenre-current,novela realista,other,80,,3,1,nh0133,novela realista,novela realista,novela realista,novela realista,novela realista,novela realista,novela realista,novela realista,novela realista,novela realista,novela realista
1948,subgenre-current,novela realista,other,80,,3,1,nh0135,novela realista,novela realista,novela realista,novela realista,novela realista,other,novela realista,novela realista,novela realista,novela realista,novela realista
1949,subgenre-current,novela realista,other,80,,3,1,nh0136,other,other,other,other,other,other,other,novela realista,other,other,other
1950,subgenre-current,novela realista,other,80,,3,1,nh0144,other,other,other,other,other,other,other,novela realista,other,other,other
1951,subgenre-current,novela realista,other,80,,3,1,nh0146,other,other,other,other,other,other,other,other,other,other,other
1952,subgenre-current,novela realista,other,80,,3,1,nh0148,novela realista,novela realista,novela realista,novela realista,novela realista,novela realista,novela realista,novela realista,novela realista,novela realista,novela realista
1953,subgenre-current,novela realista,other,80,,3,1,nh0149,other,other,other,other,other,other,other,other,other,other,other
1954,subgenre-current,novela realista,other,80,,3,1,nh0161,other,other,other,other,other,other,other,other,novela realista,other,other
1955,subgenre-current,novela realista,other,80,,3,1,nh0165,novela realista,novela realista,novela realista,novela realista,novela realista,novela realista,novela realista,novela realista,novela realista,novela realista,novela realista
1956,subgenre-current,novela realista,other,80,,3,1,nh0172,other,other,other,other,other,other,other,other,other,other,other
1957,subgenre-current,novela realista,other,80,,3,1,nh0174,novela realista,novela realista,novela realista,novela realista,novela realista,novela realista,novela realista,novela realista,novela realista,novela realista,novela realista
1958,subgenre-current,novela realista,other,80,,3,1,nh0175,novela realista,novela realista,novela realista,novela realista,novela realista,novela realista,novela realista,novela realista,novela realista,novela realista,novela realista
1959,subgenre-current,novela realista,other,80,,3,1,nh0188,other,other,other,other,other,other,other,other,novela realista,other,other
1960,subgenre-current,novela realista,other,80,,3,1,nh0190,other,other,other,other,other,other,other,other,novela realista,other,other
1961,subgenre-current,novela realista,other,80,,3,1,nh0198,novela realista,novela realista,novela realista,novela realista,novela realista,novela realista,novela realista,novela realista,novela realista,novela realista,novela realista
1962,subgenre-current,novela realista,other,80,,3,1,nh0202,novela realista,novela realista,novela realista,novela realista,novela realista,novela realista,novela realista,novela realista,novela realista,novela realista,novela realista
1963,subgenre-current,novela realista,other,80,,3,1,nh0204,novela realista,novela realista,novela realista,novela realista,novela realista,novela realista,novela realista,novela realista,novela realista,novela realista,novela realista
1964,subgenre-current,novela realista,other,80,,3,1,nh0206,other,other,other,other,other,other,other,other,other,other,other
1965,subgenre-current,novela realista,other,80,,3,1,nh0208,novela realista,novela realista,novela realista,novela realista,novela realista,novela realista,novela realista,novela realista,novela realista,novela realista,novela realista
1966,subgenre-current,novela realista,other,80,,3,1,nh0210,novela realista,novela realista,novela realista,novela realista,novela realista,novela realista,novela realista,novela realista,novela realista,novela realista,novela realista
1967,subgenre-current,novela realista,other,80,,3,1,nh0214,novela realista,novela realista,novela realista,novela realista,novela realista,novela realista,novela realista,novela realista,novela realista,novela realista,novela realista
1968,subgenre-current,novela realista,other,80,,3,1,nh0216,other,other,other,other,other,other,other,other,other,other,other
1969,subgenre-current,novela realista,other,80,,3,1,nh0219,other,other,other,other,other,other,other,other,other,other,other
1970,subgenre-current,novela realista,other,80,,3,1,nh0221,novela realista,novela realista,novela realista,novela realista,novela realista,novela realista,novela realista,novela realista,novela realista,novela realista,novela realista
1971,subgenre-current,novela realista,other,80,,3,1,nh0224,other,other,other,other,other,other,other,other,other,other,other
1972,subgenre-current,novela realista,other,80,,3,1,nh0230,novela realista,novela realista,novela realista,novela realista,novela realista,novela realista,novela realista,novela realista,novela realista,novela realista,novela realista
1973,subgenre-current,novela realista,other,80,,3,1,nh0232,novela realista,novela realista,novela realista,novela realista,novela realista,novela realista,novela realista,novela realista,novela realista,novela realista,novela realista
1974,subgenre-current,novela realista,other,80,,3,1,nh0235,novela realista,novela realista,novela realista,novela realista,novela realista,novela realista,novela realista,novela realista,novela realista,novela realista,novela realista
1975,subgenre-current,novela realista,other,80,,3,1,nh0239,novela realista,novela realista,novela realista,novela realista,novela realista,novela realista,novela realista,novela realista,novela realista,novela realista,novela realista
1976,subgenre-current,novela realista,other,80,,3,1,nh0240,other,other,other,other,other,other,other,other,other,other,other
1977,subgenre-current,novela realista,other,80,,3,1,nh0250,other,other,other,other,other,other,other,other,other,other,other
1978,subgenre-current,novela realista,other,80,,3,1,nh0254,other,other,other,other,other,other,other,other,other,other,novela realista
1979,subgenre-current,novela realista,other,80,,3,1,nh0256,other,other,other,other,other,other,other,other,other,other,novela realista
1980,subgenre-current,novela realista,other,80,,4,1,nh0002,novela realista,novela realista,novela realista,novela realista,novela realista,novela realista,novela realista,novela realista,novela realista,novela realista,novela realista
1981,subgenre-current,novela realista,other,80,,4,1,nh0008,novela realista,novela realista,novela realista,novela realista,novela realista,novela realista,novela realista,novela realista,novela realista,novela realista,novela realista
1982,subgenre-current,novela realista,other,80,,4,1,nh0010,novela realista,novela realista,novela realista,novela realista,novela realista,novela realista,novela realista,novela realista,novela realista,novela realista,novela realista
1983,subgenre-current,novela realista,other,80,,4,1,nh0015,novela realista,novela realista,novela realista,novela realista,novela realista,novela realista,novela realista,novela realista,novela realista,novela realista,novela realista
1984,subgenre-current,novela realista,other,80,,4,1,nh0023,novela realista,novela realista,novela realista,novela realista,novela realista,novela realista,novela realista,novela realista,novela realista,novela realista,novela realista
1985,subgenre-current,novela realista,other,80,,4,1,nh0027,novela realista,novela realista,novela realista,novela realista,novela realista,novela realista,novela realista,novela realista,novela realista,novela realista,novela realista
1986,subgenre-current,novela realista,other,80,,4,1,nh0028,other,other,other,other,other,other,other,other,other,other,other
1987,subgenre-current,novela realista,other,80,,4,1,nh0029,other,other,other,other,other,other,other,other,other,other,other
1988,subgenre-current,novela realista,other,80,,4,1,nh0030,other,other,other,other,other,other,other,other,other,other,other
1989,subgenre-current,novela realista,other,80,,4,1,nh0036,novela realista,novela realista,novela realista,novela realista,novela realista,novela realista,novela realista,novela realista,novela realista,novela realista,novela realista
1990,subgenre-current,novela realista,other,80,,4,1,nh0043,other,other,other,other,other,other,other,other,other,other,other
1991,subgenre-current,novela realista,other,80,,4,1,nh0044,novela realista,novela realista,novela realista,novela realista,novela realista,novela realista,novela realista,novela realista,novela realista,novela realista,novela realista
1992,subgenre-current,novela realista,other,80,,4,1,nh0046,novela realista,novela realista,novela realista,novela realista,novela realista,novela realista,novela realista,novela realista,novela realista,novela realista,novela realista
1993,subgenre-current,novela realista,other,80,,4,1,nh0047,novela realista,novela realista,novela realista,novela realista,novela realista,novela realista,novela realista,novela realista,novela realista,novela realista,novela realista
1994,subgenre-current,novela realista,other,80,,4,1,nh0048,novela realista,novela realista,novela realista,novela realista,novela realista,novela realista,novela realista,novela realista,novela realista,novela realista,novela realista
1995,subgenre-current,novela realista,other,80,,4,1,nh0050,other,other,other,other,other,other,other,other,other,other,other
1996,subgenre-current,novela realista,other,80,,4,1,nh0052,novela realista,novela realista,novela realista,novela realista,novela realista,novela realista,novela realista,novela realista,novela realista,novela realista,novela realista
1997,subgenre-current,novela realista,other,80,,4,1,nh0055,other,other,other,other,other,other,other,other,other,other,other
1998,subgenre-current,novela realista,other,80,,4,1,nh0062,novela realista,novela realista,novela realista,novela realista,novela realista,novela realista,novela realista,novela realista,novela realista,novela realista,novela realista
1999,subgenre-current,novela realista,other,80,,4,1,nh0065,other,other,other,other,other,other,other,other,other,other,other
2000,subgenre-current,novela realista,other,80,,4,1,nh0067,novela realista,novela realista,novela realista,novela realista,novela realista,novela realista,novela realista,novela realista,novela realista,novela realista,novela realista
2001,subgenre-current,novela realista,other,80,,4,1,nh0068,novela realista,novela realista,novela realista,novela realista,novela realista,novela realista,novela realista,novela realista,novela realista,novela realista,novela realista
2002,subgenre-current,novela realista,other,80,,4,1,nh0069,other,other,other,novela realista,other,other,other,other,other,other,other
2003,subgenre-current,novela realista,other,80,,4,1,nh0075,novela realista,novela realista,novela realista,novela realista,novela realista,novela realista,novela realista,novela realista,novela realista,novela realista,novela realista
2004,subgenre-current,novela realista,other,80,,4,1,nh0089,novela realista,novela realista,novela realista,novela realista,novela realista,novela realista,novela realista,novela realista,novela realista,novela realista,novela realista
2005,subgenre-current,novela realista,other,80,,4,1,nh0094,other,other,other,other,other,other,other,other,other,other,other
2006,subgenre-current,novela realista,other,80,,4,1,nh0098,other,other,other,other,other,other,other,other,other,other,other
2007,subgenre-current,novela realista,other,80,,4,1,nh0115,other,other,other,other,other,other,other,other,other,other,other
2008,subgenre-current,novela realista,other,80,,4,1,nh0119,other,other,other,other,novela realista,other,other,other,other,other,other
2009,subgenre-current,novela realista,other,80,,4,1,nh0121,other,other,other,other,other,novela realista,other,other,other,other,other
2010,subgenre-current,novela realista,other,80,,4,1,nh0122,other,other,other,other,other,other,other,other,other,other,other
2011,subgenre-current,novela realista,other,80,,4,1,nh0126,other,other,other,other,other,other,other,other,other,other,other
2012,subgenre-current,novela realista,other,80,,4,1,nh0127,novela realista,novela realista,novela realista,novela realista,novela realista,novela realista,novela realista,novela realista,novela realista,novela realista,novela realista
2013,subgenre-current,novela realista,other,80,,4,1,nh0133,novela realista,novela realista,novela realista,novela realista,novela realista,other,novela realista,novela realista,novela realista,novela realista,novela realista
2014,subgenre-current,novela realista,other,80,,4,1,nh0135,novela realista,novela realista,novela realista,novela realista,novela realista,other,novela realista,novela realista,novela realista,novela realista,novela realista
2015,subgenre-current,novela realista,other,80,,4,1,nh0138,other,other,other,other,other,other,other,other,other,other,other
2016,subgenre-current,novela realista,other,80,,4,1,nh0145,other,other,other,other,other,other,novela realista,other,other,other,other
2017,subgenre-current,novela realista,other,80,,4,1,nh0146,other,other,other,other,other,other,other,other,other,other,other
2018,subgenre-current,novela realista,other,80,,4,1,nh0147,other,other,other,other,other,other,novela realista,other,other,other,other
2019,subgenre-current,novela realista,other,80,,4,1,nh0148,novela realista,novela realista,novela realista,novela realista,novela realista,novela realista,novela realista,novela realista,novela realista,novela realista,novela realista
2020,subgenre-current,novela realista,other,80,,4,1,nh0151,other,other,other,other,other,other,other,other,other,other,other
2021,subgenre-current,novela realista,other,80,,4,1,nh0152,other,other,other,other,other,other,other,novela realista,other,other,other
2022,subgenre-current,novela realista,other,80,,4,1,nh0158,other,other,other,other,other,other,other,novela realista,other,other,other
2023,subgenre-current,novela realista,other,80,,4,1,nh0161,other,other,other,other,other,other,other,novela realista,other,other,other
2024,subgenre-current,novela realista,other,80,,4,1,nh0165,novela realista,novela realista,novela realista,novela realista,novela realista,novela realista,novela realista,novela realista,novela realista,novela realista,novela realista
2025,subgenre-current,novela realista,other,80,,4,1,nh0173,other,other,other,other,other,other,other,other,novela realista,other,other
2026,subgenre-current,novela realista,other,80,,4,1,nh0174,novela realista,novela realista,novela realista,novela realista,novela realista,novela realista,novela realista,novela realista,novela realista,novela realista,novela realista
2027,subgenre-current,novela realista,other,80,,4,1,nh0175,novela realista,novela realista,novela realista,novela realista,novela realista,novela realista,novela realista,novela realista,novela realista,novela realista,novela realista
2028,subgenre-current,novela realista,other,80,,4,1,nh0179,other,other,other,other,other,other,other,other,novela realista,other,other
2029,subgenre-current,novela realista,other,80,,4,1,nh0181,other,other,other,other,other,other,other,other,other,other,other
2030,subgenre-current,novela realista,other,80,,4,1,nh0192,other,other,other,other,other,other,other,other,novela realista,other,other
2031,subgenre-current,novela realista,other,80,,4,1,nh0195,other,other,other,other,other,other,other,other,other,other,other
2032,subgenre-current,novela realista,other,80,,4,1,nh0198,novela realista,novela realista,novela realista,novela realista,novela realista,novela realista,novela realista,novela realista,novela realista,novela realista,novela realista
2033,subgenre-current,novela realista,other,80,,4,1,nh0202,novela realista,novela realista,novela realista,novela realista,novela realista,novela realista,novela realista,novela realista,novela realista,novela realista,novela realista
2034,subgenre-current,novela realista,other,80,,4,1,nh0204,novela realista,novela realista,novela realista,novela realista,novela realista,novela realista,novela realista,novela realista,novela realista,novela realista,novela realista
2035,subgenre-current,novela realista,other,80,,4,1,nh0208,novela realista,novela realista,novela realista,novela realista,novela realista,novela realista,novela realista,novela realista,novela realista,novela realista,novela realista
2036,subgenre-current,novela realista,other,80,,4,1,nh0210,novela realista,novela realista,novela realista,novela realista,novela realista,novela realista,novela realista,novela realista,novela realista,novela realista,novela realista
2037,subgenre-current,novela realista,other,80,,4,1,nh0214,novela realista,novela realista,novela realista,novela realista,novela realista,novela realista,novela realista,novela realista,novela realista,other,novela realista
2038,subgenre-current,novela realista,other,80,,4,1,nh0220,other,other,other,other,other,other,other,other,other,other,other
2039,subgenre-current,novela realista,other,80,,4,1,nh0221,novela realista,novela realista,novela realista,novela realista,novela realista,novela realista,novela realista,novela realista,novela realista,novela realista,novela realista
2040,subgenre-current,novela realista,other,80,,4,1,nh0224,other,other,other,other,other,other,other,other,other,other,other
2041,subgenre-current,novela realista,other,80,,4,1,nh0226,other,other,other,other,other,other,other,other,other,other,other
2042,subgenre-current,novela realista,other,80,,4,1,nh0230,novela realista,novela realista,novela realista,novela realista,novela realista,novela realista,novela realista,novela realista,novela realista,novela realista,novela realista
2043,subgenre-current,novela realista,other,80,,4,1,nh0232,novela realista,novela realista,novela realista,novela realista,novela realista,novela realista,novela realista,novela realista,novela realista,novela realista,novela realista
2044,subgenre-current,novela realista,other,80,,4,1,nh0234,other,other,other,other,other,other,other,other,other,other,novela realista
2045,subgenre-current,novela realista,other,80,,4,1,nh0235,novela realista,novela realista,novela realista,novela realista,novela realista,novela realista,novela realista,novela realista,novela realista,novela realista,novela realista
2046,subgenre-current,novela realista,other,80,,4,1,nh0239,novela realista,novela realista,novela realista,novela realista,novela realista,novela realista,novela realista,novela realista,novela realista,novela realista,novela realista
2047,subgenre-current,novela realista,other,80,,4,1,nh0248,other,other,other,other,other,other,other,other,other,other,other
2048,subgenre-current,novela realista,other,80,,4,1,nh0253,other,other,other,other,other,other,other,other,other,other,other
2049,subgenre-current,novela realista,other,80,,4,1,nh0256,other,other,other,other,other,other,other,other,other,other,novela realista
2050,subgenre-current,novela realista,other,80,,5,1,nh0002,novela realista,novela realista,novela realista,novela realista,novela realista,novela realista,novela realista,novela realista,novela realista,novela realista,novela realista
2051,subgenre-current,novela realista,other,80,,5,1,nh0005,other,other,other,other,other,other,other,other,other,other,other
2052,subgenre-current,novela realista,other,80,,5,1,nh0006,other,other,other,other,other,other,other,other,other,other,other
2053,subgenre-current,novela realista,other,80,,5,1,nh0007,other,novela realista,other,other,other,other,other,other,other,other,other
2054,subgenre-current,novela realista,other,80,,5,1,nh0008,novela realista,novela realista,novela realista,novela realista,novela realista,novela realista,novela realista,novela realista,novela realista,novela realista,novela realista
2055,subgenre-current,novela realista,other,80,,5,1,nh0010,novela realista,novela realista,novela realista,novela realista,novela realista,novela realista,novela realista,novela realista,novela realista,novela realista,novela realista
2056,subgenre-current,novela realista,other,80,,5,1,nh0011,other,other,novela realista,other,other,other,other,other,other,other,other
2057,subgenre-current,novela realista,other,80,,5,1,nh0015,novela realista,novela realista,novela realista,novela realista,novela realista,novela realista,novela realista,novela realista,novela realista,novela realista,novela realista
2058,subgenre-current,novela realista,other,80,,5,1,nh0021,other,other,novela realista,other,other,other,other,other,other,other,other
2059,subgenre-current,novela realista,other,80,,5,1,nh0023,novela realista,novela realista,novela realista,novela realista,novela realista,novela realista,novela realista,novela realista,novela realista,novela realista,novela realista
2060,subgenre-current,novela realista,other,80,,5,1,nh0027,novela realista,novela realista,novela realista,novela realista,novela realista,novela realista,novela realista,novela realista,novela realista,novela realista,novela realista
2061,subgenre-current,novela realista,other,80,,5,1,nh0033,other,other,novela realista,other,other,other,other,other,other,other,other
2062,subgenre-current,novela realista,other,80,,5,1,nh0036,novela realista,novela realista,novela realista,novela realista,novela realista,novela realista,novela realista,novela realista,novela realista,novela realista,novela realista
2063,subgenre-current,novela realista,other,80,,5,1,nh0041,other,other,other,other,other,other,other,other,other,other,other
2064,subgenre-current,novela realista,other,80,,5,1,nh0044,novela realista,novela realista,novela realista,novela realista,novela realista,novela realista,novela realista,novela realista,novela realista,novela realista,novela realista
2065,subgenre-current,novela realista,other,80,,5,1,nh0046,novela realista,novela realista,novela realista,novela realista,novela realista,novela realista,novela realista,novela realista,novela realista,novela realista,novela realista
2066,subgenre-current,novela realista,other,80,,5,1,nh0047,novela realista,novela realista,novela realista,novela realista,novela realista,novela realista,novela realista,novela realista,novela realista,novela realista,novela realista
2067,subgenre-current,novela realista,other,80,,5,1,nh0048,novela realista,novela realista,novela realista,novela realista,novela realista,novela realista,novela realista,novela realista,novela realista,novela realista,novela realista
2068,subgenre-current,novela realista,other,80,,5,1,nh0052,novela realista,novela realista,novela realista,novela realista,novela realista,novela realista,novela realista,novela realista,novela realista,novela realista,novela realista
2069,subgenre-current,novela realista,other,80,,5,1,nh0056,other,other,other,other,other,other,other,other,other,other,other
2070,subgenre-current,novela realista,other,80,,5,1,nh0058,other,other,other,novela realista,other,other,other,other,other,other,other
2071,subgenre-current,novela realista,other,80,,5,1,nh0060,other,other,other,other,novela realista,other,other,other,other,other,other
2072,subgenre-current,novela realista,other,80,,5,1,nh0062,novela realista,novela realista,novela realista,novela realista,novela realista,novela realista,novela realista,novela realista,novela realista,novela realista,novela realista
2073,subgenre-current,novela realista,other,80,,5,1,nh0067,novela realista,novela realista,novela realista,novela realista,novela realista,novela realista,novela realista,novela realista,novela realista,novela realista,novela realista
2074,subgenre-current,novela realista,other,80,,5,1,nh0068,novela realista,novela realista,novela realista,novela realista,novela realista,novela realista,novela realista,novela realista,novela realista,novela realista,novela realista
2075,subgenre-current,novela realista,other,80,,5,1,nh0073,other,other,other,other,other,other,other,other,other,other,other
2076,subgenre-current,novela realista,other,80,,5,1,nh0075,novela realista,novela realista,novela realista,novela realista,novela realista,novela realista,novela realista,novela realista,novela realista,novela realista,novela realista
2077,subgenre-current,novela realista,other,80,,5,1,nh0087,other,other,other,other,other,other,other,other,other,other,other
2078,subgenre-current,novela realista,other,80,,5,1,nh0089,novela realista,novela realista,novela realista,novela realista,novela realista,novela realista,novela realista,novela realista,novela realista,novela realista,novela realista
2079,subgenre-current,novela realista,other,80,,5,1,nh0092,other,other,other,other,other,other,other,other,other,other,other
2080,subgenre-current,novela realista,other,80,,5,1,nh0094,other,other,other,other,other,other,other,other,other,other,other
2081,subgenre-current,novela realista,other,80,,5,1,nh0096,other,other,other,other,other,other,other,other,other,other,other
2082,subgenre-current,novela realista,other,80,,5,1,nh0098,other,other,other,other,other,other,other,other,other,other,other
2083,subgenre-current,novela realista,other,80,,5,1,nh0113,other,other,other,other,other,other,other,other,other,other,other
2084,subgenre-current,novela realista,other,80,,5,1,nh0121,other,other,other,other,other,other,other,other,other,other,other
2085,subgenre-current,novela realista,other,80,,5,1,nh0126,other,other,other,other,other,other,other,other,other,other,other
2086,subgenre-current,novela realista,other,80,,5,1,nh0127,novela realista,novela realista,novela realista,novela realista,novela realista,novela realista,novela realista,novela realista,novela realista,novela realista,novela realista
2087,subgenre-current,novela realista,other,80,,5,1,nh0133,novela realista,novela realista,novela realista,novela realista,novela realista,other,novela realista,novela realista,novela realista,novela realista,novela realista
2088,subgenre-current,novela realista,other,80,,5,1,nh0135,novela realista,novela realista,novela realista,novela realista,novela realista,other,novela realista,novela realista,novela realista,novela realista,novela realista
2089,subgenre-current,novela realista,other,80,,5,1,nh0146,other,other,other,other,other,other,other,other,other,other,other
2090,subgenre-current,novela realista,other,80,,5,1,nh0148,novela realista,novela realista,novela realista,novela realista,novela realista,novela realista,novela realista,novela realista,novela realista,novela realista,novela realista
2091,subgenre-current,novela realista,other,80,,5,1,nh0163,other,other,other,other,other,other,other,other,other,other,other
2092,subgenre-current,novela realista,other,80,,5,1,nh0165,novela realista,novela realista,novela realista,novela realista,novela realista,novela realista,novela realista,novela realista,novela realista,novela realista,novela realista
2093,subgenre-current,novela realista,other,80,,5,1,nh0167,other,other,other,other,other,other,other,other,other,other,other
2094,subgenre-current,novela realista,other,80,,5,1,nh0174,novela realista,novela realista,novela realista,novela realista,novela realista,novela realista,novela realista,novela realista,novela realista,novela realista,novela realista
2095,subgenre-current,novela realista,other,80,,5,1,nh0175,novela realista,novela realista,novela realista,novela realista,novela realista,novela realista,novela realista,novela realista,novela realista,novela realista,novela realista
2096,subgenre-current,novela realista,other,80,,5,1,nh0179,other,other,other,other,other,other,other,novela realista,other,other,other
2097,subgenre-current,novela realista,other,80,,5,1,nh0190,other,other,other,other,other,other,other,other,novela realista,other,other
2098,subgenre-current,novela realista,other,80,,5,1,nh0192,other,other,other,other,other,other,other,other,novela realista,other,other
2099,subgenre-current,novela realista,other,80,,5,1,nh0198,novela realista,novela realista,novela realista,novela realista,novela realista,novela realista,novela realista,novela realista,novela realista,novela realista,novela realista
2100,subgenre-current,novela realista,other,80,,5,1,nh0199,other,other,other,other,other,other,other,other,novela realista,other,other
2101,subgenre-current,novela realista,other,80,,5,1,nh0202,novela realista,novela realista,novela realista,novela realista,novela realista,novela realista,novela realista,novela realista,novela realista,novela realista,novela realista
2102,subgenre-current,novela realista,other,80,,5,1,nh0203,other,other,other,other,other,other,other,other,novela realista,other,other
2103,subgenre-current,novela realista,other,80,,5,1,nh0204,novela realista,novela realista,novela realista,novela realista,novela realista,novela realista,novela realista,novela realista,novela realista,novela realista,novela realista
2104,subgenre-current,novela realista,other,80,,5,1,nh0208,novela realista,novela realista,novela realista,novela realista,novela realista,novela realista,novela realista,novela realista,novela realista,novela realista,novela realista
2105,subgenre-current,novela realista,other,80,,5,1,nh0210,novela realista,novela realista,novela realista,novela realista,novela realista,novela realista,novela realista,novela realista,novela realista,novela realista,novela realista
2106,subgenre-current,novela realista,other,80,,5,1,nh0214,novela realista,novela realista,novela realista,novela realista,novela realista,novela realista,novela realista,novela realista,novela realista,other,novela realista
2107,subgenre-current,novela realista,other,80,,5,1,nh0217,other,other,other,other,other,other,other,other,other,novela realista,other
2108,subgenre-current,novela realista,other,80,,5,1,nh0221,novela realista,novela realista,novela realista,novela realista,novela realista,novela realista,novela realista,novela realista,novela realista,novela realista,novela realista
2109,subgenre-current,novela realista,other,80,,5,1,nh0230,novela realista,novela realista,novela realista,novela realista,novela realista,novela realista,novela realista,novela realista,novela realista,novela realista,novela realista
2110,subgenre-current,novela realista,other,80,,5,1,nh0232,novela realista,novela realista,novela realista,novela realista,novela realista,novela realista,novela realista,novela realista,novela realista,novela realista,novela realista
2111,subgenre-current,novela realista,other,80,,5,1,nh0235,novela realista,novela realista,novela realista,novela realista,novela realista,novela realista,novela realista,novela realista,novela realista,novela realista,novela realista
2112,subgenre-current,novela realista,other,80,,5,1,nh0237,other,other,other,other,other,other,other,other,other,other,other
2113,subgenre-current,novela realista,other,80,,5,1,nh0239,novela realista,novela realista,novela realista,novela realista,novela realista,novela realista,novela realista,novela realista,novela realista,novela realista,novela realista
2114,subgenre-current,novela realista,other,80,,5,1,nh0240,other,other,other,other,other,other,other,other,other,other,other
2115,subgenre-current,novela realista,other,80,,5,1,nh0248,other,other,other,other,other,other,other,other,other,other,other
2116,subgenre-current,novela realista,other,80,,5,1,nh0250,other,other,other,other,other,other,other,other,other,other,other
2117,subgenre-current,novela realista,other,80,,5,1,nh0252,other,other,other,other,other,other,other,other,other,other,other
2118,subgenre-current,novela realista,other,80,,5,1,nh0253,other,other,other,other,other,other,other,other,other,other,other
2119,subgenre-current,novela realista,other,80,,5,1,nh0254,other,other,other,other,other,other,other,other,other,other,other
2120,subgenre-current,novela realista,other,80,,6,1,nh0002,novela realista,novela realista,novela realista,novela realista,novela realista,novela realista,novela realista,novela realista,novela realista,novela realista,novela realista
2121,subgenre-current,novela realista,other,80,,6,1,nh0008,novela realista,novela realista,novela realista,novela realista,novela realista,novela realista,novela realista,novela realista,novela realista,novela realista,novela realista
2122,subgenre-current,novela realista,other,80,,6,1,nh0010,novela realista,novela realista,novela realista,novela realista,novela realista,novela realista,novela realista,novela realista,novela realista,novela realista,novela realista
2123,subgenre-current,novela realista,other,80,,6,1,nh0013,other,novela realista,other,other,other,other,other,other,other,other,other
2124,subgenre-current,novela realista,other,80,,6,1,nh0015,novela realista,novela realista,novela realista,novela realista,novela realista,novela realista,novela realista,novela realista,novela realista,novela realista,novela realista
2125,subgenre-current,novela realista,other,80,,6,1,nh0016,other,novela realista,other,other,other,other,other,other,other,other,other
2126,subgenre-current,novela realista,other,80,,6,1,nh0022,other,other,other,other,other,other,other,other,other,other,other
2127,subgenre-current,novela realista,other,80,,6,1,nh0023,novela realista,novela realista,novela realista,novela realista,novela realista,novela realista,novela realista,novela realista,novela realista,novela realista,novela realista
2128,subgenre-current,novela realista,other,80,,6,1,nh0027,novela realista,novela realista,novela realista,novela realista,novela realista,novela realista,novela realista,novela realista,novela realista,novela realista,novela realista
2129,subgenre-current,novela realista,other,80,,6,1,nh0032,other,other,novela realista,other,other,other,other,other,other,other,other
2130,subgenre-current,novela realista,other,80,,6,1,nh0034,other,other,novela realista,other,other,other,other,other,other,other,other
2131,subgenre-current,novela realista,other,80,,6,1,nh0036,novela realista,novela realista,novela realista,novela realista,novela realista,novela realista,novela realista,novela realista,novela realista,novela realista,novela realista
2132,subgenre-current,novela realista,other,80,,6,1,nh0038,other,other,novela realista,other,other,other,other,other,other,other,other
2133,subgenre-current,novela realista,other,80,,6,1,nh0044,novela realista,novela realista,novela realista,novela realista,novela realista,novela realista,novela realista,novela realista,novela realista,novela realista,novela realista
2134,subgenre-current,novela realista,other,80,,6,1,nh0045,other,other,other,other,other,other,other,other,other,other,other
2135,subgenre-current,novela realista,other,80,,6,1,nh0046,novela realista,novela realista,novela realista,novela realista,novela realista,novela realista,novela realista,novela realista,novela realista,novela realista,novela realista
2136,subgenre-current,novela realista,other,80,,6,1,nh0047,novela realista,novela realista,novela realista,novela realista,novela realista,novela realista,novela realista,novela realista,novela realista,novela realista,novela realista
2137,subgenre-current,novela realista,other,80,,6,1,nh0048,novela realista,novela realista,novela realista,novela realista,novela realista,novela realista,novela realista,novela realista,novela realista,novela realista,novela realista
2138,subgenre-current,novela realista,other,80,,6,1,nh0049,other,other,other,other,other,other,other,other,other,other,other
2139,subgenre-current,novela realista,other,80,,6,1,nh0052,novela realista,novela realista,novela realista,novela realista,novela realista,novela realista,novela realista,novela realista,novela realista,novela realista,novela realista
2140,subgenre-current,novela realista,other,80,,6,1,nh0058,other,other,other,novela realista,other,other,other,other,other,other,other
2141,subgenre-current,novela realista,other,80,,6,1,nh0062,novela realista,novela realista,novela realista,novela realista,other,novela realista,novela realista,novela realista,novela realista,novela realista,novela realista
2142,subgenre-current,novela realista,other,80,,6,1,nh0065,other,other,other,other,other,other,other,other,other,other,other
2143,subgenre-current,novela realista,other,80,,6,1,nh0067,novela realista,novela realista,novela realista,novela realista,novela realista,novela realista,novela realista,novela realista,novela realista,novela realista,novela realista
2144,subgenre-current,novela realista,other,80,,6,1,nh0068,novela realista,novela realista,novela realista,novela realista,novela realista,novela realista,novela realista,novela realista,novela realista,novela realista,novela realista
2145,subgenre-current,novela realista,other,80,,6,1,nh0071,other,other,other,other,other,other,other,other,other,other,other
2146,subgenre-current,novela realista,other,80,,6,1,nh0075,novela realista,novela realista,novela realista,novela realista,novela realista,novela realista,novela realista,novela realista,novela realista,novela realista,novela realista
2147,subgenre-current,novela realista,other,80,,6,1,nh0087,other,other,other,other,other,other,other,other,other,other,other
2148,subgenre-current,novela realista,other,80,,6,1,nh0089,novela realista,novela realista,novela realista,novela realista,novela realista,novela realista,novela realista,novela realista,novela realista,novela realista,novela realista
2149,subgenre-current,novela realista,other,80,,6,1,nh0104,other,other,other,other,other,other,other,other,other,other,other
2150,subgenre-current,novela realista,other,80,,6,1,nh0115,other,other,other,other,other,other,other,other,other,other,other
2151,subgenre-current,novela realista,other,80,,6,1,nh0116,other,other,other,other,other,other,other,other,other,other,other
2152,subgenre-current,novela realista,other,80,,6,1,nh0117,other,other,other,other,other,other,other,other,other,other,other
2153,subgenre-current,novela realista,other,80,,6,1,nh0127,novela realista,novela realista,novela realista,novela realista,novela realista,novela realista,novela realista,novela realista,novela realista,novela realista,novela realista
2154,subgenre-current,novela realista,other,80,,6,1,nh0129,other,other,other,other,other,other,other,other,other,other,other
2155,subgenre-current,novela realista,other,80,,6,1,nh0133,novela realista,novela realista,novela realista,novela realista,novela realista,other,novela realista,novela realista,novela realista,novela realista,novela realista
2156,subgenre-current,novela realista,other,80,,6,1,nh0135,novela realista,novela realista,novela realista,novela realista,novela realista,other,novela realista,novela realista,novela realista,novela realista,novela realista
2157,subgenre-current,novela realista,other,80,,6,1,nh0136,other,other,other,other,other,other,novela realista,other,other,other,other
2158,subgenre-current,novela realista,other,80,,6,1,nh0144,other,other,other,other,other,other,novela realista,other,other,other,other
2159,subgenre-current,novela realista,other,80,,6,1,nh0148,novela realista,novela realista,novela realista,novela realista,novela realista,novela realista,novela realista,novela realista,novela realista,novela realista,novela realista
2160,subgenre-current,novela realista,other,80,,6,1,nh0158,other,other,other,other,other,other,other,novela realista,other,other,other
2161,subgenre-current,novela realista,other,80,,6,1,nh0163,other,other,other,other,other,other,other,novela realista,other,other,other
2162,subgenre-current,novela realista,other,80,,6,1,nh0165,novela realista,novela realista,novela realista,novela realista,novela realista,novela realista,novela realista,novela realista,novela realista,novela realista,novela realista
2163,subgenre-current,novela realista,other,80,,6,1,nh0171,other,other,other,other,other,other,other,other,other,other,other
2164,subgenre-current,novela realista,other,80,,6,1,nh0174,novela realista,novela realista,novela realista,novela realista,novela realista,novela realista,novela realista,novela realista,novela realista,novela realista,novela realista
2165,subgenre-current,novela realista,other,80,,6,1,nh0175,novela realista,novela realista,novela realista,novela realista,novela realista,novela realista,novela realista,novela realista,novela realista,novela realista,novela realista
2166,subgenre-current,novela realista,other,80,,6,1,nh0181,other,other,other,other,other,other,other,other,other,other,other
2167,subgenre-current,novela realista,other,80,,6,1,nh0182,other,other,other,other,other,other,other,other,other,other,other
2168,subgenre-current,novela realista,other,80,,6,1,nh0192,other,other,other,other,other,other,other,other,novela realista,other,other
2169,subgenre-current,novela realista,other,80,,6,1,nh0197,other,other,other,other,other,other,other,other,novela realista,other,other
2170,subgenre-current,novela realista,other,80,,6,1,nh0198,novela realista,novela realista,novela realista,novela realista,novela realista,novela realista,novela realista,novela realista,novela realista,novela realista,novela realista
2171,subgenre-current,novela realista,other,80,,6,1,nh0199,other,other,other,other,other,other,other,other,novela realista,other,other
2172,subgenre-current,novela realista,other,80,,6,1,nh0201,other,other,other,other,other,other,other,other,other,novela realista,other
2173,subgenre-current,novela realista,other,80,,6,1,nh0202,novela realista,novela realista,novela realista,novela realista,novela realista,novela realista,novela realista,novela realista,novela realista,novela realista,novela realista
2174,subgenre-current,novela realista,other,80,,6,1,nh0203,other,other,other,other,other,other,other,other,other,other,other
2175,subgenre-current,novela realista,other,80,,6,1,nh0204,novela realista,novela realista,novela realista,novela realista,novela realista,novela realista,novela realista,novela realista,novela realista,novela realista,novela realista
2176,subgenre-current,novela realista,other,80,,6,1,nh0206,other,other,other,other,other,other,other,other,other,other,other
2177,subgenre-current,novela realista,other,80,,6,1,nh0208,novela realista,novela realista,novela realista,novela realista,novela realista,novela realista,novela realista,novela realista,novela realista,novela realista,novela realista
2178,subgenre-current,novela realista,other,80,,6,1,nh0210,novela realista,novela realista,novela realista,novela realista,novela realista,novela realista,novela realista,novela realista,novela realista,novela realista,novela realista
2179,subgenre-current,novela realista,other,80,,6,1,nh0214,novela realista,novela realista,novela realista,novela realista,novela realista,novela realista,novela realista,novela realista,novela realista,other,novela realista
2180,subgenre-current,novela realista,other,80,,6,1,nh0216,other,other,other,other,other,other,other,other,other,other,other
2181,subgenre-current,novela realista,other,80,,6,1,nh0221,novela realista,novela realista,novela realista,novela realista,novela realista,novela realista,novela realista,novela realista,novela realista,novela realista,novela realista
2182,subgenre-current,novela realista,other,80,,6,1,nh0230,novela realista,novela realista,novela realista,novela realista,novela realista,novela realista,novela realista,novela realista,novela realista,novela realista,novela realista
2183,subgenre-current,novela realista,other,80,,6,1,nh0232,novela realista,novela realista,novela realista,novela realista,novela realista,novela realista,novela realista,novela realista,novela realista,novela realista,novela realista
2184,subgenre-current,novela realista,other,80,,6,1,nh0235,novela realista,novela realista,novela realista,novela realista,novela realista,novela realista,novela realista,novela realista,novela realista,novela realista,novela realista
2185,subgenre-current,novela realista,other,80,,6,1,nh0238,other,other,other,other,other,other,other,other,other,other,other
2186,subgenre-current,novela realista,other,80,,6,1,nh0239,novela realista,novela realista,novela realista,novela realista,novela realista,novela realista,novela realista,novela realista,novela realista,novela realista,novela realista
2187,subgenre-current,novela realista,other,80,,6,1,nh0246,other,other,other,other,other,other,other,other,other,other,other
2188,subgenre-current,novela realista,other,80,,6,1,nh0249,other,other,other,other,other,other,other,other,other,other,other
2189,subgenre-current,novela realista,other,80,,6,1,nh0253,other,other,other,other,other,other,other,other,other,other,other
2190,subgenre-current,novela realista,other,80,,7,1,nh0002,novela realista,novela realista,novela realista,novela realista,novela realista,novela realista,novela realista,novela realista,novela realista,novela realista,novela realista
2191,subgenre-current,novela realista,other,80,,7,1,nh0003,other,other,other,other,other,other,other,other,other,other,other
2192,subgenre-current,novela realista,other,80,,7,1,nh0006,other,other,other,other,other,other,other,other,other,other,other
2193,subgenre-current,novela realista,other,80,,7,1,nh0008,novela realista,novela realista,novela realista,novela realista,novela realista,novela realista,novela realista,novela realista,novela realista,novela realista,novela realista
2194,subgenre-current,novela realista,other,80,,7,1,nh0010,novela realista,novela realista,novela realista,novela realista,novela realista,novela realista,novela realista,novela realista,novela realista,novela realista,novela realista
2195,subgenre-current,novela realista,other,80,,7,1,nh0012,other,novela realista,other,other,other,other,other,other,other,other,other
2196,subgenre-current,novela realista,other,80,,7,1,nh0015,novela realista,novela realista,novela realista,novela realista,novela realista,novela realista,novela realista,novela realista,novela realista,novela realista,novela realista
2197,subgenre-current,novela realista,other,80,,7,1,nh0017,other,other,novela realista,other,other,other,other,other,other,other,other
2198,subgenre-current,novela realista,other,80,,7,1,nh0023,novela realista,novela realista,novela realista,novela realista,novela realista,novela realista,novela realista,novela realista,novela realista,novela realista,novela realista
2199,subgenre-current,novela realista,other,80,,7,1,nh0024,other,other,other,other,other,other,other,other,other,other,other
2200,subgenre-current,novela realista,other,80,,7,1,nh0027,novela realista,novela realista,novela realista,novela realista,novela realista,novela realista,novela realista,novela realista,novela realista,novela realista,novela realista
2201,subgenre-current,novela realista,other,80,,7,1,nh0036,novela realista,novela realista,novela realista,novela realista,novela realista,novela realista,novela realista,novela realista,novela realista,novela realista,novela realista
2202,subgenre-current,novela realista,other,80,,7,1,nh0040,other,other,other,other,other,other,other,other,other,other,other
2203,subgenre-current,novela realista,other,80,,7,1,nh0044,novela realista,novela realista,novela realista,novela realista,novela realista,novela realista,novela realista,novela realista,novela realista,novela realista,novela realista
2204,subgenre-current,novela realista,other,80,,7,1,nh0045,other,other,other,other,other,other,other,other,other,other,other
2205,subgenre-current,novela realista,other,80,,7,1,nh0046,novela realista,novela realista,novela realista,novela realista,novela realista,novela realista,novela realista,novela realista,novela realista,novela realista,novela realista
2206,subgenre-current,novela realista,other,80,,7,1,nh0047,novela realista,novela realista,novela realista,novela realista,novela realista,novela realista,novela realista,novela realista,novela realista,novela realista,novela realista
2207,subgenre-current,novela realista,other,80,,7,1,nh0048,novela realista,novela realista,novela realista,novela realista,novela realista,novela realista,novela realista,novela realista,novela realista,novela realista,novela realista
2208,subgenre-current,novela realista,other,80,,7,1,nh0052,novela realista,novela realista,novela realista,novela realista,novela realista,novela realista,novela realista,novela realista,novela realista,novela realista,novela realista
2209,subgenre-current,novela realista,other,80,,7,1,nh0054,other,other,other,other,other,other,other,other,other,other,other
2210,subgenre-current,novela realista,other,80,,7,1,nh0062,novela realista,novela realista,novela realista,novela realista,novela realista,novela realista,novela realista,novela realista,novela realista,novela realista,novela realista
2211,subgenre-current,novela realista,other,80,,7,1,nh0063,other,other,other,other,other,other,other,other,other,other,other
2212,subgenre-current,novela realista,other,80,,7,1,nh0065,other,other,other,other,other,other,other,other,other,other,other
2213,subgenre-current,novela realista,other,80,,7,1,nh0067,novela realista,novela realista,novela realista,novela realista,novela realista,novela realista,novela realista,novela realista,novela realista,novela realista,novela realista
2214,subgenre-current,novela realista,other,80,,7,1,nh0068,novela realista,novela realista,novela realista,novela realista,novela realista,novela realista,novela realista,novela realista,novela realista,novela realista,novela realista
2215,subgenre-current,novela realista,other,80,,7,1,nh0071,other,other,other,other,other,other,other,other,other,other,other
2216,subgenre-current,novela realista,other,80,,7,1,nh0075,novela realista,novela realista,novela realista,novela realista,novela realista,novela realista,novela realista,novela realista,novela realista,novela realista,novela realista
2217,subgenre-current,novela realista,other,80,,7,1,nh0082,other,other,other,other,novela realista,other,other,other,other,other,other
2218,subgenre-current,novela realista,other,80,,7,1,nh0085,other,other,other,other,other,other,other,other,other,other,other
2219,subgenre-current,novela realista,other,80,,7,1,nh0088,other,other,other,other,other,other,other,other,other,other,other
2220,subgenre-current,novela realista,other,80,,7,1,nh0089,novela realista,novela realista,novela realista,novela realista,novela realista,novela realista,novela realista,novela realista,novela realista,novela realista,novela realista
2221,subgenre-current,novela realista,other,80,,7,1,nh0104,other,other,other,other,other,other,other,other,other,other,other
2222,subgenre-current,novela realista,other,80,,7,1,nh0113,other,other,other,other,other,other,other,other,other,other,other
2223,subgenre-current,novela realista,other,80,,7,1,nh0116,other,other,other,other,other,other,other,other,other,other,other
2224,subgenre-current,novela realista,other,80,,7,1,nh0117,other,other,other,other,other,other,other,other,other,other,other
2225,subgenre-current,novela realista,other,80,,7,1,nh0124,other,other,other,other,other,other,other,other,other,other,other
2226,subgenre-current,novela realista,other,80,,7,1,nh0127,novela realista,novela realista,novela realista,novela realista,novela realista,novela realista,novela realista,novela realista,novela realista,novela realista,novela realista
2227,subgenre-current,novela realista,other,80,,7,1,nh0129,other,other,other,other,other,other,other,novela realista,other,other,other
2228,subgenre-current,novela realista,other,80,,7,1,nh0133,novela realista,novela realista,novela realista,novela realista,novela realista,other,novela realista,novela realista,novela realista,novela realista,novela realista
2229,subgenre-current,novela realista,other,80,,7,1,nh0135,novela realista,novela realista,novela realista,novela realista,novela realista,other,novela realista,novela realista,novela realista,novela realista,novela realista
2230,subgenre-current,novela realista,other,80,,7,1,nh0136,other,other,other,other,other,other,other,novela realista,other,other,other
2231,subgenre-current,novela realista,other,80,,7,1,nh0143,other,other,other,other,other,other,other,other,other,other,other
2232,subgenre-current,novela realista,other,80,,7,1,nh0147,other,other,other,other,other,other,other,other,other,other,other
2233,subgenre-current,novela realista,other,80,,7,1,nh0148,novela realista,novela realista,novela realista,novela realista,novela realista,novela realista,novela realista,novela realista,novela realista,novela realista,novela realista
2234,subgenre-current,novela realista,other,80,,7,1,nh0152,other,other,other,other,other,other,other,other,novela realista,other,other
2235,subgenre-current,novela realista,other,80,,7,1,nh0161,other,other,other,other,other,other,other,other,novela realista,other,other
2236,subgenre-current,novela realista,other,80,,7,1,nh0163,other,other,other,other,other,other,other,other,other,other,other
2237,subgenre-current,novela realista,other,80,,7,1,nh0165,novela realista,novela realista,novela realista,novela realista,novela realista,novela realista,novela realista,novela realista,novela realista,novela realista,novela realista
2238,subgenre-current,novela realista,other,80,,7,1,nh0174,novela realista,novela realista,novela realista,novela realista,novela realista,novela realista,novela realista,novela realista,novela realista,novela realista,novela realista
2239,subgenre-current,novela realista,other,80,,7,1,nh0175,novela realista,novela realista,novela realista,novela realista,novela realista,novela realista,novela realista,novela realista,novela realista,novela realista,novela realista
2240,subgenre-current,novela realista,other,80,,7,1,nh0183,other,other,other,other,other,other,other,other,other,other,other
2241,subgenre-current,novela realista,other,80,,7,1,nh0191,other,other,other,other,other,other,other,other,other,novela realista,other
2242,subgenre-current,novela realista,other,80,,7,1,nh0192,other,other,other,other,other,other,other,other,other,novela realista,other
2243,subgenre-current,novela realista,other,80,,7,1,nh0198,novela realista,novela realista,novela realista,novela realista,novela realista,novela realista,novela realista,novela realista,novela realista,novela realista,novela realista
2244,subgenre-current,novela realista,other,80,,7,1,nh0202,novela realista,novela realista,novela realista,novela realista,novela realista,novela realista,novela realista,novela realista,novela realista,novela realista,novela realista
2245,subgenre-current,novela realista,other,80,,7,1,nh0203,other,other,other,other,other,other,other,other,other,other,other
2246,subgenre-current,novela realista,other,80,,7,1,nh0204,novela realista,novela realista,novela realista,novela realista,novela realista,novela realista,novela realista,novela realista,novela realista,novela realista,novela realista
2247,subgenre-current,novela realista,other,80,,7,1,nh0208,novela realista,novela realista,novela realista,novela realista,novela realista,novela realista,novela realista,novela realista,novela realista,novela realista,novela realista
2248,subgenre-current,novela realista,other,80,,7,1,nh0210,novela realista,novela realista,novela realista,novela realista,novela realista,novela realista,novela realista,novela realista,novela realista,novela realista,novela realista
2249,subgenre-current,novela realista,other,80,,7,1,nh0214,novela realista,novela realista,novela realista,novela realista,novela realista,novela realista,novela realista,novela realista,novela realista,other,novela realista
2250,subgenre-current,novela realista,other,80,,7,1,nh0221,novela realista,novela realista,novela realista,novela realista,novela realista,novela realista,novela realista,novela realista,novela realista,novela realista,novela realista
2251,subgenre-current,novela realista,other,80,,7,1,nh0223,other,other,other,other,other,other,other,other,other,novela realista,other
2252,subgenre-current,novela realista,other,80,,7,1,nh0230,novela realista,novela realista,novela realista,novela realista,novela realista,novela realista,novela realista,novela realista,novela realista,novela realista,novela realista
2253,subgenre-current,novela realista,other,80,,7,1,nh0232,novela realista,novela realista,novela realista,novela realista,novela realista,novela realista,novela realista,novela realista,novela realista,novela realista,novela realista
2254,subgenre-current,novela realista,other,80,,7,1,nh0234,other,other,other,other,other,other,other,other,other,other,other
2255,subgenre-current,novela realista,other,80,,7,1,nh0235,novela realista,novela realista,novela realista,novela realista,novela realista,novela realista,novela realista,novela realista,novela realista,novela realista,novela realista
2256,subgenre-current,novela realista,other,80,,7,1,nh0237,other,other,other,other,other,other,other,other,other,other,other
2257,subgenre-current,novela realista,other,80,,7,1,nh0239,novela realista,novela realista,novela realista,novela realista,novela realista,novela realista,novela realista,novela realista,novela realista,novela realista,novela realista
2258,subgenre-current,novela realista,other,80,,7,1,nh0250,other,other,other,other,other,other,other,other,other,other,other
2259,subgenre-current,novela realista,other,80,,7,1,nh0251,other,other,other,other,other,other,other,other,other,other,other
2260,subgenre-current,novela realista,other,80,,8,1,nh0002,novela realista,novela realista,novela realista,novela realista,novela realista,novela realista,novela realista,novela realista,novela realista,novela realista,novela realista
2261,subgenre-current,novela realista,other,80,,8,1,nh0005,other,other,other,other,other,other,other,other,other,other,other
2262,subgenre-current,novela realista,other,80,,8,1,nh0006,other,other,other,other,other,other,other,other,other,other,other
2263,subgenre-current,novela realista,other,80,,8,1,nh0007,other,novela realista,other,other,other,other,other,other,other,other,other
2264,subgenre-current,novela realista,other,80,,8,1,nh0008,novela realista,novela realista,novela realista,novela realista,novela realista,novela realista,novela realista,novela realista,novela realista,novela realista,novela realista
2265,subgenre-current,novela realista,other,80,,8,1,nh0010,novela realista,novela realista,novela realista,novela realista,novela realista,novela realista,novela realista,novela realista,novela realista,novela realista,novela realista
2266,subgenre-current,novela realista,other,80,,8,1,nh0015,novela realista,novela realista,novela realista,novela realista,novela realista,novela realista,novela realista,novela realista,novela realista,novela realista,novela realista
2267,subgenre-current,novela realista,other,80,,8,1,nh0021,other,other,other,other,other,other,other,other,other,other,other
2268,subgenre-current,novela realista,other,80,,8,1,nh0023,novela realista,novela realista,novela realista,novela realista,novela realista,novela realista,novela realista,novela realista,novela realista,novela realista,novela realista
2269,subgenre-current,novela realista,other,80,,8,1,nh0027,novela realista,novela realista,novela realista,novela realista,novela realista,novela realista,novela realista,novela realista,novela realista,novela realista,novela realista
2270,subgenre-current,novela realista,other,80,,8,1,nh0035,other,other,other,other,other,other,other,other,other,other,other
2271,subgenre-current,novela realista,other,80,,8,1,nh0036,novela realista,novela realista,novela realista,novela realista,novela realista,novela realista,novela realista,novela realista,novela realista,novela realista,novela realista
2272,subgenre-current,novela realista,other,80,,8,1,nh0041,other,other,other,other,other,other,other,other,other,other,other
2273,subgenre-current,novela realista,other,80,,8,1,nh0043,other,other,other,other,other,other,other,other,other,other,other
2274,subgenre-current,novela realista,other,80,,8,1,nh0044,novela realista,novela realista,novela realista,novela realista,novela realista,novela realista,novela realista,novela realista,novela realista,novela realista,novela realista
2275,subgenre-current,novela realista,other,80,,8,1,nh0046,novela realista,novela realista,novela realista,novela realista,novela realista,novela realista,novela realista,novela realista,novela realista,novela realista,novela realista
2276,subgenre-current,novela realista,other,80,,8,1,nh0047,novela realista,novela realista,novela realista,novela realista,novela realista,novela realista,novela realista,novela realista,novela realista,novela realista,novela realista
2277,subgenre-current,novela realista,other,80,,8,1,nh0048,novela realista,novela realista,novela realista,novela realista,novela realista,novela realista,novela realista,novela realista,novela realista,novela realista,novela realista
2278,subgenre-current,novela realista,other,80,,8,1,nh0052,novela realista,novela realista,novela realista,novela realista,novela realista,novela realista,novela realista,novela realista,novela realista,novela realista,novela realista
2279,subgenre-current,novela realista,other,80,,8,1,nh0058,other,other,other,novela realista,other,other,other,other,other,other,other
2280,subgenre-current,novela realista,other,80,,8,1,nh0062,novela realista,novela realista,novela realista,novela realista,other,novela realista,novela realista,novela realista,novela realista,novela realista,novela realista
2281,subgenre-current,novela realista,other,80,,8,1,nh0064,other,other,other,other,other,other,other,other,other,other,other
2282,subgenre-current,novela realista,other,80,,8,1,nh0067,novela realista,novela realista,novela realista,novela realista,novela realista,novela realista,novela realista,novela realista,novela realista,novela realista,novela realista
2283,subgenre-current,novela realista,other,80,,8,1,nh0068,novela realista,novela realista,novela realista,novela realista,novela realista,novela realista,novela realista,novela realista,novela realista,novela realista,novela realista
2284,subgenre-current,novela realista,other,80,,8,1,nh0071,other,other,other,other,other,other,other,other,other,other,other
2285,subgenre-current,novela realista,other,80,,8,1,nh0075,novela realista,novela realista,novela realista,novela realista,novela realista,novela realista,novela realista,novela realista,novela realista,novela realista,novela realista
2286,subgenre-current,novela realista,other,80,,8,1,nh0080,other,other,other,other,novela realista,other,other,other,other,other,other
2287,subgenre-current,novela realista,other,80,,8,1,nh0085,other,other,other,other,other,other,other,other,other,other,other
2288,subgenre-current,novela realista,other,80,,8,1,nh0088,other,other,other,other,other,other,other,other,other,other,other
2289,subgenre-current,novela realista,other,80,,8,1,nh0089,novela realista,novela realista,novela realista,novela realista,novela realista,novela realista,novela realista,novela realista,novela realista,novela realista,novela realista
2290,subgenre-current,novela realista,other,80,,8,1,nh0111,other,other,other,other,other,other,other,other,other,other,other
2291,subgenre-current,novela realista,other,80,,8,1,nh0122,other,other,other,other,other,other,other,other,other,other,other
2292,subgenre-current,novela realista,other,80,,8,1,nh0127,novela realista,novela realista,novela realista,novela realista,novela realista,novela realista,novela realista,novela realista,novela realista,novela realista,novela realista
2293,subgenre-current,novela realista,other,80,,8,1,nh0131,other,other,other,other,other,other,novela realista,other,other,other,other
2294,subgenre-current,novela realista,other,80,,8,1,nh0133,novela realista,novela realista,novela realista,novela realista,novela realista,novela realista,novela realista,novela realista,novela realista,novela realista,novela realista
2295,subgenre-current,novela realista,other,80,,8,1,nh0135,novela realista,novela realista,novela realista,novela realista,novela realista,other,novela realista,novela realista,novela realista,novela realista,novela realista
2296,subgenre-current,novela realista,other,80,,8,1,nh0136,other,other,other,other,other,other,novela realista,other,other,other,other
2297,subgenre-current,novela realista,other,80,,8,1,nh0148,novela realista,novela realista,novela realista,novela realista,novela realista,novela realista,novela realista,novela realista,novela realista,novela realista,novela realista
2298,subgenre-current,novela realista,other,80,,8,1,nh0150,other,other,other,other,other,other,other,other,other,other,other
2299,subgenre-current,novela realista,other,80,,8,1,nh0151,other,other,other,other,other,other,novela realista,other,other,other,other
2300,subgenre-current,novela realista,other,80,,8,1,nh0159,other,other,other,other,other,other,other,other,other,other,other
2301,subgenre-current,novela realista,other,80,,8,1,nh0161,other,other,other,other,other,other,other,novela realista,other,other,other
2302,subgenre-current,novela realista,other,80,,8,1,nh0165,novela realista,novela realista,novela realista,novela realista,novela realista,novela realista,novela realista,novela realista,novela realista,novela realista,novela realista
2303,subgenre-current,novela realista,other,80,,8,1,nh0169,other,other,other,other,other,other,other,other,other,other,other
2304,subgenre-current,novela realista,other,80,,8,1,nh0172,other,other,other,other,other,other,other,other,other,other,other
2305,subgenre-current,novela realista,other,80,,8,1,nh0173,other,other,other,other,other,other,other,other,novela realista,other,other
2306,subgenre-current,novela realista,other,80,,8,1,nh0174,novela realista,novela realista,novela realista,novela realista,novela realista,novela realista,novela realista,novela realista,novela realista,novela realista,novela realista
2307,subgenre-current,novela realista,other,80,,8,1,nh0175,novela realista,novela realista,novela realista,novela realista,novela realista,novela realista,novela realista,novela realista,novela realista,novela realista,novela realista
2308,subgenre-current,novela realista,other,80,,8,1,nh0180,other,other,other,other,other,other,other,other,other,other,other
2309,subgenre-current,novela realista,other,80,,8,1,nh0182,other,other,other,other,other,other,other,other,other,other,other
2310,subgenre-current,novela realista,other,80,,8,1,nh0188,other,other,other,other,other,other,other,other,novela realista,other,other
2311,subgenre-current,novela realista,other,80,,8,1,nh0190,other,other,other,other,other,other,other,other,other,novela realista,other
2312,subgenre-current,novela realista,other,80,,8,1,nh0197,other,other,other,other,other,other,other,other,other,novela realista,other
2313,subgenre-current,novela realista,other,80,,8,1,nh0198,novela realista,novela realista,novela realista,novela realista,novela realista,novela realista,novela realista,novela realista,novela realista,novela realista,novela realista
2314,subgenre-current,novela realista,other,80,,8,1,nh0202,novela realista,novela realista,novela realista,novela realista,novela realista,novela realista,novela realista,novela realista,novela realista,novela realista,novela realista
2315,subgenre-current,novela realista,other,80,,8,1,nh0203,other,other,other,other,other,other,other,other,other,other,other
2316,subgenre-current,novela realista,other,80,,8,1,nh0204,novela realista,novela realista,novela realista,novela realista,novela realista,novela realista,novela realista,novela realista,novela realista,novela realista,novela realista
2317,subgenre-current,novela realista,other,80,,8,1,nh0206,other,other,other,other,other,other,other,other,other,other,other
2318,subgenre-current,novela realista,other,80,,8,1,nh0208,novela realista,novela realista,novela realista,novela realista,novela realista,novela realista,novela realista,novela realista,novela realista,novela realista,novela realista
2319,subgenre-current,novela realista,other,80,,8,1,nh0210,novela realista,novela realista,novela realista,novela realista,novela realista,novela realista,novela realista,novela realista,other,novela realista,novela realista
2320,subgenre-current,novela realista,other,80,,8,1,nh0214,novela realista,novela realista,novela realista,novela realista,novela realista,novela realista,novela realista,novela realista,novela realista,novela realista,novela realista
2321,subgenre-current,novela realista,other,80,,8,1,nh0221,novela realista,novela realista,novela realista,novela realista,novela realista,novela realista,novela realista,novela realista,novela realista,other,novela realista
2322,subgenre-current,novela realista,other,80,,8,1,nh0225,other,other,other,other,other,other,other,other,other,other,novela realista
2323,subgenre-current,novela realista,other,80,,8,1,nh0229,other,other,other,other,other,other,other,other,other,other,other
2324,subgenre-current,novela realista,other,80,,8,1,nh0230,novela realista,novela realista,novela realista,novela realista,novela realista,novela realista,novela realista,novela realista,novela realista,novela realista,novela realista
2325,subgenre-current,novela realista,other,80,,8,1,nh0232,novela realista,novela realista,novela realista,novela realista,novela realista,novela realista,novela realista,novela realista,novela realista,novela realista,novela realista
2326,subgenre-current,novela realista,other,80,,8,1,nh0234,other,other,other,other,other,other,other,other,other,other,novela realista
2327,subgenre-current,novela realista,other,80,,8,1,nh0235,novela realista,novela realista,novela realista,novela realista,novela realista,novela realista,novela realista,novela realista,novela realista,novela realista,novela realista
2328,subgenre-current,novela realista,other,80,,8,1,nh0239,novela realista,novela realista,novela realista,novela realista,novela realista,novela realista,novela realista,novela realista,novela realista,novela realista,novela realista
2329,subgenre-current,novela realista,other,80,,8,1,nh0249,other,other,other,other,other,other,other,other,other,other,other
2330,subgenre-current,novela realista,other,80,,9,1,nh0002,novela realista,novela realista,novela realista,novela realista,novela realista,novela realista,novela realista,novela realista,novela realista,novela realista,novela realista
2331,subgenre-current,novela realista,other,80,,9,1,nh0008,novela realista,novela realista,novela realista,novela realista,novela realista,novela realista,novela realista,novela realista,novela realista,novela realista,novela realista
2332,subgenre-current,novela realista,other,80,,9,1,nh0010,novela realista,novela realista,novela realista,novela realista,novela realista,novela realista,novela realista,novela realista,novela realista,novela realista,novela realista
2333,subgenre-current,novela realista,other,80,,9,1,nh0015,novela realista,novela realista,novela realista,novela realista,novela realista,novela realista,novela realista,novela realista,novela realista,novela realista,novela realista
2334,subgenre-current,novela realista,other,80,,9,1,nh0016,other,novela realista,other,other,other,other,other,other,other,other,other
2335,subgenre-current,novela realista,other,80,,9,1,nh0023,novela realista,novela realista,novela realista,novela realista,novela realista,novela realista,novela realista,novela realista,novela realista,novela realista,novela realista
2336,subgenre-current,novela realista,other,80,,9,1,nh0024,other,other,other,other,other,other,other,other,other,other,other
2337,subgenre-current,novela realista,other,80,,9,1,nh0026,other,other,other,other,other,other,other,other,other,other,other
2338,subgenre-current,novela realista,other,80,,9,1,nh0027,novela realista,novela realista,novela realista,novela realista,novela realista,novela realista,novela realista,novela realista,novela realista,novela realista,novela realista
2339,subgenre-current,novela realista,other,80,,9,1,nh0029,other,other,novela realista,other,other,other,other,other,other,other,other
2340,subgenre-current,novela realista,other,80,,9,1,nh0030,other,other,novela realista,other,other,other,other,other,other,other,other
2341,subgenre-current,novela realista,other,80,,9,1,nh0036,novela realista,novela realista,novela realista,novela realista,novela realista,novela realista,novela realista,novela realista,novela realista,novela realista,novela realista
2342,subgenre-current,novela realista,other,80,,9,1,nh0044,novela realista,novela realista,novela realista,novela realista,novela realista,novela realista,novela realista,novela realista,novela realista,novela realista,novela realista
2343,subgenre-current,novela realista,other,80,,9,1,nh0045,other,other,other,other,other,other,other,other,other,other,other
2344,subgenre-current,novela realista,other,80,,9,1,nh0046,novela realista,novela realista,novela realista,novela realista,novela realista,novela realista,novela realista,novela realista,novela realista,novela realista,novela realista
2345,subgenre-current,novela realista,other,80,,9,1,nh0047,novela realista,novela realista,novela realista,novela realista,novela realista,novela realista,novela realista,novela realista,novela realista,novela realista,novela realista
2346,subgenre-current,novela realista,other,80,,9,1,nh0048,novela realista,novela realista,novela realista,novela realista,novela realista,novela realista,novela realista,novela realista,novela realista,novela realista,novela realista
2347,subgenre-current,novela realista,other,80,,9,1,nh0052,novela realista,novela realista,novela realista,novela realista,novela realista,novela realista,novela realista,novela realista,novela realista,novela realista,novela realista
2348,subgenre-current,novela realista,other,80,,9,1,nh0053,other,other,other,other,other,other,other,other,other,other,other
2349,subgenre-current,novela realista,other,80,,9,1,nh0058,other,other,other,novela realista,other,other,other,other,other,other,other
2350,subgenre-current,novela realista,other,80,,9,1,nh0060,other,other,other,novela realista,other,other,other,other,other,other,other
2351,subgenre-current,novela realista,other,80,,9,1,nh0062,novela realista,novela realista,novela realista,novela realista,novela realista,novela realista,novela realista,novela realista,novela realista,novela realista,novela realista
2352,subgenre-current,novela realista,other,80,,9,1,nh0064,other,other,other,other,other,other,other,other,other,other,other
2353,subgenre-current,novela realista,other,80,,9,1,nh0067,novela realista,novela realista,novela realista,novela realista,novela realista,novela realista,novela realista,novela realista,novela realista,novela realista,novela realista
2354,subgenre-current,novela realista,other,80,,9,1,nh0068,novela realista,novela realista,novela realista,novela realista,novela realista,novela realista,novela realista,novela realista,novela realista,novela realista,novela realista
2355,subgenre-current,novela realista,other,80,,9,1,nh0071,other,other,other,other,other,other,other,other,other,other,other
2356,subgenre-current,novela realista,other,80,,9,1,nh0073,other,other,other,other,other,other,other,other,other,other,other
2357,subgenre-current,novela realista,other,80,,9,1,nh0075,novela realista,novela realista,novela realista,novela realista,novela realista,novela realista,novela realista,novela realista,novela realista,novela realista,novela realista
2358,subgenre-current,novela realista,other,80,,9,1,nh0089,novela realista,novela realista,novela realista,novela realista,novela realista,novela realista,novela realista,novela realista,novela realista,novela realista,novela realista
2359,subgenre-current,novela realista,other,80,,9,1,nh0090,other,other,other,other,other,novela realista,other,other,other,other,other
2360,subgenre-current,novela realista,other,80,,9,1,nh0098,other,other,other,other,other,other,other,other,other,other,other
2361,subgenre-current,novela realista,other,80,,9,1,nh0099,other,other,other,other,other,novela realista,other,other,other,other,other
2362,subgenre-current,novela realista,other,80,,9,1,nh0106,other,other,other,other,other,other,other,other,other,other,other
2363,subgenre-current,novela realista,other,80,,9,1,nh0120,other,other,other,other,other,other,other,other,other,other,other
2364,subgenre-current,novela realista,other,80,,9,1,nh0122,other,other,other,other,other,other,other,other,other,other,other
2365,subgenre-current,novela realista,other,80,,9,1,nh0127,novela realista,novela realista,novela realista,novela realista,novela realista,novela realista,novela realista,novela realista,novela realista,novela realista,novela realista
2366,subgenre-current,novela realista,other,80,,9,1,nh0129,other,other,other,other,other,other,other,other,other,other,other
2367,subgenre-current,novela realista,other,80,,9,1,nh0133,novela realista,novela realista,novela realista,novela realista,novela realista,novela realista,novela realista,novela realista,novela realista,novela realista,novela realista
2368,subgenre-current,novela realista,other,80,,9,1,nh0135,novela realista,novela realista,novela realista,novela realista,novela realista,other,novela realista,novela realista,novela realista,novela realista,novela realista
2369,subgenre-current,novela realista,other,80,,9,1,nh0140,other,other,other,other,other,other,other,other,other,other,other
2370,subgenre-current,novela realista,other,80,,9,1,nh0148,novela realista,novela realista,novela realista,novela realista,novela realista,novela realista,novela realista,novela realista,novela realista,novela realista,novela realista
2371,subgenre-current,novela realista,other,80,,9,1,nh0156,other,other,other,other,other,other,other,other,other,other,other
2372,subgenre-current,novela realista,other,80,,9,1,nh0163,other,other,other,other,other,other,other,novela realista,other,other,other
2373,subgenre-current,novela realista,other,80,,9,1,nh0165,novela realista,novela realista,novela realista,novela realista,novela realista,novela realista,novela realista,novela realista,novela realista,novela realista,novela realista
2374,subgenre-current,novela realista,other,80,,9,1,nh0167,other,other,other,other,other,other,other,other,other,other,other
2375,subgenre-current,novela realista,other,80,,9,1,nh0174,novela realista,novela realista,novela realista,novela realista,novela realista,novela realista,novela realista,novela realista,novela realista,novela realista,novela realista
2376,subgenre-current,novela realista,other,80,,9,1,nh0175,novela realista,novela realista,novela realista,novela realista,novela realista,novela realista,novela realista,novela realista,novela realista,novela realista,novela realista
2377,subgenre-current,novela realista,other,80,,9,1,nh0189,other,other,other,other,other,other,other,other,other,other,other
2378,subgenre-current,novela realista,other,80,,9,1,nh0190,other,other,other,other,other,other,other,other,novela realista,other,other
2379,subgenre-current,novela realista,other,80,,9,1,nh0193,other,other,other,other,other,other,other,other,novela realista,other,other
2380,subgenre-current,novela realista,other,80,,9,1,nh0197,other,other,other,other,other,other,other,other,novela realista,other,other
2381,subgenre-current,novela realista,other,80,,9,1,nh0198,novela realista,novela realista,novela realista,novela realista,novela realista,novela realista,novela realista,novela realista,novela realista,novela realista,novela realista
2382,subgenre-current,novela realista,other,80,,9,1,nh0199,other,other,other,other,other,other,other,other,other,novela realista,other
2383,subgenre-current,novela realista,other,80,,9,1,nh0202,novela realista,novela realista,novela realista,novela realista,novela realista,novela realista,novela realista,other,novela realista,novela realista,novela realista
2384,subgenre-current,novela realista,other,80,,9,1,nh0204,novela realista,novela realista,novela realista,novela realista,novela realista,novela realista,novela realista,novela realista,novela realista,novela realista,novela realista
2385,subgenre-current,novela realista,other,80,,9,1,nh0208,novela realista,novela realista,novela realista,novela realista,novela realista,novela realista,novela realista,novela realista,novela realista,novela realista,novela realista
2386,subgenre-current,novela realista,other,80,,9,1,nh0210,novela realista,novela realista,novela realista,novela realista,novela realista,novela realista,novela realista,novela realista,other,novela realista,novela realista
2387,subgenre-current,novela realista,other,80,,9,1,nh0214,novela realista,novela realista,novela realista,novela realista,novela realista,novela realista,novela realista,novela realista,novela realista,other,novela realista
2388,subgenre-current,novela realista,other,80,,9,1,nh0216,other,other,other,other,other,other,other,other,other,other,other
2389,subgenre-current,novela realista,other,80,,9,1,nh0221,novela realista,novela realista,novela realista,novela realista,novela realista,novela realista,novela realista,novela realista,novela realista,novela realista,novela realista
2390,subgenre-current,novela realista,other,80,,9,1,nh0224,other,other,other,other,other,other,other,other,other,other,other
2391,subgenre-current,novela realista,other,80,,9,1,nh0230,novela realista,novela realista,novela realista,novela realista,novela realista,novela realista,novela realista,novela realista,novela realista,novela realista,novela realista
2392,subgenre-current,novela realista,other,80,,9,1,nh0232,novela realista,novela realista,novela realista,novela realista,novela realista,novela realista,novela realista,novela realista,novela realista,novela realista,novela realista
2393,subgenre-current,novela realista,other,80,,9,1,nh0235,novela realista,novela realista,novela realista,novela realista,novela realista,novela realista,novela realista,novela realista,novela realista,novela realista,novela realista
2394,subgenre-current,novela realista,other,80,,9,1,nh0237,other,other,other,other,other,other,other,other,other,other,other
2395,subgenre-current,novela realista,other,80,,9,1,nh0238,other,other,other,other,other,other,other,other,other,other,other
2396,subgenre-current,novela realista,other,80,,9,1,nh0239,novela realista,novela realista,novela realista,novela realista,novela realista,novela realista,novela realista,novela realista,novela realista,novela realista,novela realista
2397,subgenre-current,novela realista,other,80,,9,1,nh0247,other,other,other,other,other,other,other,other,other,other,novela realista
2398,subgenre-current,novela realista,other,80,,9,1,nh0250,other,other,other,other,other,other,other,other,other,other,other
2399,subgenre-current,novela realista,other,80,,9,1,nh0251,other,other,other,other,other,other,other,other,other,other,other
2400,subgenre-current,novela naturalista,other,80,,0,1,nh0002,other,novela naturalista,other,other,other,other,other,other,other,other,other
2401,subgenre-current,novela naturalista,other,80,,0,1,nh0009,other,other,other,other,other,other,other,other,other,other,other
2402,subgenre-current,novela naturalista,other,80,,0,1,nh0010,other,other,other,other,other,other,other,other,other,other,other
2403,subgenre-current,novela naturalista,other,80,,0,1,nh0011,novela naturalista,novela naturalista,novela naturalista,novela naturalista,novela naturalista,novela naturalista,novela naturalista,novela naturalista,novela naturalista,novela naturalista,novela naturalista
2404,subgenre-current,novela naturalista,other,80,,0,1,nh0012,novela naturalista,novela naturalista,novela naturalista,novela naturalista,novela naturalista,novela naturalista,novela naturalista,novela naturalista,novela naturalista,novela naturalista,novela naturalista
2405,subgenre-current,novela naturalista,other,80,,0,1,nh0013,novela naturalista,novela naturalista,novela naturalista,novela naturalista,novela naturalista,novela naturalista,novela naturalista,novela naturalista,novela naturalista,novela naturalista,novela naturalista
2406,subgenre-current,novela naturalista,other,80,,0,1,nh0019,novela naturalista,novela naturalista,novela naturalista,novela naturalista,novela naturalista,novela naturalista,novela naturalista,novela naturalista,novela naturalista,novela naturalista,novela naturalista
2407,subgenre-current,novela naturalista,other,80,,0,1,nh0021,other,other,other,other,other,other,other,other,other,other,other
2408,subgenre-current,novela naturalista,other,80,,0,1,nh0022,novela naturalista,novela naturalista,other,novela naturalista,novela naturalista,novela naturalista,novela naturalista,novela naturalista,novela naturalista,novela naturalista,novela naturalista
2409,subgenre-current,novela naturalista,other,80,,0,1,nh0026,other,other,other,other,other,other,other,other,other,other,other
2410,subgenre-current,novela naturalista,other,80,,0,1,nh0027,other,other,novela naturalista,other,other,other,other,other,other,other,other
2411,subgenre-current,novela naturalista,other,80,,0,1,nh0028,novela naturalista,novela naturalista,novela naturalista,novela naturalista,novela naturalista,novela naturalista,novela naturalista,novela naturalista,novela naturalista,novela naturalista,novela naturalista
2412,subgenre-current,novela naturalista,other,80,,0,1,nh0029,novela naturalista,novela naturalista,novela naturalista,novela naturalista,novela naturalista,novela naturalista,novela naturalista,novela naturalista,novela naturalista,novela naturalista,novela naturalista
2413,subgenre-current,novela naturalista,other,80,,0,1,nh0030,novela naturalista,novela naturalista,novela naturalista,novela naturalista,novela naturalista,novela naturalista,novela naturalista,novela naturalista,novela naturalista,novela naturalista,novela naturalista
2414,subgenre-current,novela naturalista,other,80,,0,1,nh0031,novela naturalista,novela naturalista,novela naturalista,novela naturalista,novela naturalista,novela naturalista,novela naturalista,novela naturalista,novela naturalista,novela naturalista,novela naturalista
2415,subgenre-current,novela naturalista,other,80,,0,1,nh0032,novela naturalista,novela naturalista,novela naturalista,novela naturalista,novela naturalista,novela naturalista,novela naturalista,novela naturalista,novela naturalista,novela naturalista,novela naturalista
2416,subgenre-current,novela naturalista,other,80,,0,1,nh0033,novela naturalista,novela naturalista,novela naturalista,novela naturalista,novela naturalista,novela naturalista,novela naturalista,novela naturalista,novela naturalista,novela naturalista,novela naturalista
2417,subgenre-current,novela naturalista,other,80,,0,1,nh0034,novela naturalista,novela naturalista,novela naturalista,novela naturalista,novela naturalista,novela naturalista,novela naturalista,novela naturalista,novela naturalista,novela naturalista,novela naturalista
2418,subgenre-current,novela naturalista,other,80,,0,1,nh0037,other,other,other,other,other,other,other,other,other,other,other
2419,subgenre-current,novela naturalista,other,80,,0,1,nh0038,novela naturalista,novela naturalista,novela naturalista,novela naturalista,novela naturalista,novela naturalista,novela naturalista,novela naturalista,novela naturalista,novela naturalista,novela naturalista
2420,subgenre-current,novela naturalista,other,80,,0,1,nh0039,novela naturalista,novela naturalista,novela naturalista,novela naturalista,novela naturalista,novela naturalista,novela naturalista,novela naturalista,novela naturalista,novela naturalista,novela naturalista
2421,subgenre-current,novela naturalista,other,80,,0,1,nh0041,other,other,other,other,other,other,other,other,other,other,other
2422,subgenre-current,novela naturalista,other,80,,0,1,nh0044,other,other,novela naturalista,other,other,other,other,other,other,other,other
2423,subgenre-current,novela naturalista,other,80,,0,1,nh0045,other,other,other,other,other,other,other,other,other,other,other
2424,subgenre-current,novela naturalista,other,80,,0,1,nh0046,other,other,other,novela naturalista,other,other,other,other,other,other,other
2425,subgenre-current,novela naturalista,other,80,,0,1,nh0048,other,other,other,novela naturalista,other,other,other,other,other,other,other
2426,subgenre-current,novela naturalista,other,80,,0,1,nh0050,other,other,other,novela naturalista,other,other,other,other,other,other,other
2427,subgenre-current,novela naturalista,other,80,,0,1,nh0053,other,other,other,other,other,other,other,other,other,other,other
2428,subgenre-current,novela naturalista,other,80,,0,1,nh0057,novela naturalista,novela naturalista,novela naturalista,novela naturalista,novela naturalista,novela naturalista,novela naturalista,novela naturalista,novela naturalista,novela naturalista,novela naturalista
2429,subgenre-current,novela naturalista,other,80,,0,1,nh0058,novela naturalista,novela naturalista,novela naturalista,novela naturalista,novela naturalista,novela naturalista,novela naturalista,novela naturalista,novela naturalista,novela naturalista,novela naturalista
2430,subgenre-current,novela naturalista,other,80,,0,1,nh0059,novela naturalista,novela naturalista,novela naturalista,novela naturalista,novela naturalista,novela naturalista,novela naturalista,novela naturalista,novela naturalista,novela naturalista,novela naturalista
2431,subgenre-current,novela naturalista,other,80,,0,1,nh0060,novela naturalista,novela naturalista,novela naturalista,novela naturalista,novela naturalista,novela naturalista,novela naturalista,novela naturalista,novela naturalista,novela naturalista,novela naturalista
2432,subgenre-current,novela naturalista,other,80,,0,1,nh0062,other,other,other,novela naturalista,other,other,other,other,other,other,other
2433,subgenre-current,novela naturalista,other,80,,0,1,nh0063,other,other,other,other,novela naturalista,other,other,other,other,other,other
2434,subgenre-current,novela naturalista,other,80,,0,1,nh0065,other,other,other,other,other,other,other,other,other,other,other
2435,subgenre-current,novela naturalista,other,80,,0,1,nh0069,other,other,other,other,other,other,other,other,other,other,other
2436,subgenre-current,novela naturalista,other,80,,0,1,nh0074,novela naturalista,novela naturalista,novela naturalista,novela naturalista,novela naturalista,novela naturalista,novela naturalista,novela naturalista,novela naturalista,novela naturalista,novela naturalista
2437,subgenre-current,novela naturalista,other,80,,0,1,nh0076,novela naturalista,novela naturalista,novela naturalista,novela naturalista,novela naturalista,novela naturalista,novela naturalista,novela naturalista,novela naturalista,novela naturalista,novela naturalista
2438,subgenre-current,novela naturalista,other,80,,0,1,nh0080,novela naturalista,novela naturalista,novela naturalista,novela naturalista,novela naturalista,novela naturalista,novela naturalista,novela naturalista,novela naturalista,novela naturalista,novela naturalista
2439,subgenre-current,novela naturalista,other,80,,0,1,nh0088,novela naturalista,novela naturalista,novela naturalista,novela naturalista,novela naturalista,novela naturalista,novela naturalista,novela naturalista,novela naturalista,novela naturalista,novela naturalista
2440,subgenre-current,novela naturalista,other,80,,0,1,nh0090,novela naturalista,novela naturalista,novela naturalista,novela naturalista,novela naturalista,novela naturalista,other,novela naturalista,novela naturalista,novela naturalista,novela naturalista
2441,subgenre-current,novela naturalista,other,80,,0,1,nh0098,other,other,other,other,other,other,other,other,other,other,other
2442,subgenre-current,novela naturalista,other,80,,0,1,nh0099,other,other,other,other,novela naturalista,other,other,other,other,other,other
2443,subgenre-current,novela naturalista,other,80,,0,1,nh0102,other,other,other,other,other,other,other,other,other,other,other
2444,subgenre-current,novela naturalista,other,80,,0,1,nh0104,other,other,other,other,other,other,other,other,other,other,other
2445,subgenre-current,novela naturalista,other,80,,0,1,nh0105,other,other,other,other,other,other,other,other,other,other,other
2446,subgenre-current,novela naturalista,other,80,,0,1,nh0109,novela naturalista,novela naturalista,novela naturalista,novela naturalista,novela naturalista,novela naturalista,novela naturalista,novela naturalista,novela naturalista,novela naturalista,novela naturalista
2447,subgenre-current,novela naturalista,other,80,,0,1,nh0111,other,other,other,other,other,other,other,other,other,other,other
2448,subgenre-current,novela naturalista,other,80,,0,1,nh0114,novela naturalista,novela naturalista,novela naturalista,novela naturalista,novela naturalista,novela naturalista,novela naturalista,novela naturalista,novela naturalista,novela naturalista,novela naturalista
2449,subgenre-current,novela naturalista,other,80,,0,1,nh0117,other,other,other,other,other,other,other,other,other,other,other
2450,subgenre-current,novela naturalista,other,80,,0,1,nh0125,other,other,other,other,other,other,other,other,other,other,other
2451,subgenre-current,novela naturalista,other,80,,0,1,nh0136,novela naturalista,novela naturalista,novela naturalista,novela naturalista,novela naturalista,novela naturalista,novela naturalista,novela naturalista,novela naturalista,novela naturalista,novela naturalista
2452,subgenre-current,novela naturalista,other,80,,0,1,nh0140,other,other,other,other,other,other,other,other,other,other,other
2453,subgenre-current,novela naturalista,other,80,,0,1,nh0141,other,other,other,other,other,other,other,other,other,other,other
2454,subgenre-current,novela naturalista,other,80,,0,1,nh0145,other,other,other,other,other,other,novela naturalista,other,other,other,other
2455,subgenre-current,novela naturalista,other,80,,0,1,nh0148,other,other,other,other,other,other,other,other,other,other,other
2456,subgenre-current,novela naturalista,other,80,,0,1,nh0149,other,other,other,other,other,other,other,other,other,other,other
2457,subgenre-current,novela naturalista,other,80,,0,1,nh0155,novela naturalista,novela naturalista,novela naturalista,novela naturalista,novela naturalista,novela naturalista,novela naturalista,novela naturalista,novela naturalista,novela naturalista,novela naturalista
2458,subgenre-current,novela naturalista,other,80,,0,1,nh0157,other,other,other,other,other,other,other,other,other,other,other
2459,subgenre-current,novela naturalista,other,80,,0,1,nh0159,other,other,other,other,other,other,other,other,other,other,other
2460,subgenre-current,novela naturalista,other,80,,0,1,nh0161,other,other,other,other,other,other,other,other,other,other,other
2461,subgenre-current,novela naturalista,other,80,,0,1,nh0162,other,other,other,other,other,other,other,other,novela naturalista,other,other
2462,subgenre-current,novela naturalista,other,80,,0,1,nh0163,novela naturalista,novela naturalista,novela naturalista,novela naturalista,novela naturalista,novela naturalista,novela naturalista,novela naturalista,novela naturalista,novela naturalista,novela naturalista
2463,subgenre-current,novela naturalista,other,80,,0,1,nh0164,novela naturalista,novela naturalista,novela naturalista,novela naturalista,novela naturalista,novela naturalista,novela naturalista,novela naturalista,novela naturalista,novela naturalista,novela naturalista
2464,subgenre-current,novela naturalista,other,80,,0,1,nh0174,other,other,other,other,other,other,other,other,novela naturalista,other,other
2465,subgenre-current,novela naturalista,other,80,,0,1,nh0177,novela naturalista,novela naturalista,novela naturalista,novela naturalista,novela naturalista,novela naturalista,novela naturalista,novela naturalista,novela naturalista,novela naturalista,novela naturalista
2466,subgenre-current,novela naturalista,other,80,,0,1,nh0179,novela naturalista,novela naturalista,novela naturalista,novela naturalista,novela naturalista,novela naturalista,novela naturalista,novela naturalista,other,novela naturalista,novela naturalista
2467,subgenre-current,novela naturalista,other,80,,0,1,nh0180,other,other,other,other,other,other,other,other,other,other,other
2468,subgenre-current,novela naturalista,other,80,,0,1,nh0182,other,other,other,other,other,other,other,other,other,other,other
2469,subgenre-current,novela naturalista,other,80,,0,1,nh0183,other,other,other,other,other,other,other,other,other,novela naturalista,other
2470,subgenre-current,novela naturalista,other,80,,0,1,nh0189,novela naturalista,novela naturalista,novela naturalista,novela naturalista,novela naturalista,novela naturalista,novela naturalista,novela naturalista,novela naturalista,novela naturalista,novela naturalista
2471,subgenre-current,novela naturalista,other,80,,0,1,nh0190,novela naturalista,novela naturalista,novela naturalista,novela naturalista,novela naturalista,novela naturalista,novela naturalista,novela naturalista,novela naturalista,novela naturalista,novela naturalista
2472,subgenre-current,novela naturalista,other,80,,0,1,nh0191,novela naturalista,novela naturalista,novela naturalista,novela naturalista,novela naturalista,novela naturalista,novela naturalista,novela naturalista,novela naturalista,novela naturalista,novela naturalista
2473,subgenre-current,novela naturalista,other,80,,0,1,nh0192,novela naturalista,novela naturalista,novela naturalista,novela naturalista,novela naturalista,novela naturalista,novela naturalista,novela naturalista,novela naturalista,novela naturalista,novela naturalista
2474,subgenre-current,novela naturalista,other,80,,0,1,nh0193,novela naturalista,novela naturalista,novela naturalista,novela naturalista,novela naturalista,novela naturalista,novela naturalista,novela naturalista,novela naturalista,novela naturalista,novela naturalista
2475,subgenre-current,novela naturalista,other,80,,0,1,nh0194,novela naturalista,novela naturalista,novela naturalista,novela naturalista,novela naturalista,novela naturalista,novela naturalista,novela naturalista,novela naturalista,novela naturalista,novela naturalista
2476,subgenre-current,novela naturalista,other,80,,0,1,nh0205,novela naturalista,novela naturalista,novela naturalista,novela naturalista,novela naturalista,novela naturalista,novela naturalista,novela naturalista,novela naturalista,novela naturalista,novela naturalista
2477,subgenre-current,novela naturalista,other,80,,0,1,nh0206,novela naturalista,novela naturalista,novela naturalista,novela naturalista,novela naturalista,novela naturalista,novela naturalista,novela naturalista,novela naturalista,other,novela naturalista
2478,subgenre-current,novela naturalista,other,80,,0,1,nh0217,novela naturalista,novela naturalista,novela naturalista,novela naturalista,novela naturalista,novela naturalista,novela naturalista,novela naturalista,novela naturalista,other,novela naturalista
2479,subgenre-current,novela naturalista,other,80,,0,1,nh0223,novela naturalista,novela naturalista,novela naturalista,novela naturalista,novela naturalista,novela naturalista,novela naturalista,novela naturalista,novela naturalista,novela naturalista,novela naturalista
2480,subgenre-current,novela naturalista,other,80,,0,1,nh0225,other,other,other,other,other,other,other,other,other,other,other
2481,subgenre-current,novela naturalista,other,80,,0,1,nh0226,other,other,other,other,other,other,other,other,other,other,other
2482,subgenre-current,novela naturalista,other,80,,0,1,nh0227,other,other,other,other,other,other,other,other,other,other,other
2483,subgenre-current,novela naturalista,other,80,,0,1,nh0229,novela naturalista,novela naturalista,novela naturalista,novela naturalista,novela naturalista,novela naturalista,novela naturalista,novela naturalista,novela naturalista,novela naturalista,novela naturalista
2484,subgenre-current,novela naturalista,other,80,,0,1,nh0230,other,other,other,other,other,other,other,other,other,other,novela naturalista
2485,subgenre-current,novela naturalista,other,80,,0,1,nh0234,other,other,other,other,other,other,other,other,other,other,other
2486,subgenre-current,novela naturalista,other,80,,0,1,nh0251,other,other,other,other,other,other,other,other,other,other,other
2487,subgenre-current,novela naturalista,other,80,,0,1,nh0254,novela naturalista,novela naturalista,novela naturalista,novela naturalista,novela naturalista,novela naturalista,novela naturalista,novela naturalista,novela naturalista,novela naturalista,novela naturalista
2488,subgenre-current,novela naturalista,other,80,,0,1,nh0255,novela naturalista,novela naturalista,novela naturalista,novela naturalista,novela naturalista,novela naturalista,novela naturalista,novela naturalista,novela naturalista,novela naturalista,novela naturalista
2489,subgenre-current,novela naturalista,other,80,,0,1,nh0256,novela naturalista,novela naturalista,novela naturalista,novela naturalista,novela naturalista,novela naturalista,novela naturalista,novela naturalista,novela naturalista,novela naturalista,novela naturalista
2490,subgenre-current,novela naturalista,other,80,,1,1,nh0007,other,other,other,other,other,other,other,other,other,other,other
2491,subgenre-current,novela naturalista,other,80,,1,1,nh0011,novela naturalista,novela naturalista,novela naturalista,novela naturalista,novela naturalista,novela naturalista,novela naturalista,novela naturalista,novela naturalista,novela naturalista,novela naturalista
2492,subgenre-current,novela naturalista,other,80,,1,1,nh0012,novela naturalista,novela naturalista,novela naturalista,novela naturalista,novela naturalista,novela naturalista,novela naturalista,novela naturalista,novela naturalista,novela naturalista,novela naturalista
2493,subgenre-current,novela naturalista,other,80,,1,1,nh0013,novela naturalista,novela naturalista,novela naturalista,novela naturalista,novela naturalista,novela naturalista,novela naturalista,novela naturalista,novela naturalista,novela naturalista,novela naturalista
2494,subgenre-current,novela naturalista,other,80,,1,1,nh0015,other,novela naturalista,other,other,other,other,other,other,other,other,other
2495,subgenre-current,novela naturalista,other,80,,1,1,nh0019,novela naturalista,novela naturalista,novela naturalista,novela naturalista,novela naturalista,novela naturalista,novela naturalista,novela naturalista,novela naturalista,novela naturalista,novela naturalista
2496,subgenre-current,novela naturalista,other,80,,1,1,nh0022,novela naturalista,novela naturalista,other,novela naturalista,novela naturalista,novela naturalista,novela naturalista,novela naturalista,novela naturalista,novela naturalista,novela naturalista
2497,subgenre-current,novela naturalista,other,80,,1,1,nh0024,other,other,other,other,other,other,other,other,other,other,other
2498,subgenre-current,novela naturalista,other,80,,1,1,nh0027,other,novela naturalista,other,other,other,other,other,other,other,other,other
2499,subgenre-current,novela naturalista,other,80,,1,1,nh0028,novela naturalista,novela naturalista,novela naturalista,novela naturalista,novela naturalista,novela naturalista,novela naturalista,novela naturalista,novela naturalista,novela naturalista,novela naturalista
2500,subgenre-current,novela naturalista,other,80,,1,1,nh0029,novela naturalista,novela naturalista,novela naturalista,novela naturalista,novela naturalista,novela naturalista,novela naturalista,novela naturalista,novela naturalista,novela naturalista,novela naturalista
2501,subgenre-current,novela naturalista,other,80,,1,1,nh0030,novela naturalista,novela naturalista,novela naturalista,novela naturalista,novela naturalista,novela naturalista,novela naturalista,novela naturalista,novela naturalista,novela naturalista,novela naturalista
2502,subgenre-current,novela naturalista,other,80,,1,1,nh0031,novela naturalista,novela naturalista,novela naturalista,novela naturalista,novela naturalista,novela naturalista,novela naturalista,novela naturalista,novela naturalista,novela naturalista,novela naturalista
2503,subgenre-current,novela naturalista,other,80,,1,1,nh0032,novela naturalista,novela naturalista,novela naturalista,novela naturalista,novela naturalista,novela naturalista,novela naturalista,novela naturalista,novela naturalista,novela naturalista,novela naturalista
2504,subgenre-current,novela naturalista,other,80,,1,1,nh0033,novela naturalista,novela naturalista,novela naturalista,novela naturalista,novela naturalista,novela naturalista,novela naturalista,novela naturalista,novela naturalista,novela naturalista,novela naturalista
2505,subgenre-current,novela naturalista,other,80,,1,1,nh0034,novela naturalista,novela naturalista,novela naturalista,novela naturalista,novela naturalista,novela naturalista,novela naturalista,novela naturalista,novela naturalista,novela naturalista,novela naturalista
2506,subgenre-current,novela naturalista,other,80,,1,1,nh0036,other,other,other,other,other,other,other,other,other,other,other
2507,subgenre-current,novela naturalista,other,80,,1,1,nh0038,novela naturalista,novela naturalista,novela naturalista,novela naturalista,novela naturalista,novela naturalista,novela naturalista,novela naturalista,novela naturalista,novela naturalista,novela naturalista
2508,subgenre-current,novela naturalista,other,80,,1,1,nh0039,novela naturalista,novela naturalista,novela naturalista,novela naturalista,novela naturalista,novela naturalista,novela naturalista,novela naturalista,novela naturalista,novela naturalista,novela naturalista
2509,subgenre-current,novela naturalista,other,80,,1,1,nh0041,other,other,other,other,other,other,other,other,other,other,other
2510,subgenre-current,novela naturalista,other,80,,1,1,nh0054,other,other,other,other,other,other,other,other,other,other,other
2511,subgenre-current,novela naturalista,other,80,,1,1,nh0057,novela naturalista,novela naturalista,novela naturalista,novela naturalista,novela naturalista,novela naturalista,novela naturalista,novela naturalista,novela naturalista,novela naturalista,novela naturalista
2512,subgenre-current,novela naturalista,other,80,,1,1,nh0058,novela naturalista,novela naturalista,novela naturalista,novela naturalista,novela naturalista,novela naturalista,novela naturalista,novela naturalista,novela naturalista,novela naturalista,novela naturalista
2513,subgenre-current,novela naturalista,other,80,,1,1,nh0059,novela naturalista,novela naturalista,novela naturalista,novela naturalista,novela naturalista,novela naturalista,novela naturalista,novela naturalista,novela naturalista,novela naturalista,novela naturalista
2514,subgenre-current,novela naturalista,other,80,,1,1,nh0060,novela naturalista,novela naturalista,novela naturalista,novela naturalista,novela naturalista,novela naturalista,novela naturalista,novela naturalista,novela naturalista,novela naturalista,novela naturalista
2515,subgenre-current,novela naturalista,other,80,,1,1,nh0061,other,other,other,other,other,other,other,other,other,other,other
2516,subgenre-current,novela naturalista,other,80,,1,1,nh0071,other,other,other,other,other,other,other,other,other,other,other
2517,subgenre-current,novela naturalista,other,80,,1,1,nh0072,other,other,other,other,other,other,other,other,other,other,other
2518,subgenre-current,novela naturalista,other,80,,1,1,nh0073,other,other,other,other,other,other,other,other,other,other,other
2519,subgenre-current,novela naturalista,other,80,,1,1,nh0074,novela naturalista,novela naturalista,novela naturalista,novela naturalista,novela naturalista,novela naturalista,novela naturalista,novela naturalista,novela naturalista,novela naturalista,novela naturalista
2520,subgenre-current,novela naturalista,other,80,,1,1,nh0076,novela naturalista,novela naturalista,novela naturalista,novela naturalista,novela naturalista,novela naturalista,novela naturalista,novela naturalista,novela naturalista,novela naturalista,novela naturalista
2521,subgenre-current,novela naturalista,other,80,,1,1,nh0080,novela naturalista,novela naturalista,novela naturalista,novela naturalista,novela naturalista,novela naturalista,novela naturalista,novela naturalista,novela naturalista,novela naturalista,novela naturalista
2522,subgenre-current,novela naturalista,other,80,,1,1,nh0086,other,other,other,novela naturalista,other,other,other,other,other,other,other
2523,subgenre-current,novela naturalista,other,80,,1,1,nh0088,novela naturalista,novela naturalista,novela naturalista,novela naturalista,novela naturalista,novela naturalista,novela naturalista,novela naturalista,novela naturalista,novela naturalista,novela naturalista
2524,subgenre-current,novela naturalista,other,80,,1,1,nh0090,novela naturalista,novela naturalista,novela naturalista,novela naturalista,novela naturalista,novela naturalista,other,novela naturalista,novela naturalista,novela naturalista,novela naturalista
2525,subgenre-current,novela naturalista,other,80,,1,1,nh0096,other,other,other,other,other,other,other,other,other,other,other
2526,subgenre-current,novela naturalista,other,80,,1,1,nh0098,other,other,other,other,other,other,other,other,other,other,other
2527,subgenre-current,novela naturalista,other,80,,1,1,nh0102,other,other,other,other,other,other,other,other,other,other,other
2528,subgenre-current,novela naturalista,other,80,,1,1,nh0106,other,other,other,other,other,other,other,other,other,other,other
2529,subgenre-current,novela naturalista,other,80,,1,1,nh0109,novela naturalista,novela naturalista,novela naturalista,novela naturalista,novela naturalista,novela naturalista,novela naturalista,novela naturalista,novela naturalista,novela naturalista,novela naturalista
2530,subgenre-current,novela naturalista,other,80,,1,1,nh0113,other,other,other,other,other,other,other,other,other,other,other
2531,subgenre-current,novela naturalista,other,80,,1,1,nh0114,novela naturalista,novela naturalista,novela naturalista,novela naturalista,novela naturalista,novela naturalista,novela naturalista,novela naturalista,novela naturalista,novela naturalista,novela naturalista
2532,subgenre-current,novela naturalista,other,80,,1,1,nh0117,other,other,other,other,other,other,other,other,other,other,other
2533,subgenre-current,novela naturalista,other,80,,1,1,nh0120,other,other,other,other,other,other,other,other,other,other,other
2534,subgenre-current,novela naturalista,other,80,,1,1,nh0121,other,other,other,other,other,other,other,other,other,other,other
2535,subgenre-current,novela naturalista,other,80,,1,1,nh0136,novela naturalista,novela naturalista,novela naturalista,novela naturalista,novela naturalista,novela naturalista,novela naturalista,novela naturalista,novela naturalista,novela naturalista,novela naturalista
2536,subgenre-current,novela naturalista,other,80,,1,1,nh0138,other,other,other,other,other,other,other,other,other,other,other
2537,subgenre-current,novela naturalista,other,80,,1,1,nh0140,other,other,other,other,other,other,other,other,other,other,other
2538,subgenre-current,novela naturalista,other,80,,1,1,nh0145,other,other,other,other,other,novela naturalista,other,other,other,other,other
2539,subgenre-current,novela naturalista,other,80,,1,1,nh0146,other,other,other,other,other,other,other,other,other,other,other
2540,subgenre-current,novela naturalista,other,80,,1,1,nh0149,other,other,other,other,other,other,other,other,other,other,other
2541,subgenre-current,novela naturalista,other,80,,1,1,nh0151,other,other,other,other,other,other,other,other,other,other,other
2542,subgenre-current,novela naturalista,other,80,,1,1,nh0155,novela naturalista,novela naturalista,novela naturalista,novela naturalista,novela naturalista,novela naturalista,novela naturalista,novela naturalista,novela naturalista,novela naturalista,novela naturalista
2543,subgenre-current,novela naturalista,other,80,,1,1,nh0158,other,other,other,other,other,other,other,other,other,other,other
2544,subgenre-current,novela naturalista,other,80,,1,1,nh0162,other,other,other,other,other,other,novela naturalista,other,other,other,other
2545,subgenre-current,novela naturalista,other,80,,1,1,nh0163,novela naturalista,novela naturalista,novela naturalista,novela naturalista,novela naturalista,novela naturalista,novela naturalista,novela naturalista,novela naturalista,novela naturalista,novela naturalista
2546,subgenre-current,novela naturalista,other,80,,1,1,nh0164,novela naturalista,novela naturalista,novela naturalista,novela naturalista,novela naturalista,novela naturalista,novela naturalista,novela naturalista,novela naturalista,novela naturalista,novela naturalista
2547,subgenre-current,novela naturalista,other,80,,1,1,nh0174,other,other,other,other,other,other,other,other,other,other,other
2548,subgenre-current,novela naturalista,other,80,,1,1,nh0175,other,other,other,other,other,other,other,other,other,other,other
2549,subgenre-current,novela naturalista,other,80,,1,1,nh0177,novela naturalista,novela naturalista,novela naturalista,novela naturalista,novela naturalista,novela naturalista,novela naturalista,novela naturalista,novela naturalista,novela naturalista,novela naturalista
2550,subgenre-current,novela naturalista,other,80,,1,1,nh0178,other,other,other,other,other,other,other,other,other,other,other
2551,subgenre-current,novela naturalista,other,80,,1,1,nh0179,novela naturalista,novela naturalista,novela naturalista,novela naturalista,novela naturalista,novela naturalista,novela naturalista,novela naturalista,novela naturalista,novela naturalista,novela naturalista
2552,subgenre-current,novela naturalista,other,80,,1,1,nh0180,other,other,other,other,other,other,other,other,other,other,other
2553,subgenre-current,novela naturalista,other,80,,1,1,nh0181,other,other,other,other,other,other,other,other,other,other,other
2554,subgenre-current,novela naturalista,other,80,,1,1,nh0188,other,other,other,other,other,other,other,other,other,other,other
2555,subgenre-current,novela naturalista,other,80,,1,1,nh0189,novela naturalista,novela naturalista,novela naturalista,novela naturalista,novela naturalista,novela naturalista,novela naturalista,novela naturalista,novela naturalista,novela naturalista,novela naturalista
2556,subgenre-current,novela naturalista,other,80,,1,1,nh0190,novela naturalista,novela naturalista,novela naturalista,novela naturalista,novela naturalista,novela naturalista,novela naturalista,novela naturalista,novela naturalista,novela naturalista,novela naturalista
2557,subgenre-current,novela naturalista,other,80,,1,1,nh0191,novela naturalista,novela naturalista,novela naturalista,novela naturalista,novela naturalista,novela naturalista,novela naturalista,novela naturalista,novela naturalista,novela naturalista,novela naturalista
2558,subgenre-current,novela naturalista,other,80,,1,1,nh0192,novela naturalista,novela naturalista,novela naturalista,novela naturalista,novela naturalista,novela naturalista,novela naturalista,novela naturalista,novela naturalista,novela naturalista,novela naturalista
2559,subgenre-current,novela naturalista,other,80,,1,1,nh0193,novela naturalista,novela naturalista,novela naturalista,novela naturalista,novela naturalista,novela naturalista,novela naturalista,novela naturalista,novela naturalista,novela naturalista,novela naturalista
2560,subgenre-current,novela naturalista,other,80,,1,1,nh0194,novela naturalista,novela naturalista,novela naturalista,novela naturalista,novela naturalista,novela naturalista,novela naturalista,novela naturalista,novela naturalista,novela naturalista,novela naturalista
2561,subgenre-current,novela naturalista,other,80,,1,1,nh0195,other,other,other,other,other,other,other,other,other,other,other
2562,subgenre-current,novela naturalista,other,80,,1,1,nh0202,other,other,other,other,other,other,other,other,novela naturalista,other,other
2563,subgenre-current,novela naturalista,other,80,,1,1,nh0205,novela naturalista,novela naturalista,novela naturalista,novela naturalista,novela naturalista,novela naturalista,novela naturalista,novela naturalista,novela naturalista,novela naturalista,novela naturalista
2564,subgenre-current,novela naturalista,other,80,,1,1,nh0206,novela naturalista,novela naturalista,novela naturalista,novela naturalista,novela naturalista,novela naturalista,novela naturalista,novela naturalista,novela naturalista,other,novela naturalista
2565,subgenre-current,novela naturalista,other,80,,1,1,nh0208,other,other,other,other,other,other,other,other,novela naturalista,other,other
2566,subgenre-current,novela naturalista,other,80,,1,1,nh0216,other,other,other,other,other,other,other,other,other,other,other
2567,subgenre-current,novela naturalista,other,80,,1,1,nh0217,novela naturalista,novela naturalista,novela naturalista,novela naturalista,novela naturalista,novela naturalista,novela naturalista,novela naturalista,novela naturalista,novela naturalista,novela naturalista
2568,subgenre-current,novela naturalista,other,80,,1,1,nh0223,novela naturalista,novela naturalista,novela naturalista,novela naturalista,novela naturalista,novela naturalista,novela naturalista,novela naturalista,novela naturalista,novela naturalista,novela naturalista
2569,subgenre-current,novela naturalista,other,80,,1,1,nh0225,other,other,other,other,other,other,other,other,other,other,other
2570,subgenre-current,novela naturalista,other,80,,1,1,nh0226,other,other,other,other,other,other,other,other,other,other,other
2571,subgenre-current,novela naturalista,other,80,,1,1,nh0229,novela naturalista,novela naturalista,novela naturalista,novela naturalista,novela naturalista,novela naturalista,novela naturalista,novela naturalista,novela naturalista,novela naturalista,novela naturalista
2572,subgenre-current,novela naturalista,other,80,,1,1,nh0244,other,other,other,other,other,other,other,other,other,other,other
2573,subgenre-current,novela naturalista,other,80,,1,1,nh0246,other,other,other,other,other,other,other,other,other,other,other
2574,subgenre-current,novela naturalista,other,80,,1,1,nh0250,other,other,other,other,other,other,other,other,other,other,other
2575,subgenre-current,novela naturalista,other,80,,1,1,nh0251,other,other,other,other,other,other,other,other,other,other,other
2576,subgenre-current,novela naturalista,other,80,,1,1,nh0252,other,other,other,other,other,other,other,other,other,other,other
2577,subgenre-current,novela naturalista,other,80,,1,1,nh0254,novela naturalista,novela naturalista,novela naturalista,novela naturalista,novela naturalista,novela naturalista,novela naturalista,novela naturalista,novela naturalista,novela naturalista,novela naturalista
2578,subgenre-current,novela naturalista,other,80,,1,1,nh0255,novela naturalista,novela naturalista,novela naturalista,novela naturalista,novela naturalista,novela naturalista,novela naturalista,novela naturalista,novela naturalista,novela naturalista,novela naturalista
2579,subgenre-current,novela naturalista,other,80,,1,1,nh0256,novela naturalista,novela naturalista,novela naturalista,novela naturalista,novela naturalista,novela naturalista,novela naturalista,novela naturalista,novela naturalista,novela naturalista,novela naturalista
2580,subgenre-current,novela naturalista,other,80,,2,1,nh0001,other,other,other,other,other,other,other,other,other,other,other
2581,subgenre-current,novela naturalista,other,80,,2,1,nh0003,other,other,other,other,other,other,other,other,other,other,other
2582,subgenre-current,novela naturalista,other,80,,2,1,nh0007,other,other,other,other,other,other,other,other,other,other,other
2583,subgenre-current,novela naturalista,other,80,,2,1,nh0009,other,other,other,other,other,other,other,other,other,other,other
2584,subgenre-current,novela naturalista,other,80,,2,1,nh0011,novela naturalista,novela naturalista,novela naturalista,novela naturalista,novela naturalista,novela naturalista,novela naturalista,novela naturalista,novela naturalista,novela naturalista,novela naturalista
2585,subgenre-current,novela naturalista,other,80,,2,1,nh0012,novela naturalista,novela naturalista,novela naturalista,novela naturalista,novela naturalista,novela naturalista,novela naturalista,novela naturalista,novela naturalista,novela naturalista,novela naturalista
2586,subgenre-current,novela naturalista,other,80,,2,1,nh0013,novela naturalista,other,novela naturalista,novela naturalista,novela naturalista,novela naturalista,novela naturalista,novela naturalista,novela naturalista,novela naturalista,novela naturalista
2587,subgenre-current,novela naturalista,other,80,,2,1,nh0017,other,other,other,other,other,other,other,other,other,other,other
2588,subgenre-current,novela naturalista,other,80,,2,1,nh0019,novela naturalista,novela naturalista,novela naturalista,novela naturalista,novela naturalista,novela naturalista,novela naturalista,novela naturalista,novela naturalista,novela naturalista,novela naturalista
2589,subgenre-current,novela naturalista,other,80,,2,1,nh0022,novela naturalista,novela naturalista,other,novela naturalista,novela naturalista,novela naturalista,novela naturalista,novela naturalista,novela naturalista,novela naturalista,novela naturalista
2590,subgenre-current,novela naturalista,other,80,,2,1,nh0025,other,other,other,other,other,other,other,other,other,other,other
2591,subgenre-current,novela naturalista,other,80,,2,1,nh0026,other,other,other,other,other,other,other,other,other,other,other
2592,subgenre-current,novela naturalista,other,80,,2,1,nh0028,novela naturalista,novela naturalista,novela naturalista,novela naturalista,novela naturalista,novela naturalista,novela naturalista,novela naturalista,novela naturalista,novela naturalista,novela naturalista
2593,subgenre-current,novela naturalista,other,80,,2,1,nh0029,novela naturalista,novela naturalista,novela naturalista,novela naturalista,novela naturalista,novela naturalista,novela naturalista,novela naturalista,novela naturalista,novela naturalista,novela naturalista
2594,subgenre-current,novela naturalista,other,80,,2,1,nh0030,novela naturalista,novela naturalista,novela naturalista,novela naturalista,novela naturalista,novela naturalista,novela naturalista,novela naturalista,novela naturalista,novela naturalista,novela naturalista
2595,subgenre-current,novela naturalista,other,80,,2,1,nh0031,novela naturalista,novela naturalista,novela naturalista,novela naturalista,novela naturalista,novela naturalista,novela naturalista,novela naturalista,novela naturalista,novela naturalista,novela naturalista
2596,subgenre-current,novela naturalista,other,80,,2,1,nh0032,novela naturalista,novela naturalista,novela naturalista,novela naturalista,novela naturalista,novela naturalista,novela naturalista,novela naturalista,novela naturalista,novela naturalista,novela naturalista
2597,subgenre-current,novela naturalista,other,80,,2,1,nh0033,novela naturalista,novela naturalista,novela naturalista,novela naturalista,novela naturalista,novela naturalista,novela naturalista,novela naturalista,novela naturalista,novela naturalista,novela naturalista
2598,subgenre-current,novela naturalista,other,80,,2,1,nh0034,novela naturalista,novela naturalista,novela naturalista,novela naturalista,novela naturalista,novela naturalista,novela naturalista,novela naturalista,novela naturalista,novela naturalista,novela naturalista
2599,subgenre-current,novela naturalista,other,80,,2,1,nh0038,novela naturalista,novela naturalista,novela naturalista,novela naturalista,novela naturalista,novela naturalista,novela naturalista,novela naturalista,novela naturalista,novela naturalista,novela naturalista
2600,subgenre-current,novela naturalista,other,80,,2,1,nh0039,novela naturalista,novela naturalista,novela naturalista,novela naturalista,novela naturalista,novela naturalista,novela naturalista,novela naturalista,novela naturalista,novela naturalista,novela naturalista
2601,subgenre-current,novela naturalista,other,80,,2,1,nh0046,other,other,novela naturalista,other,other,other,other,other,other,other,other
2602,subgenre-current,novela naturalista,other,80,,2,1,nh0047,other,other,novela naturalista,other,other,other,other,other,other,other,other
2603,subgenre-current,novela naturalista,other,80,,2,1,nh0052,other,other,other,other,other,other,other,other,other,other,other
2604,subgenre-current,novela naturalista,other,80,,2,1,nh0053,other,other,other,other,other,other,other,other,other,other,other
2605,subgenre-current,novela naturalista,other,80,,2,1,nh0055,other,other,other,other,other,other,other,other,other,other,other
2606,subgenre-current,novela naturalista,other,80,,2,1,nh0056,other,other,other,other,other,other,other,other,other,other,other
2607,subgenre-current,novela naturalista,other,80,,2,1,nh0057,novela naturalista,novela naturalista,novela naturalista,novela naturalista,novela naturalista,novela naturalista,novela naturalista,novela naturalista,novela naturalista,novela naturalista,novela naturalista
2608,subgenre-current,novela naturalista,other,80,,2,1,nh0058,novela naturalista,novela naturalista,novela naturalista,novela naturalista,novela naturalista,novela naturalista,novela naturalista,novela naturalista,novela naturalista,novela naturalista,novela naturalista
2609,subgenre-current,novela naturalista,other,80,,2,1,nh0059,novela naturalista,novela naturalista,novela naturalista,novela naturalista,novela naturalista,novela naturalista,novela naturalista,novela naturalista,novela naturalista,novela naturalista,novela naturalista
2610,subgenre-current,novela naturalista,other,80,,2,1,nh0060,novela naturalista,novela naturalista,novela naturalista,novela naturalista,novela naturalista,novela naturalista,novela naturalista,novela naturalista,novela naturalista,novela naturalista,novela naturalista
2611,subgenre-current,novela naturalista,other,80,,2,1,nh0064,other,other,other,other,other,other,other,other,other,other,other
2612,subgenre-current,novela naturalista,other,80,,2,1,nh0069,other,other,other,other,other,other,other,other,other,other,other
2613,subgenre-current,novela naturalista,other,80,,2,1,nh0072,other,other,other,other,other,other,other,other,other,other,other
2614,subgenre-current,novela naturalista,other,80,,2,1,nh0074,novela naturalista,novela naturalista,novela naturalista,novela naturalista,novela naturalista,novela naturalista,novela naturalista,novela naturalista,novela naturalista,novela naturalista,novela naturalista
2615,subgenre-current,novela naturalista,other,80,,2,1,nh0076,novela naturalista,novela naturalista,novela naturalista,novela naturalista,novela naturalista,novela naturalista,novela naturalista,novela naturalista,novela naturalista,novela naturalista,novela naturalista
2616,subgenre-current,novela naturalista,other,80,,2,1,nh0080,novela naturalista,novela naturalista,novela naturalista,novela naturalista,novela naturalista,novela naturalista,novela naturalista,novela naturalista,novela naturalista,novela naturalista,novela naturalista
2617,subgenre-current,novela naturalista,other,80,,2,1,nh0086,other,other,other,other,novela naturalista,other,other,other,other,other,other
2618,subgenre-current,novela naturalista,other,80,,2,1,nh0088,novela naturalista,novela naturalista,novela naturalista,novela naturalista,novela naturalista,novela naturalista,novela naturalista,novela naturalista,novela naturalista,novela naturalista,novela naturalista
2619,subgenre-current,novela naturalista,other,80,,2,1,nh0089,other,other,other,other,other,other,other,other,other,other,other
2620,subgenre-current,novela naturalista,other,80,,2,1,nh0090,novela naturalista,novela naturalista,novela naturalista,novela naturalista,novela naturalista,novela naturalista,other,novela naturalista,novela naturalista,novela naturalista,novela naturalista
2621,subgenre-current,novela naturalista,other,80,,2,1,nh0099,other,other,other,other,novela naturalista,other,other,other,other,other,other
2622,subgenre-current,novela naturalista,other,80,,2,1,nh0106,other,other,other,other,novela naturalista,other,other,other,other,other,other
2623,subgenre-current,novela naturalista,other,80,,2,1,nh0109,novela naturalista,novela naturalista,novela naturalista,novela naturalista,novela naturalista,novela naturalista,novela naturalista,novela naturalista,novela naturalista,novela naturalista,novela naturalista
2624,subgenre-current,novela naturalista,other,80,,2,1,nh0114,novela naturalista,novela naturalista,novela naturalista,novela naturalista,novela naturalista,novela naturalista,novela naturalista,novela naturalista,novela naturalista,novela naturalista,novela naturalista
2625,subgenre-current,novela naturalista,other,80,,2,1,nh0119,other,other,other,other,other,other,other,other,other,other,other
2626,subgenre-current,novela naturalista,other,80,,2,1,nh0122,other,other,other,other,other,other,other,other,other,other,other
2627,subgenre-current,novela naturalista,other,80,,2,1,nh0127,other,other,other,other,other,other,other,other,other,other,other
2628,subgenre-current,novela naturalista,other,80,,2,1,nh0136,novela naturalista,novela naturalista,novela naturalista,novela naturalista,novela naturalista,novela naturalista,novela naturalista,novela naturalista,novela naturalista,novela naturalista,novela naturalista
2629,subgenre-current,novela naturalista,other,80,,2,1,nh0148,other,other,other,other,other,novela naturalista,other,other,other,other,other
2630,subgenre-current,novela naturalista,other,80,,2,1,nh0155,novela naturalista,novela naturalista,novela naturalista,novela naturalista,novela naturalista,novela naturalista,novela naturalista,novela naturalista,novela naturalista,novela naturalista,novela naturalista
2631,subgenre-current,novela naturalista,other,80,,2,1,nh0156,other,other,other,other,other,other,other,other,other,other,other
2632,subgenre-current,novela naturalista,other,80,,2,1,nh0157,other,other,other,other,other,other,other,other,other,other,other
2633,subgenre-current,novela naturalista,other,80,,2,1,nh0158,other,other,other,other,other,other,other,other,other,other,other
2634,subgenre-current,novela naturalista,other,80,,2,1,nh0163,novela naturalista,novela naturalista,novela naturalista,novela naturalista,novela naturalista,novela naturalista,novela naturalista,novela naturalista,novela naturalista,novela naturalista,novela naturalista
2635,subgenre-current,novela naturalista,other,80,,2,1,nh0164,novela naturalista,novela naturalista,novela naturalista,novela naturalista,novela naturalista,novela naturalista,novela naturalista,novela naturalista,novela naturalista,novela naturalista,novela naturalista
2636,subgenre-current,novela naturalista,other,80,,2,1,nh0169,other,other,other,other,other,other,other,other,other,other,other
2637,subgenre-current,novela naturalista,other,80,,2,1,nh0177,novela naturalista,novela naturalista,novela naturalista,novela naturalista,novela naturalista,novela naturalista,novela naturalista,novela naturalista,novela naturalista,novela naturalista,novela naturalista
2638,subgenre-current,novela naturalista,other,80,,2,1,nh0178,other,other,other,other,other,other,other,other,other,other,other
2639,subgenre-current,novela naturalista,other,80,,2,1,nh0179,novela naturalista,novela naturalista,novela naturalista,novela naturalista,novela naturalista,novela naturalista,novela naturalista,novela naturalista,novela naturalista,novela naturalista,novela naturalista
2640,subgenre-current,novela naturalista,other,80,,2,1,nh0181,other,other,other,other,other,other,other,other,other,other,other
2641,subgenre-current,novela naturalista,other,80,,2,1,nh0182,other,other,other,other,other,other,other,other,other,other,other
2642,subgenre-current,novela naturalista,other,80,,2,1,nh0189,novela naturalista,novela naturalista,novela naturalista,novela naturalista,novela naturalista,novela naturalista,novela naturalista,novela naturalista,novela naturalista,novela naturalista,novela naturalista
2643,subgenre-current,novela naturalista,other,80,,2,1,nh0190,novela naturalista,novela naturalista,novela naturalista,novela naturalista,novela naturalista,novela naturalista,novela naturalista,novela naturalista,novela naturalista,novela naturalista,novela naturalista
2644,subgenre-current,novela naturalista,other,80,,2,1,nh0191,novela naturalista,novela naturalista,novela naturalista,novela naturalista,novela naturalista,novela naturalista,novela naturalista,novela naturalista,novela naturalista,novela naturalista,novela naturalista
2645,subgenre-current,novela naturalista,other,80,,2,1,nh0192,novela naturalista,novela naturalista,novela naturalista,novela naturalista,novela naturalista,novela naturalista,novela naturalista,novela naturalista,novela naturalista,novela naturalista,novela naturalista
2646,subgenre-current,novela naturalista,other,80,,2,1,nh0193,novela naturalista,novela naturalista,novela naturalista,novela naturalista,novela naturalista,novela naturalista,novela naturalista,novela naturalista,novela naturalista,novela naturalista,novela naturalista
2647,subgenre-current,novela naturalista,other,80,,2,1,nh0194,novela naturalista,novela naturalista,novela naturalista,novela naturalista,novela naturalista,novela naturalista,novela naturalista,novela naturalista,novela naturalista,novela naturalista,novela naturalista
2648,subgenre-current,novela naturalista,other,80,,2,1,nh0197,other,other,other,other,other,other,other,novela naturalista,other,other,other
2649,subgenre-current,novela naturalista,other,80,,2,1,nh0201,other,other,other,other,other,other,other,novela naturalista,other,other,other
2650,subgenre-current,novela naturalista,other,80,,2,1,nh0202,other,other,other,other,other,other,other,other,novela naturalista,other,other
2651,subgenre-current,novela naturalista,other,80,,2,1,nh0205,novela naturalista,novela naturalista,novela naturalista,novela naturalista,novela naturalista,novela naturalista,novela naturalista,novela naturalista,novela naturalista,novela naturalista,novela naturalista
2652,subgenre-current,novela naturalista,other,80,,2,1,nh0206,novela naturalista,novela naturalista,novela naturalista,novela naturalista,novela naturalista,novela naturalista,novela naturalista,novela naturalista,novela naturalista,other,novela naturalista
2653,subgenre-current,novela naturalista,other,80,,2,1,nh0217,novela naturalista,novela naturalista,novela naturalista,novela naturalista,novela naturalista,novela naturalista,novela naturalista,novela naturalista,novela naturalista,novela naturalista,novela naturalista
2654,subgenre-current,novela naturalista,other,80,,2,1,nh0219,other,other,other,other,other,other,other,other,other,other,other
2655,subgenre-current,novela naturalista,other,80,,2,1,nh0221,other,other,other,other,other,other,other,other,novela naturalista,other,other
2656,subgenre-current,novela naturalista,other,80,,2,1,nh0223,novela naturalista,novela naturalista,novela naturalista,novela naturalista,novela naturalista,novela naturalista,novela naturalista,novela naturalista,novela naturalista,novela naturalista,novela naturalista
2657,subgenre-current,novela naturalista,other,80,,2,1,nh0225,other,other,other,other,other,other,other,other,other,other,other
2658,subgenre-current,novela naturalista,other,80,,2,1,nh0229,novela naturalista,novela naturalista,novela naturalista,novela naturalista,novela naturalista,novela naturalista,novela naturalista,novela naturalista,novela naturalista,novela naturalista,novela naturalista
2659,subgenre-current,novela naturalista,other,80,,2,1,nh0230,other,other,other,other,other,other,other,other,other,other,other
2660,subgenre-current,novela naturalista,other,80,,2,1,nh0234,other,other,other,other,other,other,other,other,other,novela naturalista,other
2661,subgenre-current,novela naturalista,other,80,,2,1,nh0238,other,other,other,other,other,other,other,other,other,other,other
2662,subgenre-current,novela naturalista,other,80,,2,1,nh0244,other,other,other,other,other,other,other,other,other,other,other
2663,subgenre-current,novela naturalista,other,80,,2,1,nh0246,other,other,other,other,other,other,other,other,other,other,other
2664,subgenre-current,novela naturalista,other,80,,2,1,nh0247,other,other,other,other,other,other,other,other,other,other,other
2665,subgenre-current,novela naturalista,other,80,,2,1,nh0249,other,other,other,other,other,other,other,other,other,other,other
2666,subgenre-current,novela naturalista,other,80,,2,1,nh0250,other,other,other,other,other,other,other,other,other,other,other
2667,subgenre-current,novela naturalista,other,80,,2,1,nh0254,novela naturalista,novela naturalista,novela naturalista,novela naturalista,novela naturalista,novela naturalista,novela naturalista,novela naturalista,novela naturalista,novela naturalista,novela naturalista
2668,subgenre-current,novela naturalista,other,80,,2,1,nh0255,novela naturalista,novela naturalista,novela naturalista,novela naturalista,novela naturalista,novela naturalista,novela naturalista,novela naturalista,novela naturalista,novela naturalista,novela naturalista
2669,subgenre-current,novela naturalista,other,80,,2,1,nh0256,novela naturalista,novela naturalista,novela naturalista,novela naturalista,novela naturalista,novela naturalista,novela naturalista,novela naturalista,novela naturalista,novela naturalista,novela naturalista
2670,subgenre-current,novela naturalista,other,80,,3,1,nh0010,other,other,other,other,other,other,other,other,other,other,other
2671,subgenre-current,novela naturalista,other,80,,3,1,nh0011,novela naturalista,novela naturalista,novela naturalista,novela naturalista,novela naturalista,novela naturalista,novela naturalista,novela naturalista,novela naturalista,novela naturalista,novela naturalista
2672,subgenre-current,novela naturalista,other,80,,3,1,nh0012,novela naturalista,novela naturalista,novela naturalista,novela naturalista,novela naturalista,novela naturalista,novela naturalista,novela naturalista,novela naturalista,novela naturalista,novela naturalista
2673,subgenre-current,novela naturalista,other,80,,3,1,nh0013,novela naturalista,novela naturalista,novela naturalista,novela naturalista,novela naturalista,novela naturalista,novela naturalista,novela naturalista,novela naturalista,novela naturalista,novela naturalista
2674,subgenre-current,novela naturalista,other,80,,3,1,nh0019,novela naturalista,novela naturalista,novela naturalista,novela naturalista,novela naturalista,novela naturalista,novela naturalista,novela naturalista,novela naturalista,novela naturalista,novela naturalista
2675,subgenre-current,novela naturalista,other,80,,3,1,nh0021,other,novela naturalista,other,other,other,other,other,other,other,other,other
2676,subgenre-current,novela naturalista,other,80,,3,1,nh0022,novela naturalista,novela naturalista,novela naturalista,novela naturalista,novela naturalista,novela naturalista,novela naturalista,novela naturalista,novela naturalista,novela naturalista,novela naturalista
2677,subgenre-current,novela naturalista,other,80,,3,1,nh0025,other,other,other,other,other,other,other,other,other,other,other
2678,subgenre-current,novela naturalista,other,80,,3,1,nh0027,other,novela naturalista,other,other,other,other,other,other,other,other,other
2679,subgenre-current,novela naturalista,other,80,,3,1,nh0028,novela naturalista,novela naturalista,novela naturalista,novela naturalista,novela naturalista,novela naturalista,novela naturalista,novela naturalista,novela naturalista,novela naturalista,novela naturalista
2680,subgenre-current,novela naturalista,other,80,,3,1,nh0029,novela naturalista,novela naturalista,novela naturalista,novela naturalista,novela naturalista,novela naturalista,novela naturalista,novela naturalista,novela naturalista,novela naturalista,novela naturalista
2681,subgenre-current,novela naturalista,other,80,,3,1,nh0030,novela naturalista,novela naturalista,novela naturalista,novela naturalista,novela naturalista,novela naturalista,novela naturalista,novela naturalista,novela naturalista,novela naturalista,novela naturalista
2682,subgenre-current,novela naturalista,other,80,,3,1,nh0031,novela naturalista,novela naturalista,novela naturalista,novela naturalista,novela naturalista,novela naturalista,novela naturalista,novela naturalista,novela naturalista,novela naturalista,novela naturalista
2683,subgenre-current,novela naturalista,other,80,,3,1,nh0032,novela naturalista,novela naturalista,novela naturalista,novela naturalista,novela naturalista,novela naturalista,novela naturalista,novela naturalista,novela naturalista,novela naturalista,novela naturalista
2684,subgenre-current,novela naturalista,other,80,,3,1,nh0033,novela naturalista,novela naturalista,novela naturalista,novela naturalista,novela naturalista,novela naturalista,novela naturalista,novela naturalista,novela naturalista,novela naturalista,novela naturalista
2685,subgenre-current,novela naturalista,other,80,,3,1,nh0034,novela naturalista,novela naturalista,novela naturalista,novela naturalista,novela naturalista,novela naturalista,novela naturalista,novela naturalista,novela naturalista,novela naturalista,novela naturalista
2686,subgenre-current,novela naturalista,other,80,,3,1,nh0035,other,other,other,other,other,other,other,other,other,other,other
2687,subgenre-current,novela naturalista,other,80,,3,1,nh0036,other,other,other,other,other,other,other,other,other,other,other
2688,subgenre-current,novela naturalista,other,80,,3,1,nh0038,novela naturalista,novela naturalista,novela naturalista,novela naturalista,novela naturalista,novela naturalista,novela naturalista,novela naturalista,novela naturalista,novela naturalista,novela naturalista
2689,subgenre-current,novela naturalista,other,80,,3,1,nh0039,novela naturalista,novela naturalista,novela naturalista,novela naturalista,novela naturalista,novela naturalista,novela naturalista,novela naturalista,novela naturalista,novela naturalista,novela naturalista
2690,subgenre-current,novela naturalista,other,80,,3,1,nh0044,other,other,novela naturalista,other,other,other,other,other,other,other,other
2691,subgenre-current,novela naturalista,other,80,,3,1,nh0049,other,other,other,other,other,other,other,other,other,other,other
2692,subgenre-current,novela naturalista,other,80,,3,1,nh0050,other,other,novela naturalista,other,other,other,other,other,other,other,other
2693,subgenre-current,novela naturalista,other,80,,3,1,nh0057,novela naturalista,novela naturalista,novela naturalista,novela naturalista,novela naturalista,novela naturalista,novela naturalista,novela naturalista,novela naturalista,novela naturalista,novela naturalista
2694,subgenre-current,novela naturalista,other,80,,3,1,nh0058,novela naturalista,novela naturalista,novela naturalista,novela naturalista,novela naturalista,novela naturalista,novela naturalista,novela naturalista,novela naturalista,novela naturalista,novela naturalista
2695,subgenre-current,novela naturalista,other,80,,3,1,nh0059,novela naturalista,novela naturalista,novela naturalista,novela naturalista,novela naturalista,novela naturalista,novela naturalista,novela naturalista,novela naturalista,novela naturalista,novela naturalista
2696,subgenre-current,novela naturalista,other,80,,3,1,nh0060,novela naturalista,novela naturalista,novela naturalista,novela naturalista,novela naturalista,novela naturalista,novela naturalista,novela naturalista,novela naturalista,novela naturalista,novela naturalista
2697,subgenre-current,novela naturalista,other,80,,3,1,nh0062,other,other,novela naturalista,other,other,other,other,other,other,other,other
2698,subgenre-current,novela naturalista,other,80,,3,1,nh0063,other,other,other,novela naturalista,other,other,other,other,other,other,other
2699,subgenre-current,novela naturalista,other,80,,3,1,nh0074,novela naturalista,novela naturalista,novela naturalista,novela naturalista,novela naturalista,novela naturalista,novela naturalista,novela naturalista,novela naturalista,novela naturalista,novela naturalista
2700,subgenre-current,novela naturalista,other,80,,3,1,nh0076,novela naturalista,novela naturalista,novela naturalista,novela naturalista,novela naturalista,novela naturalista,novela naturalista,novela naturalista,novela naturalista,novela naturalista,novela naturalista
2701,subgenre-current,novela naturalista,other,80,,3,1,nh0080,novela naturalista,novela naturalista,novela naturalista,novela naturalista,novela naturalista,novela naturalista,novela naturalista,novela naturalista,novela naturalista,novela naturalista,novela naturalista
2702,subgenre-current,novela naturalista,other,80,,3,1,nh0084,other,other,other,novela naturalista,other,other,other,other,other,other,other
2703,subgenre-current,novela naturalista,other,80,,3,1,nh0088,novela naturalista,novela naturalista,novela naturalista,novela naturalista,novela naturalista,novela naturalista,novela naturalista,novela naturalista,novela naturalista,novela naturalista,novela naturalista
2704,subgenre-current,novela naturalista,other,80,,3,1,nh0089,other,other,other,novela naturalista,other,other,other,other,other,other,other
2705,subgenre-current,novela naturalista,other,80,,3,1,nh0090,novela naturalista,novela naturalista,novela naturalista,novela naturalista,novela naturalista,novela naturalista,other,novela naturalista,novela naturalista,novela naturalista,novela naturalista
2706,subgenre-current,novela naturalista,other,80,,3,1,nh0095,other,other,other,other,other,other,other,other,other,other,other
2707,subgenre-current,novela naturalista,other,80,,3,1,nh0102,other,other,other,other,other,other,other,other,other,other,other
2708,subgenre-current,novela naturalista,other,80,,3,1,nh0105,other,other,other,other,other,other,other,other,other,other,other
2709,subgenre-current,novela naturalista,other,80,,3,1,nh0109,novela naturalista,novela naturalista,novela naturalista,novela naturalista,novela naturalista,novela naturalista,novela naturalista,novela naturalista,novela naturalista,novela naturalista,novela naturalista
2710,subgenre-current,novela naturalista,other,80,,3,1,nh0114,novela naturalista,novela naturalista,novela naturalista,novela naturalista,novela naturalista,novela naturalista,novela naturalista,novela naturalista,novela naturalista,novela naturalista,novela naturalista
2711,subgenre-current,novela naturalista,other,80,,3,1,nh0116,other,other,other,other,other,other,other,other,other,other,other
2712,subgenre-current,novela naturalista,other,80,,3,1,nh0118,other,other,other,other,novela naturalista,other,other,other,other,other,other
2713,subgenre-current,novela naturalista,other,80,,3,1,nh0136,novela naturalista,novela naturalista,novela naturalista,novela naturalista,novela naturalista,novela naturalista,novela naturalista,novela naturalista,novela naturalista,novela naturalista,novela naturalista
2714,subgenre-current,novela naturalista,other,80,,3,1,nh0140,other,other,other,other,other,other,other,other,other,other,other
2715,subgenre-current,novela naturalista,other,80,,3,1,nh0142,other,other,other,other,other,other,other,other,other,other,other
2716,subgenre-current,novela naturalista,other,80,,3,1,nh0143,other,other,other,other,other,other,other,other,other,other,other
2717,subgenre-current,novela naturalista,other,80,,3,1,nh0145,other,other,other,other,other,novela naturalista,other,other,other,other,other
2718,subgenre-current,novela naturalista,other,80,,3,1,nh0148,other,other,other,other,other,novela naturalista,other,other,other,other,other
2719,subgenre-current,novela naturalista,other,80,,3,1,nh0155,novela naturalista,novela naturalista,novela naturalista,novela naturalista,novela naturalista,novela naturalista,novela naturalista,novela naturalista,novela naturalista,novela naturalista,novela naturalista
2720,subgenre-current,novela naturalista,other,80,,3,1,nh0159,other,other,other,other,other,other,other,other,other,other,other
2721,subgenre-current,novela naturalista,other,80,,3,1,nh0162,other,other,other,other,other,novela naturalista,other,other,other,other,other
2722,subgenre-current,novela naturalista,other,80,,3,1,nh0163,novela naturalista,novela naturalista,novela naturalista,novela naturalista,novela naturalista,novela naturalista,novela naturalista,novela naturalista,novela naturalista,novela naturalista,novela naturalista
2723,subgenre-current,novela naturalista,other,80,,3,1,nh0164,novela naturalista,novela naturalista,novela naturalista,novela naturalista,novela naturalista,novela naturalista,novela naturalista,novela naturalista,novela naturalista,novela naturalista,novela naturalista
2724,subgenre-current,novela naturalista,other,80,,3,1,nh0165,other,other,other,other,other,other,other,other,other,other,other
2725,subgenre-current,novela naturalista,other,80,,3,1,nh0167,other,other,other,other,other,other,other,other,other,other,other
2726,subgenre-current,novela naturalista,other,80,,3,1,nh0171,other,other,other,other,other,other,other,other,other,other,other
2727,subgenre-current,novela naturalista,other,80,,3,1,nh0174,other,other,other,other,other,other,other,other,other,other,other
2728,subgenre-current,novela naturalista,other,80,,3,1,nh0177,novela naturalista,novela naturalista,novela naturalista,novela naturalista,novela naturalista,novela naturalista,novela naturalista,novela naturalista,novela naturalista,novela naturalista,novela naturalista
2729,subgenre-current,novela naturalista,other,80,,3,1,nh0179,novela naturalista,novela naturalista,novela naturalista,novela naturalista,novela naturalista,novela naturalista,novela naturalista,novela naturalista,novela naturalista,novela naturalista,novela naturalista
2730,subgenre-current,novela naturalista,other,80,,3,1,nh0189,novela naturalista,novela naturalista,novela naturalista,novela naturalista,novela naturalista,novela naturalista,novela naturalista,novela naturalista,novela naturalista,novela naturalista,novela naturalista
2731,subgenre-current,novela naturalista,other,80,,3,1,nh0190,novela naturalista,novela naturalista,novela naturalista,novela naturalista,novela naturalista,novela naturalista,novela naturalista,novela naturalista,novela naturalista,novela naturalista,novela naturalista
2732,subgenre-current,novela naturalista,other,80,,3,1,nh0191,novela naturalista,novela naturalista,novela naturalista,novela naturalista,novela naturalista,novela naturalista,novela naturalista,novela naturalista,novela naturalista,novela naturalista,novela naturalista
2733,subgenre-current,novela naturalista,other,80,,3,1,nh0192,novela naturalista,novela naturalista,novela naturalista,novela naturalista,novela naturalista,novela naturalista,novela naturalista,novela naturalista,novela naturalista,novela naturalista,novela naturalista
2734,subgenre-current,novela naturalista,other,80,,3,1,nh0193,novela naturalista,novela naturalista,novela naturalista,novela naturalista,novela naturalista,novela naturalista,novela naturalista,novela naturalista,novela naturalista,novela naturalista,novela naturalista
2735,subgenre-current,novela naturalista,other,80,,3,1,nh0194,novela naturalista,novela naturalista,novela naturalista,novela naturalista,novela naturalista,novela naturalista,novela naturalista,novela naturalista,novela naturalista,novela naturalista,novela naturalista
2736,subgenre-current,novela naturalista,other,80,,3,1,nh0201,other,other,other,other,other,other,other,other,other,other,other
2737,subgenre-current,novela naturalista,other,80,,3,1,nh0203,other,other,other,other,other,other,other,other,other,other,other
2738,subgenre-current,novela naturalista,other,80,,3,1,nh0204,other,other,other,other,other,other,other,novela naturalista,other,other,other
2739,subgenre-current,novela naturalista,other,80,,3,1,nh0205,novela naturalista,novela naturalista,novela naturalista,novela naturalista,novela naturalista,novela naturalista,novela naturalista,novela naturalista,novela naturalista,novela naturalista,novela naturalista
2740,subgenre-current,novela naturalista,other,80,,3,1,nh0206,novela naturalista,novela naturalista,novela naturalista,novela naturalista,novela naturalista,novela naturalista,novela naturalista,novela naturalista,novela naturalista,other,novela naturalista
2741,subgenre-current,novela naturalista,other,80,,3,1,nh0208,other,other,other,other,other,other,other,novela naturalista,other,other,other
2742,subgenre-current,novela naturalista,other,80,,3,1,nh0210,other,other,other,other,other,other,other,other,other,other,other
2743,subgenre-current,novela naturalista,other,80,,3,1,nh0214,other,other,other,other,other,other,other,other,other,other,other
2744,subgenre-current,novela naturalista,other,80,,3,1,nh0217,novela naturalista,novela naturalista,novela naturalista,novela naturalista,novela naturalista,novela naturalista,novela naturalista,novela naturalista,novela naturalista,novela naturalista,novela naturalista
2745,subgenre-current,novela naturalista,other,80,,3,1,nh0221,other,other,other,other,other,other,other,other,other,other,other
2746,subgenre-current,novela naturalista,other,80,,3,1,nh0223,novela naturalista,novela naturalista,novela naturalista,novela naturalista,novela naturalista,novela naturalista,novela naturalista,novela naturalista,novela naturalista,novela naturalista,novela naturalista
2747,subgenre-current,novela naturalista,other,80,,3,1,nh0224,other,other,other,other,other,other,other,other,other,other,other
2748,subgenre-current,novela naturalista,other,80,,3,1,nh0226,other,other,other,other,other,other,other,other,other,other,other
2749,subgenre-current,novela naturalista,other,80,,3,1,nh0229,novela naturalista,novela naturalista,novela naturalista,novela naturalista,novela naturalista,novela naturalista,novela naturalista,novela naturalista,novela naturalista,novela naturalista,novela naturalista
2750,subgenre-current,novela naturalista,other,80,,3,1,nh0234,other,other,other,other,other,other,other,other,other,other,other
2751,subgenre-current,novela naturalista,other,80,,3,1,nh0239,other,other,other,other,other,other,other,other,other,other,other
2752,subgenre-current,novela naturalista,other,80,,3,1,nh0246,other,other,other,other,other,other,other,other,other,other,other
2753,subgenre-current,novela naturalista,other,80,,3,1,nh0247,other,other,other,other,other,other,other,other,other,other,other
2754,subgenre-current,novela naturalista,other,80,,3,1,nh0248,other,other,other,other,other,other,other,other,other,other,novela naturalista
2755,subgenre-current,novela naturalista,other,80,,3,1,nh0249,other,other,other,other,other,other,other,other,other,other,other
2756,subgenre-current,novela naturalista,other,80,,3,1,nh0250,other,other,other,other,other,other,other,other,other,other,other
2757,subgenre-current,novela naturalista,other,80,,3,1,nh0254,novela naturalista,novela naturalista,novela naturalista,novela naturalista,novela naturalista,novela naturalista,novela naturalista,novela naturalista,novela naturalista,novela naturalista,novela naturalista
2758,subgenre-current,novela naturalista,other,80,,3,1,nh0255,novela naturalista,novela naturalista,novela naturalista,novela naturalista,novela naturalista,novela naturalista,novela naturalista,novela naturalista,novela naturalista,novela naturalista,novela naturalista
2759,subgenre-current,novela naturalista,other,80,,3,1,nh0256,novela naturalista,novela naturalista,novela naturalista,novela naturalista,novela naturalista,novela naturalista,novela naturalista,novela naturalista,novela naturalista,novela naturalista,novela naturalista
2760,subgenre-current,novela naturalista,other,80,,4,1,nh0005,other,other,other,other,other,other,other,other,other,other,other
2761,subgenre-current,novela naturalista,other,80,,4,1,nh0007,other,other,other,other,other,other,other,other,other,other,other
2762,subgenre-current,novela naturalista,other,80,,4,1,nh0008,other,novela naturalista,other,other,other,other,other,other,other,other,other
2763,subgenre-current,novela naturalista,other,80,,4,1,nh0009,other,other,other,other,other,other,other,other,other,other,other
2764,subgenre-current,novela naturalista,other,80,,4,1,nh0011,novela naturalista,novela naturalista,novela naturalista,novela naturalista,novela naturalista,novela naturalista,novela naturalista,novela naturalista,novela naturalista,novela naturalista,novela naturalista
2765,subgenre-current,novela naturalista,other,80,,4,1,nh0012,novela naturalista,novela naturalista,novela naturalista,novela naturalista,novela naturalista,novela naturalista,novela naturalista,novela naturalista,novela naturalista,novela naturalista,novela naturalista
2766,subgenre-current,novela naturalista,other,80,,4,1,nh0013,novela naturalista,other,novela naturalista,novela naturalista,novela naturalista,novela naturalista,novela naturalista,novela naturalista,novela naturalista,novela naturalista,novela naturalista
2767,subgenre-current,novela naturalista,other,80,,4,1,nh0015,other,other,other,other,other,other,other,other,other,other,other
2768,subgenre-current,novela naturalista,other,80,,4,1,nh0017,other,other,other,other,other,other,other,other,other,other,other
2769,subgenre-current,novela naturalista,other,80,,4,1,nh0019,novela naturalista,novela naturalista,novela naturalista,novela naturalista,novela naturalista,novela naturalista,novela naturalista,novela naturalista,novela naturalista,novela naturalista,novela naturalista
2770,subgenre-current,novela naturalista,other,80,,4,1,nh0021,other,other,other,other,other,other,other,other,other,other,other
2771,subgenre-current,novela naturalista,other,80,,4,1,nh0022,novela naturalista,novela naturalista,other,novela naturalista,novela naturalista,novela naturalista,novela naturalista,novela naturalista,novela naturalista,novela naturalista,novela naturalista
2772,subgenre-current,novela naturalista,other,80,,4,1,nh0023,other,other,other,other,other,other,other,other,other,other,other
2773,subgenre-current,novela naturalista,other,80,,4,1,nh0024,other,other,other,other,other,other,other,other,other,other,other
2774,subgenre-current,novela naturalista,other,80,,4,1,nh0027,other,other,novela naturalista,other,other,other,other,other,other,other,other
2775,subgenre-current,novela naturalista,other,80,,4,1,nh0028,novela naturalista,novela naturalista,novela naturalista,novela naturalista,novela naturalista,novela naturalista,novela naturalista,novela naturalista,novela naturalista,novela naturalista,novela naturalista
2776,subgenre-current,novela naturalista,other,80,,4,1,nh0029,novela naturalista,novela naturalista,novela naturalista,novela naturalista,novela naturalista,novela naturalista,novela naturalista,novela naturalista,novela naturalista,novela naturalista,novela naturalista
2777,subgenre-current,novela naturalista,other,80,,4,1,nh0030,novela naturalista,novela naturalista,novela naturalista,novela naturalista,novela naturalista,novela naturalista,novela naturalista,novela naturalista,novela naturalista,novela naturalista,novela naturalista
2778,subgenre-current,novela naturalista,other,80,,4,1,nh0031,novela naturalista,novela naturalista,novela naturalista,novela naturalista,novela naturalista,novela naturalista,novela naturalista,novela naturalista,novela naturalista,novela naturalista,novela naturalista
2779,subgenre-current,novela naturalista,other,80,,4,1,nh0032,novela naturalista,novela naturalista,novela naturalista,novela naturalista,novela naturalista,novela naturalista,novela naturalista,novela naturalista,novela naturalista,novela naturalista,novela naturalista
2780,subgenre-current,novela naturalista,other,80,,4,1,nh0033,novela naturalista,novela naturalista,novela naturalista,novela naturalista,novela naturalista,novela naturalista,novela naturalista,novela naturalista,novela naturalista,novela naturalista,novela naturalista
2781,subgenre-current,novela naturalista,other,80,,4,1,nh0034,novela naturalista,novela naturalista,novela naturalista,novela naturalista,novela naturalista,novela naturalista,novela naturalista,novela naturalista,novela naturalista,novela naturalista,novela naturalista
2782,subgenre-current,novela naturalista,other,80,,4,1,nh0035,other,other,other,other,other,other,other,other,other,other,other
2783,subgenre-current,novela naturalista,other,80,,4,1,nh0038,novela naturalista,novela naturalista,novela naturalista,novela naturalista,novela naturalista,novela naturalista,novela naturalista,novela naturalista,novela naturalista,novela naturalista,novela naturalista
2784,subgenre-current,novela naturalista,other,80,,4,1,nh0039,novela naturalista,novela naturalista,novela naturalista,novela naturalista,novela naturalista,novela naturalista,novela naturalista,novela naturalista,novela naturalista,novela naturalista,novela naturalista
2785,subgenre-current,novela naturalista,other,80,,4,1,nh0040,other,other,other,other,other,other,other,other,other,other,other
2786,subgenre-current,novela naturalista,other,80,,4,1,nh0046,other,other,other,novela naturalista,other,other,other,other,other,other,other
2787,subgenre-current,novela naturalista,other,80,,4,1,nh0047,other,other,other,novela naturalista,other,other,other,other,other,other,other
2788,subgenre-current,novela naturalista,other,80,,4,1,nh0049,other,other,other,other,other,other,other,other,other,other,other
2789,subgenre-current,novela naturalista,other,80,,4,1,nh0050,other,other,other,other,other,other,other,other,other,other,other
2790,subgenre-current,novela naturalista,other,80,,4,1,nh0054,other,other,other,other,other,other,other,other,other,other,other
2791,subgenre-current,novela naturalista,other,80,,4,1,nh0055,other,other,other,other,other,other,other,other,other,other,other
2792,subgenre-current,novela naturalista,other,80,,4,1,nh0057,novela naturalista,novela naturalista,novela naturalista,novela naturalista,novela naturalista,novela naturalista,novela naturalista,novela naturalista,novela naturalista,novela naturalista,novela naturalista
2793,subgenre-current,novela naturalista,other,80,,4,1,nh0058,novela naturalista,novela naturalista,novela naturalista,novela naturalista,novela naturalista,novela naturalista,novela naturalista,novela naturalista,novela naturalista,novela naturalista,novela naturalista
2794,subgenre-current,novela naturalista,other,80,,4,1,nh0059,novela naturalista,novela naturalista,novela naturalista,novela naturalista,novela naturalista,novela naturalista,novela naturalista,novela naturalista,novela naturalista,novela naturalista,novela naturalista
2795,subgenre-current,novela naturalista,other,80,,4,1,nh0060,novela naturalista,novela naturalista,novela naturalista,novela naturalista,novela naturalista,novela naturalista,novela naturalista,novela naturalista,novela naturalista,novela naturalista,novela naturalista
2796,subgenre-current,novela naturalista,other,80,,4,1,nh0061,other,other,other,other,other,other,other,other,other,other,other
2797,subgenre-current,novela naturalista,other,80,,4,1,nh0068,other,other,other,other,other,other,other,other,other,other,other
2798,subgenre-current,novela naturalista,other,80,,4,1,nh0069,other,other,other,other,other,other,other,other,other,other,other
2799,subgenre-current,novela naturalista,other,80,,4,1,nh0074,novela naturalista,novela naturalista,novela naturalista,novela naturalista,novela naturalista,novela naturalista,novela naturalista,novela naturalista,novela naturalista,novela naturalista,novela naturalista
2800,subgenre-current,novela naturalista,other,80,,4,1,nh0075,other,other,other,other,other,other,other,other,other,other,other
2801,subgenre-current,novela naturalista,other,80,,4,1,nh0076,novela naturalista,novela naturalista,novela naturalista,novela naturalista,novela naturalista,novela naturalista,novela naturalista,novela naturalista,novela naturalista,novela naturalista,novela naturalista
2802,subgenre-current,novela naturalista,other,80,,4,1,nh0080,novela naturalista,novela naturalista,novela naturalista,novela naturalista,novela naturalista,novela naturalista,novela naturalista,novela naturalista,novela naturalista,novela naturalista,novela naturalista
2803,subgenre-current,novela naturalista,other,80,,4,1,nh0082,other,other,other,other,other,novela naturalista,other,other,other,other,other
2804,subgenre-current,novela naturalista,other,80,,4,1,nh0085,other,other,other,other,other,other,other,other,other,other,other
2805,subgenre-current,novela naturalista,other,80,,4,1,nh0088,novela naturalista,novela naturalista,novela naturalista,novela naturalista,novela naturalista,novela naturalista,novela naturalista,novela naturalista,novela naturalista,novela naturalista,novela naturalista
2806,subgenre-current,novela naturalista,other,80,,4,1,nh0090,novela naturalista,novela naturalista,novela naturalista,novela naturalista,novela naturalista,novela naturalista,other,novela naturalista,novela naturalista,novela naturalista,novela naturalista
2807,subgenre-current,novela naturalista,other,80,,4,1,nh0094,other,other,other,other,other,other,other,other,other,other,other
2808,subgenre-current,novela naturalista,other,80,,4,1,nh0096,other,other,other,other,other,other,other,other,other,other,other
2809,subgenre-current,novela naturalista,other,80,,4,1,nh0098,other,other,other,other,other,other,other,other,other,other,other
2810,subgenre-current,novela naturalista,other,80,,4,1,nh0108,other,other,other,other,other,other,other,other,other,other,other
2811,subgenre-current,novela naturalista,other,80,,4,1,nh0109,novela naturalista,novela naturalista,novela naturalista,novela naturalista,novela naturalista,novela naturalista,novela naturalista,novela naturalista,novela naturalista,novela naturalista,novela naturalista
2812,subgenre-current,novela naturalista,other,80,,4,1,nh0111,other,other,other,other,other,other,other,other,other,other,other
2813,subgenre-current,novela naturalista,other,80,,4,1,nh0114,novela naturalista,novela naturalista,novela naturalista,novela naturalista,novela naturalista,novela naturalista,novela naturalista,novela naturalista,novela naturalista,novela naturalista,novela naturalista
2814,subgenre-current,novela naturalista,other,80,,4,1,nh0118,other,other,other,other,other,other,other,novela naturalista,other,other,other
2815,subgenre-current,novela naturalista,other,80,,4,1,nh0119,other,other,other,other,other,other,other,other,other,other,other
2816,subgenre-current,novela naturalista,other,80,,4,1,nh0136,novela naturalista,novela naturalista,novela naturalista,novela naturalista,novela naturalista,novela naturalista,novela naturalista,novela naturalista,novela naturalista,novela naturalista,novela naturalista
2817,subgenre-current,novela naturalista,other,80,,4,1,nh0141,other,other,other,other,other,other,other,other,other,other,other
2818,subgenre-current,novela naturalista,other,80,,4,1,nh0142,other,other,other,other,other,other,other,other,other,other,other
2819,subgenre-current,novela naturalista,other,80,,4,1,nh0144,other,other,other,other,other,other,other,other,other,other,other
2820,subgenre-current,novela naturalista,other,80,,4,1,nh0145,other,other,other,other,other,other,other,other,novela naturalista,other,other
2821,subgenre-current,novela naturalista,other,80,,4,1,nh0149,other,other,other,other,other,other,other,other,other,other,other
2822,subgenre-current,novela naturalista,other,80,,4,1,nh0155,novela naturalista,novela naturalista,novela naturalista,novela naturalista,novela naturalista,novela naturalista,novela naturalista,novela naturalista,novela naturalista,novela naturalista,novela naturalista
2823,subgenre-current,novela naturalista,other,80,,4,1,nh0156,other,other,other,other,other,other,other,other,other,other,other
2824,subgenre-current,novela naturalista,other,80,,4,1,nh0163,novela naturalista,novela naturalista,novela naturalista,novela naturalista,novela naturalista,novela naturalista,novela naturalista,novela naturalista,novela naturalista,novela naturalista,novela naturalista
2825,subgenre-current,novela naturalista,other,80,,4,1,nh0164,novela naturalista,novela naturalista,novela naturalista,novela naturalista,novela naturalista,novela naturalista,novela naturalista,novela naturalista,novela naturalista,novela naturalista,novela naturalista
2826,subgenre-current,novela naturalista,other,80,,4,1,nh0172,other,other,other,other,other,other,other,other,other,other,other
2827,subgenre-current,novela naturalista,other,80,,4,1,nh0177,novela naturalista,novela naturalista,novela naturalista,novela naturalista,novela naturalista,novela naturalista,novela naturalista,novela naturalista,novela naturalista,novela naturalista,novela naturalista
2828,subgenre-current,novela naturalista,other,80,,4,1,nh0179,novela naturalista,novela naturalista,novela naturalista,novela naturalista,novela naturalista,novela naturalista,novela naturalista,novela naturalista,novela naturalista,novela naturalista,novela naturalista
2829,subgenre-current,novela naturalista,other,80,,4,1,nh0189,novela naturalista,novela naturalista,novela naturalista,novela naturalista,novela naturalista,novela naturalista,novela naturalista,novela naturalista,novela naturalista,novela naturalista,novela naturalista
2830,subgenre-current,novela naturalista,other,80,,4,1,nh0190,novela naturalista,novela naturalista,novela naturalista,novela naturalista,novela naturalista,novela naturalista,novela naturalista,novela naturalista,novela naturalista,novela naturalista,novela naturalista
2831,subgenre-current,novela naturalista,other,80,,4,1,nh0191,novela naturalista,novela naturalista,novela naturalista,novela naturalista,novela naturalista,novela naturalista,novela naturalista,novela naturalista,novela naturalista,novela naturalista,novela naturalista
2832,subgenre-current,novela naturalista,other,80,,4,1,nh0192,novela naturalista,novela naturalista,novela naturalista,novela naturalista,novela naturalista,novela naturalista,novela naturalista,novela naturalista,novela naturalista,novela naturalista,novela naturalista
2833,subgenre-current,novela naturalista,other,80,,4,1,nh0193,novela naturalista,novela naturalista,novela naturalista,novela naturalista,novela naturalista,novela naturalista,novela naturalista,novela naturalista,novela naturalista,novela naturalista,novela naturalista
2834,subgenre-current,novela naturalista,other,80,,4,1,nh0194,novela naturalista,novela naturalista,novela naturalista,novela naturalista,novela naturalista,novela naturalista,novela naturalista,novela naturalista,novela naturalista,novela naturalista,novela naturalista
2835,subgenre-current,novela naturalista,other,80,,4,1,nh0195,other,other,other,other,other,other,other,other,other,other,other
2836,subgenre-current,novela naturalista,other,80,,4,1,nh0205,novela naturalista,novela naturalista,novela naturalista,novela naturalista,novela naturalista,novela naturalista,novela naturalista,novela naturalista,novela naturalista,novela naturalista,novela naturalista
2837,subgenre-current,novela naturalista,other,80,,4,1,nh0206,novela naturalista,novela naturalista,novela naturalista,novela naturalista,novela naturalista,novela naturalista,novela naturalista,novela naturalista,novela naturalista,other,novela naturalista
2838,subgenre-current,novela naturalista,other,80,,4,1,nh0208,other,other,other,other,other,other,other,other,other,other,other
2839,subgenre-current,novela naturalista,other,80,,4,1,nh0217,novela naturalista,novela naturalista,novela naturalista,novela naturalista,novela naturalista,novela naturalista,novela naturalista,novela naturalista,novela naturalista,other,novela naturalista
2840,subgenre-current,novela naturalista,other,80,,4,1,nh0223,novela naturalista,novela naturalista,novela naturalista,novela naturalista,novela naturalista,novela naturalista,novela naturalista,novela naturalista,novela naturalista,novela naturalista,novela naturalista
2841,subgenre-current,novela naturalista,other,80,,4,1,nh0226,other,other,other,other,other,other,other,other,other,other,other
2842,subgenre-current,novela naturalista,other,80,,4,1,nh0229,novela naturalista,novela naturalista,novela naturalista,novela naturalista,novela naturalista,novela naturalista,novela naturalista,novela naturalista,novela naturalista,novela naturalista,other
2843,subgenre-current,novela naturalista,other,80,,4,1,nh0239,other,other,other,other,other,other,other,other,other,other,novela naturalista
2844,subgenre-current,novela naturalista,other,80,,4,1,nh0240,other,other,other,other,other,other,other,other,other,other,novela naturalista
2845,subgenre-current,novela naturalista,other,80,,4,1,nh0244,other,other,other,other,other,other,other,other,other,other,other
2846,subgenre-current,novela naturalista,other,80,,4,1,nh0249,other,other,other,other,other,other,other,other,other,other,other
2847,subgenre-current,novela naturalista,other,80,,4,1,nh0254,novela naturalista,novela naturalista,novela naturalista,novela naturalista,novela naturalista,novela naturalista,novela naturalista,novela naturalista,novela naturalista,novela naturalista,novela naturalista
2848,subgenre-current,novela naturalista,other,80,,4,1,nh0255,novela naturalista,novela naturalista,novela naturalista,novela naturalista,novela naturalista,novela naturalista,novela naturalista,novela naturalista,novela naturalista,novela naturalista,novela naturalista
2849,subgenre-current,novela naturalista,other,80,,4,1,nh0256,novela naturalista,novela naturalista,novela naturalista,novela naturalista,novela naturalista,novela naturalista,novela naturalista,novela naturalista,novela naturalista,novela naturalista,novela naturalista
2850,subgenre-current,novela naturalista,other,80,,5,1,nh0009,other,other,other,other,other,other,other,other,other,other,other
2851,subgenre-current,novela naturalista,other,80,,5,1,nh0011,novela naturalista,novela naturalista,novela naturalista,novela naturalista,novela naturalista,novela naturalista,novela naturalista,novela naturalista,novela naturalista,novela naturalista,novela naturalista
2852,subgenre-current,novela naturalista,other,80,,5,1,nh0012,novela naturalista,novela naturalista,novela naturalista,novela naturalista,novela naturalista,novela naturalista,novela naturalista,novela naturalista,novela naturalista,novela naturalista,novela naturalista
2853,subgenre-current,novela naturalista,other,80,,5,1,nh0013,novela naturalista,novela naturalista,novela naturalista,novela naturalista,novela naturalista,novela naturalista,novela naturalista,novela naturalista,novela naturalista,novela naturalista,novela naturalista
2854,subgenre-current,novela naturalista,other,80,,5,1,nh0015,other,novela naturalista,other,other,other,other,other,other,other,other,other
2855,subgenre-current,novela naturalista,other,80,,5,1,nh0019,novela naturalista,novela naturalista,novela naturalista,novela naturalista,novela naturalista,novela naturalista,novela naturalista,novela naturalista,novela naturalista,novela naturalista,novela naturalista
2856,subgenre-current,novela naturalista,other,80,,5,1,nh0022,novela naturalista,novela naturalista,other,novela naturalista,novela naturalista,novela naturalista,novela naturalista,novela naturalista,novela naturalista,novela naturalista,novela naturalista
2857,subgenre-current,novela naturalista,other,80,,5,1,nh0028,novela naturalista,novela naturalista,novela naturalista,novela naturalista,novela naturalista,novela naturalista,novela naturalista,novela naturalista,novela naturalista,novela naturalista,novela naturalista
2858,subgenre-current,novela naturalista,other,80,,5,1,nh0029,novela naturalista,novela naturalista,novela naturalista,novela naturalista,novela naturalista,novela naturalista,novela naturalista,novela naturalista,novela naturalista,novela naturalista,novela naturalista
2859,subgenre-current,novela naturalista,other,80,,5,1,nh0030,novela naturalista,novela naturalista,novela naturalista,novela naturalista,novela naturalista,novela naturalista,novela naturalista,novela naturalista,novela naturalista,novela naturalista,novela naturalista
2860,subgenre-current,novela naturalista,other,80,,5,1,nh0031,novela naturalista,novela naturalista,novela naturalista,novela naturalista,novela naturalista,novela naturalista,novela naturalista,novela naturalista,novela naturalista,novela naturalista,novela naturalista
2861,subgenre-current,novela naturalista,other,80,,5,1,nh0032,novela naturalista,novela naturalista,novela naturalista,novela naturalista,novela naturalista,novela naturalista,novela naturalista,novela naturalista,novela naturalista,novela naturalista,novela naturalista
2862,subgenre-current,novela naturalista,other,80,,5,1,nh0033,novela naturalista,novela naturalista,novela naturalista,novela naturalista,novela naturalista,novela naturalista,novela naturalista,novela naturalista,novela naturalista,novela naturalista,novela naturalista
2863,subgenre-current,novela naturalista,other,80,,5,1,nh0034,novela naturalista,novela naturalista,novela naturalista,novela naturalista,novela naturalista,novela naturalista,novela naturalista,novela naturalista,novela naturalista,novela naturalista,novela naturalista
2864,subgenre-current,novela naturalista,other,80,,5,1,nh0035,other,other,other,other,other,other,other,other,other,other,other
2865,subgenre-current,novela naturalista,other,80,,5,1,nh0037,other,other,other,other,other,other,other,other,other,other,other
2866,subgenre-current,novela naturalista,other,80,,5,1,nh0038,novela naturalista,novela naturalista,novela naturalista,novela naturalista,novela naturalista,novela naturalista,novela naturalista,novela naturalista,novela naturalista,novela naturalista,novela naturalista
2867,subgenre-current,novela naturalista,other,80,,5,1,nh0039,novela naturalista,novela naturalista,novela naturalista,novela naturalista,novela naturalista,novela naturalista,novela naturalista,novela naturalista,novela naturalista,novela naturalista,novela naturalista
2868,subgenre-current,novela naturalista,other,80,,5,1,nh0054,other,other,other,other,other,other,other,other,other,other,other
2869,subgenre-current,novela naturalista,other,80,,5,1,nh0057,novela naturalista,novela naturalista,novela naturalista,novela naturalista,novela naturalista,novela naturalista,novela naturalista,novela naturalista,novela naturalista,novela naturalista,novela naturalista
2870,subgenre-current,novela naturalista,other,80,,5,1,nh0058,novela naturalista,novela naturalista,novela naturalista,novela naturalista,novela naturalista,novela naturalista,novela naturalista,novela naturalista,novela naturalista,novela naturalista,novela naturalista
2871,subgenre-current,novela naturalista,other,80,,5,1,nh0059,novela naturalista,novela naturalista,novela naturalista,novela naturalista,novela naturalista,novela naturalista,novela naturalista,novela naturalista,novela naturalista,novela naturalista,novela naturalista
2872,subgenre-current,novela naturalista,other,80,,5,1,nh0060,novela naturalista,novela naturalista,novela naturalista,novela naturalista,novela naturalista,novela naturalista,novela naturalista,novela naturalista,novela naturalista,novela naturalista,novela naturalista
2873,subgenre-current,novela naturalista,other,80,,5,1,nh0064,other,other,other,other,other,other,other,other,other,other,other
2874,subgenre-current,novela naturalista,other,80,,5,1,nh0074,novela naturalista,novela naturalista,novela naturalista,novela naturalista,novela naturalista,novela naturalista,novela naturalista,novela naturalista,novela naturalista,novela naturalista,novela naturalista
2875,subgenre-current,novela naturalista,other,80,,5,1,nh0076,novela naturalista,novela naturalista,novela naturalista,novela naturalista,novela naturalista,novela naturalista,novela naturalista,novela naturalista,novela naturalista,novela naturalista,novela naturalista
2876,subgenre-current,novela naturalista,other,80,,5,1,nh0080,novela naturalista,novela naturalista,novela naturalista,novela naturalista,novela naturalista,novela naturalista,novela naturalista,novela naturalista,novela naturalista,novela naturalista,novela naturalista
2877,subgenre-current,novela naturalista,other,80,,5,1,nh0088,novela naturalista,novela naturalista,novela naturalista,novela naturalista,novela naturalista,novela naturalista,novela naturalista,novela naturalista,novela naturalista,novela naturalista,novela naturalista
2878,subgenre-current,novela naturalista,other,80,,5,1,nh0089,other,other,other,other,other,other,other,other,other,other,other
2879,subgenre-current,novela naturalista,other,80,,5,1,nh0090,novela naturalista,novela naturalista,novela naturalista,novela naturalista,novela naturalista,novela naturalista,other,novela naturalista,novela naturalista,novela naturalista,novela naturalista
2880,subgenre-current,novela naturalista,other,80,,5,1,nh0094,other,other,other,other,other,other,other,other,other,other,other
2881,subgenre-current,novela naturalista,other,80,,5,1,nh0096,other,other,other,other,other,other,other,other,other,other,other
2882,subgenre-current,novela naturalista,other,80,,5,1,nh0105,other,other,other,other,other,other,other,other,other,other,other
2883,subgenre-current,novela naturalista,other,80,,5,1,nh0109,novela naturalista,novela naturalista,novela naturalista,novela naturalista,novela naturalista,novela naturalista,novela naturalista,novela naturalista,novela naturalista,novela naturalista,novela naturalista
2884,subgenre-current,novela naturalista,other,80,,5,1,nh0114,novela naturalista,novela naturalista,novela naturalista,novela naturalista,novela naturalista,novela naturalista,novela naturalista,novela naturalista,novela naturalista,novela naturalista,novela naturalista
2885,subgenre-current,novela naturalista,other,80,,5,1,nh0115,other,other,other,other,other,other,other,other,other,other,other
2886,subgenre-current,novela naturalista,other,80,,5,1,nh0116,other,other,other,other,other,other,other,other,other,other,other
2887,subgenre-current,novela naturalista,other,80,,5,1,nh0117,other,other,other,other,other,other,other,other,other,other,other
2888,subgenre-current,novela naturalista,other,80,,5,1,nh0119,other,other,other,novela naturalista,other,other,other,other,other,other,other
2889,subgenre-current,novela naturalista,other,80,,5,1,nh0120,other,other,other,other,other,other,other,other,other,other,other
2890,subgenre-current,novela naturalista,other,80,,5,1,nh0121,other,other,other,other,novela naturalista,other,other,other,other,other,other
2891,subgenre-current,novela naturalista,other,80,,5,1,nh0127,other,other,other,other,novela naturalista,other,other,other,other,other,other
2892,subgenre-current,novela naturalista,other,80,,5,1,nh0133,other,other,other,other,novela naturalista,other,other,other,other,other,other
2893,subgenre-current,novela naturalista,other,80,,5,1,nh0136,novela naturalista,novela naturalista,novela naturalista,novela naturalista,novela naturalista,novela naturalista,novela naturalista,novela naturalista,novela naturalista,novela naturalista,novela naturalista
2894,subgenre-current,novela naturalista,other,80,,5,1,nh0138,other,other,other,other,other,other,other,other,other,other,other
2895,subgenre-current,novela naturalista,other,80,,5,1,nh0140,other,other,other,other,other,other,other,other,other,other,other
2896,subgenre-current,novela naturalista,other,80,,5,1,nh0144,other,other,other,other,other,other,other,other,other,other,other
2897,subgenre-current,novela naturalista,other,80,,5,1,nh0145,other,other,other,other,other,novela naturalista,other,other,other,other,other
2898,subgenre-current,novela naturalista,other,80,,5,1,nh0148,other,other,other,other,other,other,other,other,other,other,other
2899,subgenre-current,novela naturalista,other,80,,5,1,nh0149,other,other,other,other,other,other,other,other,other,other,other
2900,subgenre-current,novela naturalista,other,80,,5,1,nh0150,other,other,other,other,other,other,other,other,other,other,other
2901,subgenre-current,novela naturalista,other,80,,5,1,nh0152,other,other,other,other,other,other,other,other,other,other,other
2902,subgenre-current,novela naturalista,other,80,,5,1,nh0155,novela naturalista,novela naturalista,novela naturalista,novela naturalista,novela naturalista,novela naturalista,novela naturalista,novela naturalista,novela naturalista,novela naturalista,novela naturalista
2903,subgenre-current,novela naturalista,other,80,,5,1,nh0156,other,other,other,other,other,other,other,other,other,other,other
2904,subgenre-current,novela naturalista,other,80,,5,1,nh0157,other,other,other,other,other,other,other,other,other,other,other
2905,subgenre-current,novela naturalista,other,80,,5,1,nh0159,other,other,other,other,other,other,other,other,other,other,other
2906,subgenre-current,novela naturalista,other,80,,5,1,nh0163,novela naturalista,novela naturalista,novela naturalista,novela naturalista,novela naturalista,novela naturalista,novela naturalista,novela naturalista,novela naturalista,novela naturalista,novela naturalista
2907,subgenre-current,novela naturalista,other,80,,5,1,nh0164,novela naturalista,novela naturalista,novela naturalista,novela naturalista,novela naturalista,novela naturalista,novela naturalista,novela naturalista,novela naturalista,novela naturalista,novela naturalista
2908,subgenre-current,novela naturalista,other,80,,5,1,nh0177,novela naturalista,novela naturalista,novela naturalista,novela naturalista,novela naturalista,novela naturalista,novela naturalista,novela naturalista,novela naturalista,novela naturalista,novela naturalista
2909,subgenre-current,novela naturalista,other,80,,5,1,nh0179,novela naturalista,novela naturalista,novela naturalista,novela naturalista,novela naturalista,novela naturalista,novela naturalista,novela naturalista,novela naturalista,novela naturalista,novela naturalista
2910,subgenre-current,novela naturalista,other,80,,5,1,nh0180,other,other,other,other,other,other,other,other,other,other,other
2911,subgenre-current,novela naturalista,other,80,,5,1,nh0181,other,other,other,other,other,other,other,other,other,other,other
2912,subgenre-current,novela naturalista,other,80,,5,1,nh0189,novela naturalista,novela naturalista,novela naturalista,novela naturalista,novela naturalista,novela naturalista,novela naturalista,novela naturalista,novela naturalista,novela naturalista,novela naturalista
2913,subgenre-current,novela naturalista,other,80,,5,1,nh0190,novela naturalista,novela naturalista,novela naturalista,novela naturalista,novela naturalista,novela naturalista,novela naturalista,novela naturalista,novela naturalista,novela naturalista,novela naturalista
2914,subgenre-current,novela naturalista,other,80,,5,1,nh0191,novela naturalista,novela naturalista,novela naturalista,novela naturalista,novela naturalista,novela naturalista,novela naturalista,novela naturalista,novela naturalista,novela naturalista,novela naturalista
2915,subgenre-current,novela naturalista,other,80,,5,1,nh0192,novela naturalista,novela naturalista,novela naturalista,novela naturalista,novela naturalista,novela naturalista,novela naturalista,novela naturalista,novela naturalista,novela naturalista,novela naturalista
2916,subgenre-current,novela naturalista,other,80,,5,1,nh0193,novela naturalista,novela naturalista,novela naturalista,novela naturalista,novela naturalista,novela naturalista,novela naturalista,novela naturalista,novela naturalista,novela naturalista,novela naturalista
2917,subgenre-current,novela naturalista,other,80,,5,1,nh0194,novela naturalista,novela naturalista,novela naturalista,novela naturalista,novela naturalista,novela naturalista,novela naturalista,novela naturalista,novela naturalista,novela naturalista,novela naturalista
2918,subgenre-current,novela naturalista,other,80,,5,1,nh0195,other,other,other,other,other,other,other,other,other,other,other
2919,subgenre-current,novela naturalista,other,80,,5,1,nh0197,other,other,other,other,other,other,other,other,other,other,other
2920,subgenre-current,novela naturalista,other,80,,5,1,nh0199,other,other,other,other,other,other,other,other,novela naturalista,other,other
2921,subgenre-current,novela naturalista,other,80,,5,1,nh0201,other,other,other,other,other,other,other,other,novela naturalista,other,other
2922,subgenre-current,novela naturalista,other,80,,5,1,nh0202,other,other,other,other,other,other,other,other,novela naturalista,other,other
2923,subgenre-current,novela naturalista,other,80,,5,1,nh0204,other,other,other,other,other,other,other,other,novela naturalista,other,other
2924,subgenre-current,novela naturalista,other,80,,5,1,nh0205,novela naturalista,novela naturalista,novela naturalista,novela naturalista,novela naturalista,novela naturalista,novela naturalista,novela naturalista,novela naturalista,novela naturalista,novela naturalista
2925,subgenre-current,novela naturalista,other,80,,5,1,nh0206,novela naturalista,novela naturalista,novela naturalista,novela naturalista,novela naturalista,novela naturalista,novela naturalista,novela naturalista,novela naturalista,other,novela naturalista
2926,subgenre-current,novela naturalista,other,80,,5,1,nh0210,other,other,other,other,other,other,other,other,other,other,other
2927,subgenre-current,novela naturalista,other,80,,5,1,nh0217,novela naturalista,novela naturalista,novela naturalista,novela naturalista,novela naturalista,novela naturalista,novela naturalista,novela naturalista,novela naturalista,novela naturalista,novela naturalista
2928,subgenre-current,novela naturalista,other,80,,5,1,nh0220,other,other,other,other,other,other,other,other,other,other,other
2929,subgenre-current,novela naturalista,other,80,,5,1,nh0223,novela naturalista,novela naturalista,novela naturalista,novela naturalista,novela naturalista,novela naturalista,novela naturalista,novela naturalista,novela naturalista,novela naturalista,novela naturalista
2930,subgenre-current,novela naturalista,other,80,,5,1,nh0226,other,other,other,other,other,other,other,other,other,other,other
2931,subgenre-current,novela naturalista,other,80,,5,1,nh0229,novela naturalista,novela naturalista,novela naturalista,novela naturalista,novela naturalista,novela naturalista,novela naturalista,novela naturalista,novela naturalista,novela naturalista,novela naturalista
2932,subgenre-current,novela naturalista,other,80,,5,1,nh0234,other,other,other,other,other,other,other,other,other,other,other
2933,subgenre-current,novela naturalista,other,80,,5,1,nh0235,other,other,other,other,other,other,other,other,other,other,novela naturalista
2934,subgenre-current,novela naturalista,other,80,,5,1,nh0240,other,other,other,other,other,other,other,other,other,other,novela naturalista
2935,subgenre-current,novela naturalista,other,80,,5,1,nh0248,other,other,other,other,other,other,other,other,other,other,novela naturalista
2936,subgenre-current,novela naturalista,other,80,,5,1,nh0249,other,other,other,other,other,other,other,other,other,other,other
2937,subgenre-current,novela naturalista,other,80,,5,1,nh0254,novela naturalista,novela naturalista,novela naturalista,novela naturalista,novela naturalista,novela naturalista,novela naturalista,novela naturalista,novela naturalista,novela naturalista,novela naturalista
2938,subgenre-current,novela naturalista,other,80,,5,1,nh0255,novela naturalista,novela naturalista,novela naturalista,novela naturalista,novela naturalista,novela naturalista,novela naturalista,novela naturalista,novela naturalista,novela naturalista,novela naturalista
2939,subgenre-current,novela naturalista,other,80,,5,1,nh0256,novela naturalista,novela naturalista,novela naturalista,novela naturalista,novela naturalista,novela naturalista,novela naturalista,novela naturalista,novela naturalista,novela naturalista,novela naturalista
2940,subgenre-current,novela naturalista,other,80,,6,1,nh0011,novela naturalista,novela naturalista,novela naturalista,novela naturalista,novela naturalista,novela naturalista,novela naturalista,novela naturalista,novela naturalista,novela naturalista,novela naturalista
2941,subgenre-current,novela naturalista,other,80,,6,1,nh0012,novela naturalista,novela naturalista,novela naturalista,novela naturalista,novela naturalista,novela naturalista,novela naturalista,novela naturalista,novela naturalista,novela naturalista,novela naturalista
2942,subgenre-current,novela naturalista,other,80,,6,1,nh0013,novela naturalista,novela naturalista,novela naturalista,novela naturalista,novela naturalista,novela naturalista,novela naturalista,novela naturalista,novela naturalista,novela naturalista,novela naturalista
2943,subgenre-current,novela naturalista,other,80,,6,1,nh0015,other,novela naturalista,other,other,other,other,other,other,other,other,other
2944,subgenre-current,novela naturalista,other,80,,6,1,nh0019,novela naturalista,novela naturalista,novela naturalista,novela naturalista,novela naturalista,novela naturalista,novela naturalista,novela naturalista,novela naturalista,novela naturalista,novela naturalista
2945,subgenre-current,novela naturalista,other,80,,6,1,nh0022,novela naturalista,novela naturalista,novela naturalista,novela naturalista,novela naturalista,novela naturalista,novela naturalista,novela naturalista,novela naturalista,novela naturalista,novela naturalista
2946,subgenre-current,novela naturalista,other,80,,6,1,nh0025,other,other,other,other,other,other,other,other,other,other,other
2947,subgenre-current,novela naturalista,other,80,,6,1,nh0028,novela naturalista,novela naturalista,novela naturalista,novela naturalista,novela naturalista,novela naturalista,novela naturalista,novela naturalista,novela naturalista,novela naturalista,novela naturalista
2948,subgenre-current,novela naturalista,other,80,,6,1,nh0029,novela naturalista,novela naturalista,novela naturalista,novela naturalista,novela naturalista,novela naturalista,novela naturalista,novela naturalista,novela naturalista,novela naturalista,novela naturalista
2949,subgenre-current,novela naturalista,other,80,,6,1,nh0030,novela naturalista,novela naturalista,novela naturalista,novela naturalista,novela naturalista,novela naturalista,novela naturalista,novela naturalista,novela naturalista,novela naturalista,novela naturalista
2950,subgenre-current,novela naturalista,other,80,,6,1,nh0031,novela naturalista,novela naturalista,novela naturalista,novela naturalista,novela naturalista,novela naturalista,novela naturalista,novela naturalista,novela naturalista,novela naturalista,novela naturalista
2951,subgenre-current,novela naturalista,other,80,,6,1,nh0032,novela naturalista,novela naturalista,novela naturalista,novela naturalista,novela naturalista,novela naturalista,novela naturalista,novela naturalista,novela naturalista,novela naturalista,novela naturalista
2952,subgenre-current,novela naturalista,other,80,,6,1,nh0033,novela naturalista,novela naturalista,novela naturalista,novela naturalista,novela naturalista,novela naturalista,novela naturalista,novela naturalista,novela naturalista,novela naturalista,novela naturalista
2953,subgenre-current,novela naturalista,other,80,,6,1,nh0034,novela naturalista,novela naturalista,novela naturalista,novela naturalista,novela naturalista,novela naturalista,novela naturalista,novela naturalista,novela naturalista,novela naturalista,novela naturalista
2954,subgenre-current,novela naturalista,other,80,,6,1,nh0036,other,other,other,other,other,other,other,other,other,other,other
2955,subgenre-current,novela naturalista,other,80,,6,1,nh0038,novela naturalista,novela naturalista,novela naturalista,novela naturalista,novela naturalista,novela naturalista,novela naturalista,novela naturalista,novela naturalista,novela naturalista,novela naturalista
2956,subgenre-current,novela naturalista,other,80,,6,1,nh0039,novela naturalista,novela naturalista,novela naturalista,novela naturalista,novela naturalista,novela naturalista,novela naturalista,novela naturalista,novela naturalista,novela naturalista,novela naturalista
2957,subgenre-current,novela naturalista,other,80,,6,1,nh0041,other,other,other,other,other,other,other,other,other,other,other
2958,subgenre-current,novela naturalista,other,80,,6,1,nh0044,other,other,novela naturalista,other,other,other,other,other,other,other,other
2959,subgenre-current,novela naturalista,other,80,,6,1,nh0045,other,other,other,other,other,other,other,other,other,other,other
2960,subgenre-current,novela naturalista,other,80,,6,1,nh0046,other,other,novela naturalista,other,other,other,other,other,other,other,other
2961,subgenre-current,novela naturalista,other,80,,6,1,nh0057,novela naturalista,novela naturalista,novela naturalista,novela naturalista,novela naturalista,novela naturalista,novela naturalista,novela naturalista,novela naturalista,novela naturalista,novela naturalista
2962,subgenre-current,novela naturalista,other,80,,6,1,nh0058,novela naturalista,novela naturalista,novela naturalista,novela naturalista,novela naturalista,novela naturalista,novela naturalista,novela naturalista,novela naturalista,novela naturalista,novela naturalista
2963,subgenre-current,novela naturalista,other,80,,6,1,nh0059,novela naturalista,novela naturalista,novela naturalista,novela naturalista,novela naturalista,novela naturalista,novela naturalista,novela naturalista,novela naturalista,novela naturalista,novela naturalista
2964,subgenre-current,novela naturalista,other,80,,6,1,nh0060,novela naturalista,novela naturalista,novela naturalista,novela naturalista,novela naturalista,novela naturalista,novela naturalista,novela naturalista,novela naturalista,novela naturalista,novela naturalista
2965,subgenre-current,novela naturalista,other,80,,6,1,nh0062,other,other,novela naturalista,other,other,other,other,other,other,other,other
2966,subgenre-current,novela naturalista,other,80,,6,1,nh0063,other,other,other,novela naturalista,other,other,other,other,other,other,other
2967,subgenre-current,novela naturalista,other,80,,6,1,nh0065,other,other,other,other,other,other,other,other,other,other,other
2968,subgenre-current,novela naturalista,other,80,,6,1,nh0072,other,other,other,other,other,other,other,other,other,other,other
2969,subgenre-current,novela naturalista,other,80,,6,1,nh0074,novela naturalista,novela naturalista,novela naturalista,novela naturalista,novela naturalista,novela naturalista,novela naturalista,novela naturalista,novela naturalista,novela naturalista,novela naturalista
2970,subgenre-current,novela naturalista,other,80,,6,1,nh0075,other,other,other,other,other,other,other,other,other,other,other
2971,subgenre-current,novela naturalista,other,80,,6,1,nh0076,novela naturalista,novela naturalista,novela naturalista,novela naturalista,novela naturalista,novela naturalista,novela naturalista,novela naturalista,novela naturalista,novela naturalista,novela naturalista
2972,subgenre-current,novela naturalista,other,80,,6,1,nh0080,novela naturalista,novela naturalista,novela naturalista,novela naturalista,novela naturalista,novela naturalista,novela naturalista,novela naturalista,novela naturalista,novela naturalista,novela naturalista
2973,subgenre-current,novela naturalista,other,80,,6,1,nh0084,other,other,other,other,novela naturalista,other,other,other,other,other,other
2974,subgenre-current,novela naturalista,other,80,,6,1,nh0086,other,other,other,other,novela naturalista,other,other,other,other,other,other
2975,subgenre-current,novela naturalista,other,80,,6,1,nh0088,novela naturalista,novela naturalista,novela naturalista,novela naturalista,novela naturalista,novela naturalista,novela naturalista,novela naturalista,novela naturalista,novela naturalista,novela naturalista
2976,subgenre-current,novela naturalista,other,80,,6,1,nh0090,novela naturalista,novela naturalista,novela naturalista,novela naturalista,novela naturalista,other,novela naturalista,novela naturalista,novela naturalista,novela naturalista,novela naturalista
2977,subgenre-current,novela naturalista,other,80,,6,1,nh0092,other,other,other,other,novela naturalista,other,other,other,other,other,other
2978,subgenre-current,novela naturalista,other,80,,6,1,nh0094,other,other,other,other,other,other,other,other,other,other,other
2979,subgenre-current,novela naturalista,other,80,,6,1,nh0095,other,other,other,other,other,other,other,other,other,other,other
2980,subgenre-current,novela naturalista,other,80,,6,1,nh0108,other,other,other,other,other,other,other,other,other,other,other
2981,subgenre-current,novela naturalista,other,80,,6,1,nh0109,novela naturalista,novela naturalista,novela naturalista,novela naturalista,novela naturalista,novela naturalista,novela naturalista,novela naturalista,novela naturalista,novela naturalista,novela naturalista
2982,subgenre-current,novela naturalista,other,80,,6,1,nh0110,other,other,other,other,other,other,other,other,other,other,other
2983,subgenre-current,novela naturalista,other,80,,6,1,nh0113,other,other,other,other,other,other,other,other,other,other,other
2984,subgenre-current,novela naturalista,other,80,,6,1,nh0114,novela naturalista,novela naturalista,novela naturalista,novela naturalista,novela naturalista,novela naturalista,novela naturalista,novela naturalista,novela naturalista,novela naturalista,novela naturalista
2985,subgenre-current,novela naturalista,other,80,,6,1,nh0116,other,other,other,other,other,other,other,other,other,other,other
2986,subgenre-current,novela naturalista,other,80,,6,1,nh0121,other,other,other,other,other,other,other,other,other,other,other
2987,subgenre-current,novela naturalista,other,80,,6,1,nh0127,other,other,other,other,other,other,novela naturalista,other,other,other,other
2988,subgenre-current,novela naturalista,other,80,,6,1,nh0135,other,other,other,other,other,other,other,other,other,other,other
2989,subgenre-current,novela naturalista,other,80,,6,1,nh0136,novela naturalista,novela naturalista,novela naturalista,novela naturalista,novela naturalista,novela naturalista,novela naturalista,novela naturalista,novela naturalista,novela naturalista,novela naturalista
2990,subgenre-current,novela naturalista,other,80,,6,1,nh0140,other,other,other,other,other,other,other,other,other,other,other
2991,subgenre-current,novela naturalista,other,80,,6,1,nh0146,other,other,other,other,other,other,other,other,other,other,other
2992,subgenre-current,novela naturalista,other,80,,6,1,nh0151,other,other,other,other,other,other,other,other,other,other,other
2993,subgenre-current,novela naturalista,other,80,,6,1,nh0155,novela naturalista,novela naturalista,novela naturalista,novela naturalista,novela naturalista,novela naturalista,novela naturalista,novela naturalista,novela naturalista,novela naturalista,novela naturalista
2994,subgenre-current,novela naturalista,other,80,,6,1,nh0156,other,other,other,other,other,other,other,other,other,other,other
2995,subgenre-current,novela naturalista,other,80,,6,1,nh0157,other,other,other,other,other,other,other,other,other,other,other
2996,subgenre-current,novela naturalista,other,80,,6,1,nh0158,other,other,other,other,other,other,other,other,other,other,other
2997,subgenre-current,novela naturalista,other,80,,6,1,nh0163,novela naturalista,novela naturalista,novela naturalista,novela naturalista,novela naturalista,novela naturalista,novela naturalista,novela naturalista,novela naturalista,novela naturalista,novela naturalista
2998,subgenre-current,novela naturalista,other,80,,6,1,nh0164,novela naturalista,novela naturalista,novela naturalista,novela naturalista,novela naturalista,novela naturalista,novela naturalista,novela naturalista,novela naturalista,novela naturalista,novela naturalista
2999,subgenre-current,novela naturalista,other,80,,6,1,nh0167,other,other,other,other,other,other,other,other,other,other,other
3000,subgenre-current,novela naturalista,other,80,,6,1,nh0173,other,other,other,other,other,other,other,other,novela naturalista,other,other
3001,subgenre-current,novela naturalista,other,80,,6,1,nh0175,other,other,other,other,other,other,other,other,other,other,other
3002,subgenre-current,novela naturalista,other,80,,6,1,nh0177,novela naturalista,novela naturalista,novela naturalista,novela naturalista,novela naturalista,novela naturalista,novela naturalista,novela naturalista,novela naturalista,novela naturalista,novela naturalista
3003,subgenre-current,novela naturalista,other,80,,6,1,nh0179,novela naturalista,novela naturalista,novela naturalista,novela naturalista,novela naturalista,novela naturalista,novela naturalista,novela naturalista,novela naturalista,novela naturalista,novela naturalista
3004,subgenre-current,novela naturalista,other,80,,6,1,nh0188,other,other,other,other,other,other,other,other,other,other,other
3005,subgenre-current,novela naturalista,other,80,,6,1,nh0189,novela naturalista,novela naturalista,novela naturalista,novela naturalista,novela naturalista,novela naturalista,novela naturalista,novela naturalista,novela naturalista,novela naturalista,novela naturalista
3006,subgenre-current,novela naturalista,other,80,,6,1,nh0190,novela naturalista,novela naturalista,novela naturalista,novela naturalista,novela naturalista,novela naturalista,novela naturalista,novela naturalista,novela naturalista,novela naturalista,novela naturalista
3007,subgenre-current,novela naturalista,other,80,,6,1,nh0191,novela naturalista,novela naturalista,novela naturalista,novela naturalista,novela naturalista,novela naturalista,novela naturalista,novela naturalista,novela naturalista,novela naturalista,novela naturalista
3008,subgenre-current,novela naturalista,other,80,,6,1,nh0192,novela naturalista,novela naturalista,novela naturalista,novela naturalista,novela naturalista,novela naturalista,novela naturalista,novela naturalista,novela naturalista,novela naturalista,novela naturalista
3009,subgenre-current,novela naturalista,other,80,,6,1,nh0193,novela naturalista,novela naturalista,novela naturalista,novela naturalista,novela naturalista,novela naturalista,novela naturalista,novela naturalista,novela naturalista,novela naturalista,novela naturalista
3010,subgenre-current,novela naturalista,other,80,,6,1,nh0194,novela naturalista,novela naturalista,novela naturalista,novela naturalista,novela naturalista,novela naturalista,novela naturalista,novela naturalista,novela naturalista,novela naturalista,novela naturalista
3011,subgenre-current,novela naturalista,other,80,,6,1,nh0195,other,other,other,other,other,other,other,other,other,other,other
3012,subgenre-current,novela naturalista,other,80,,6,1,nh0202,other,other,other,other,other,other,other,other,other,novela naturalista,other
3013,subgenre-current,novela naturalista,other,80,,6,1,nh0203,other,other,other,other,other,other,other,other,other,other,other
3014,subgenre-current,novela naturalista,other,80,,6,1,nh0204,other,other,other,other,other,other,other,other,other,novela naturalista,other
3015,subgenre-current,novela naturalista,other,80,,6,1,nh0205,novela naturalista,novela naturalista,novela naturalista,novela naturalista,novela naturalista,novela naturalista,novela naturalista,novela naturalista,novela naturalista,novela naturalista,novela naturalista
3016,subgenre-current,novela naturalista,other,80,,6,1,nh0206,novela naturalista,novela naturalista,novela naturalista,novela naturalista,novela naturalista,novela naturalista,novela naturalista,novela naturalista,novela naturalista,other,novela naturalista
3017,subgenre-current,novela naturalista,other,80,,6,1,nh0214,other,other,other,other,other,other,other,other,other,other,other
3018,subgenre-current,novela naturalista,other,80,,6,1,nh0217,novela naturalista,novela naturalista,novela naturalista,novela naturalista,novela naturalista,novela naturalista,novela naturalista,novela naturalista,novela naturalista,novela naturalista,novela naturalista
3019,subgenre-current,novela naturalista,other,80,,6,1,nh0220,other,other,other,other,other,other,other,other,other,other,other
3020,subgenre-current,novela naturalista,other,80,,6,1,nh0223,novela naturalista,novela naturalista,novela naturalista,novela naturalista,novela naturalista,novela naturalista,novela naturalista,novela naturalista,novela naturalista,novela naturalista,novela naturalista
3021,subgenre-current,novela naturalista,other,80,,6,1,nh0229,novela naturalista,novela naturalista,novela naturalista,novela naturalista,novela naturalista,novela naturalista,novela naturalista,novela naturalista,novela naturalista,novela naturalista,novela naturalista
3022,subgenre-current,novela naturalista,other,80,,6,1,nh0230,other,other,other,other,other,other,other,other,other,other,novela naturalista
3023,subgenre-current,novela naturalista,other,80,,6,1,nh0235,other,other,other,other,other,other,other,other,other,other,novela naturalista
3024,subgenre-current,novela naturalista,other,80,,6,1,nh0238,other,other,other,other,other,other,other,other,other,other,other
3025,subgenre-current,novela naturalista,other,80,,6,1,nh0247,other,other,other,other,other,other,other,other,other,other,other
3026,subgenre-current,novela naturalista,other,80,,6,1,nh0252,other,other,other,other,other,other,other,other,other,other,other
3027,subgenre-current,novela naturalista,other,80,,6,1,nh0254,novela naturalista,novela naturalista,novela naturalista,novela naturalista,novela naturalista,novela naturalista,novela naturalista,novela naturalista,novela naturalista,novela naturalista,novela naturalista
3028,subgenre-current,novela naturalista,other,80,,6,1,nh0255,novela naturalista,novela naturalista,novela naturalista,novela naturalista,novela naturalista,novela naturalista,novela naturalista,novela naturalista,novela naturalista,novela naturalista,novela naturalista
3029,subgenre-current,novela naturalista,other,80,,6,1,nh0256,novela naturalista,novela naturalista,novela naturalista,novela naturalista,novela naturalista,novela naturalista,novela naturalista,novela naturalista,novela naturalista,novela naturalista,novela naturalista
3030,subgenre-current,novela naturalista,other,80,,7,1,nh0001,other,other,other,other,other,other,other,other,other,other,other
3031,subgenre-current,novela naturalista,other,80,,7,1,nh0007,other,other,other,other,other,other,other,other,other,other,other
3032,subgenre-current,novela naturalista,other,80,,7,1,nh0009,other,other,other,other,other,other,other,other,other,other,other
3033,subgenre-current,novela naturalista,other,80,,7,1,nh0011,novela naturalista,novela naturalista,novela naturalista,novela naturalista,novela naturalista,novela naturalista,novela naturalista,novela naturalista,novela naturalista,novela naturalista,novela naturalista
3034,subgenre-current,novela naturalista,other,80,,7,1,nh0012,novela naturalista,novela naturalista,novela naturalista,novela naturalista,novela naturalista,novela naturalista,novela naturalista,novela naturalista,novela naturalista,novela naturalista,novela naturalista
3035,subgenre-current,novela naturalista,other,80,,7,1,nh0013,novela naturalista,novela naturalista,novela naturalista,novela naturalista,novela naturalista,novela naturalista,novela naturalista,novela naturalista,novela naturalista,novela naturalista,novela naturalista
3036,subgenre-current,novela naturalista,other,80,,7,1,nh0019,novela naturalista,novela naturalista,novela naturalista,novela naturalista,novela naturalista,novela naturalista,novela naturalista,novela naturalista,novela naturalista,novela naturalista,novela naturalista
3037,subgenre-current,novela naturalista,other,80,,7,1,nh0022,novela naturalista,novela naturalista,other,novela naturalista,novela naturalista,novela naturalista,novela naturalista,novela naturalista,novela naturalista,novela naturalista,novela naturalista
3038,subgenre-current,novela naturalista,other,80,,7,1,nh0023,other,other,other,other,other,other,other,other,other,other,other
3039,subgenre-current,novela naturalista,other,80,,7,1,nh0028,novela naturalista,novela naturalista,novela naturalista,novela naturalista,novela naturalista,novela naturalista,novela naturalista,novela naturalista,novela naturalista,novela naturalista,novela naturalista
3040,subgenre-current,novela naturalista,other,80,,7,1,nh0029,novela naturalista,novela naturalista,novela naturalista,novela naturalista,novela naturalista,novela naturalista,novela naturalista,novela naturalista,novela naturalista,novela naturalista,novela naturalista
3041,subgenre-current,novela naturalista,other,80,,7,1,nh0030,novela naturalista,novela naturalista,novela naturalista,novela naturalista,novela naturalista,novela naturalista,novela naturalista,novela naturalista,novela naturalista,novela naturalista,novela naturalista
3042,subgenre-current,novela naturalista,other,80,,7,1,nh0031,novela naturalista,novela naturalista,novela naturalista,novela naturalista,novela naturalista,novela naturalista,novela naturalista,novela naturalista,novela naturalista,novela naturalista,novela naturalista
3043,subgenre-current,novela naturalista,other,80,,7,1,nh0032,novela naturalista,novela naturalista,novela naturalista,novela naturalista,novela naturalista,novela naturalista,novela naturalista,novela naturalista,novela naturalista,novela naturalista,novela naturalista
3044,subgenre-current,novela naturalista,other,80,,7,1,nh0033,novela naturalista,novela naturalista,novela naturalista,novela naturalista,novela naturalista,novela naturalista,novela naturalista,novela naturalista,novela naturalista,novela naturalista,novela naturalista
3045,subgenre-current,novela naturalista,other,80,,7,1,nh0034,novela naturalista,novela naturalista,novela naturalista,novela naturalista,novela naturalista,novela naturalista,novela naturalista,novela naturalista,novela naturalista,novela naturalista,novela naturalista
3046,subgenre-current,novela naturalista,other,80,,7,1,nh0037,other,other,other,other,other,other,other,other,other,other,other
3047,subgenre-current,novela naturalista,other,80,,7,1,nh0038,novela naturalista,novela naturalista,novela naturalista,novela naturalista,novela naturalista,novela naturalista,novela naturalista,novela naturalista,novela naturalista,novela naturalista,novela naturalista
3048,subgenre-current,novela naturalista,other,80,,7,1,nh0039,novela naturalista,novela naturalista,novela naturalista,novela naturalista,novela naturalista,novela naturalista,novela naturalista,novela naturalista,novela naturalista,novela naturalista,novela naturalista
3049,subgenre-current,novela naturalista,other,80,,7,1,nh0040,other,other,other,other,other,other,other,other,other,other,other
3050,subgenre-current,novela naturalista,other,80,,7,1,nh0044,other,other,novela naturalista,other,other,other,other,other,other,other,other
3051,subgenre-current,novela naturalista,other,80,,7,1,nh0056,other,other,other,other,other,other,other,other,other,other,other
3052,subgenre-current,novela naturalista,other,80,,7,1,nh0057,novela naturalista,novela naturalista,novela naturalista,novela naturalista,novela naturalista,novela naturalista,novela naturalista,novela naturalista,novela naturalista,novela naturalista,novela naturalista
3053,subgenre-current,novela naturalista,other,80,,7,1,nh0058,novela naturalista,novela naturalista,novela naturalista,novela naturalista,novela naturalista,novela naturalista,novela naturalista,novela naturalista,novela naturalista,novela naturalista,novela naturalista
3054,subgenre-current,novela naturalista,other,80,,7,1,nh0059,novela naturalista,novela naturalista,novela naturalista,novela naturalista,novela naturalista,novela naturalista,novela naturalista,novela naturalista,novela naturalista,novela naturalista,novela naturalista
3055,subgenre-current,novela naturalista,other,80,,7,1,nh0060,novela naturalista,novela naturalista,novela naturalista,novela naturalista,novela naturalista,novela naturalista,novela naturalista,novela naturalista,novela naturalista,novela naturalista,novela naturalista
3056,subgenre-current,novela naturalista,other,80,,7,1,nh0062,other,other,novela naturalista,other,other,other,other,other,other,other,other
3057,subgenre-current,novela naturalista,other,80,,7,1,nh0063,other,other,novela naturalista,other,other,other,other,other,other,other,other
3058,subgenre-current,novela naturalista,other,80,,7,1,nh0068,other,other,other,novela naturalista,other,other,other,other,other,other,other
3059,subgenre-current,novela naturalista,other,80,,7,1,nh0069,other,other,other,other,other,other,other,other,other,other,other
3060,subgenre-current,novela naturalista,other,80,,7,1,nh0072,other,other,other,other,other,other,other,other,other,other,other
3061,subgenre-current,novela naturalista,other,80,,7,1,nh0074,novela naturalista,novela naturalista,novela naturalista,novela naturalista,novela naturalista,novela naturalista,novela naturalista,novela naturalista,novela naturalista,novela naturalista,novela naturalista
3062,subgenre-current,novela naturalista,other,80,,7,1,nh0076,novela naturalista,novela naturalista,novela naturalista,novela naturalista,novela naturalista,novela naturalista,novela naturalista,novela naturalista,novela naturalista,novela naturalista,novela naturalista
3063,subgenre-current,novela naturalista,other,80,,7,1,nh0080,novela naturalista,novela naturalista,novela naturalista,novela naturalista,novela naturalista,novela naturalista,novela naturalista,novela naturalista,novela naturalista,novela naturalista,novela naturalista
3064,subgenre-current,novela naturalista,other,80,,7,1,nh0082,other,other,other,novela naturalista,other,other,other,other,other,other,other
3065,subgenre-current,novela naturalista,other,80,,7,1,nh0086,other,other,other,novela naturalista,other,other,other,other,other,other,other
3066,subgenre-current,novela naturalista,other,80,,7,1,nh0088,novela naturalista,novela naturalista,novela naturalista,novela naturalista,novela naturalista,novela naturalista,novela naturalista,novela naturalista,novela naturalista,novela naturalista,novela naturalista
3067,subgenre-current,novela naturalista,other,80,,7,1,nh0090,novela naturalista,novela naturalista,novela naturalista,novela naturalista,novela naturalista,novela naturalista,other,novela naturalista,novela naturalista,novela naturalista,novela naturalista
3068,subgenre-current,novela naturalista,other,80,,7,1,nh0094,other,other,other,other,other,other,other,other,other,other,other
3069,subgenre-current,novela naturalista,other,80,,7,1,nh0105,other,other,other,other,novela naturalista,other,other,other,other,other,other
3070,subgenre-current,novela naturalista,other,80,,7,1,nh0109,novela naturalista,novela naturalista,novela naturalista,novela naturalista,novela naturalista,novela naturalista,novela naturalista,novela naturalista,novela naturalista,novela naturalista,novela naturalista
3071,subgenre-current,novela naturalista,other,80,,7,1,nh0114,novela naturalista,novela naturalista,novela naturalista,novela naturalista,novela naturalista,novela naturalista,novela naturalista,novela naturalista,novela naturalista,novela naturalista,novela naturalista
3072,subgenre-current,novela naturalista,other,80,,7,1,nh0116,other,other,other,other,other,other,other,other,other,other,other
3073,subgenre-current,novela naturalista,other,80,,7,1,nh0126,other,other,other,other,novela naturalista,other,other,other,other,other,other
3074,subgenre-current,novela naturalista,other,80,,7,1,nh0127,other,other,other,other,novela naturalista,other,other,other,other,other,other
3075,subgenre-current,novela naturalista,other,80,,7,1,nh0136,novela naturalista,novela naturalista,novela naturalista,novela naturalista,novela naturalista,novela naturalista,novela naturalista,novela naturalista,novela naturalista,novela naturalista,novela naturalista
3076,subgenre-current,novela naturalista,other,80,,7,1,nh0141,other,other,other,other,other,other,other,other,other,other,other
3077,subgenre-current,novela naturalista,other,80,,7,1,nh0147,other,other,other,other,other,novela naturalista,other,other,other,other,other
3078,subgenre-current,novela naturalista,other,80,,7,1,nh0149,other,other,other,other,other,other,other,other,other,other,other
3079,subgenre-current,novela naturalista,other,80,,7,1,nh0151,other,other,other,other,other,other,other,other,other,other,other
3080,subgenre-current,novela naturalista,other,80,,7,1,nh0155,novela naturalista,novela naturalista,novela naturalista,novela naturalista,novela naturalista,novela naturalista,novela naturalista,novela naturalista,novela naturalista,novela naturalista,novela naturalista
3081,subgenre-current,novela naturalista,other,80,,7,1,nh0157,other,other,other,other,other,other,other,other,other,other,other
3082,subgenre-current,novela naturalista,other,80,,7,1,nh0158,other,other,other,other,other,other,other,other,other,other,other
3083,subgenre-current,novela naturalista,other,80,,7,1,nh0161,other,other,other,other,other,other,other,other,other,other,other
3084,subgenre-current,novela naturalista,other,80,,7,1,nh0163,novela naturalista,novela naturalista,novela naturalista,novela naturalista,novela naturalista,novela naturalista,novela naturalista,novela naturalista,novela naturalista,novela naturalista,novela naturalista
3085,subgenre-current,novela naturalista,other,80,,7,1,nh0164,novela naturalista,novela naturalista,novela naturalista,novela naturalista,novela naturalista,novela naturalista,novela naturalista,novela naturalista,novela naturalista,novela naturalista,novela naturalista
3086,subgenre-current,novela naturalista,other,80,,7,1,nh0169,other,other,other,other,other,other,other,other,other,other,other
3087,subgenre-current,novela naturalista,other,80,,7,1,nh0171,other,other,other,other,other,other,other,other,other,other,other
3088,subgenre-current,novela naturalista,other,80,,7,1,nh0173,other,other,other,other,other,other,other,novela naturalista,other,other,other
3089,subgenre-current,novela naturalista,other,80,,7,1,nh0174,other,other,other,other,other,other,other,novela naturalista,other,other,other
3090,subgenre-current,novela naturalista,other,80,,7,1,nh0177,novela naturalista,novela naturalista,novela naturalista,novela naturalista,novela naturalista,novela naturalista,novela naturalista,novela naturalista,novela naturalista,novela naturalista,novela naturalista
3091,subgenre-current,novela naturalista,other,80,,7,1,nh0179,novela naturalista,novela naturalista,novela naturalista,novela naturalista,novela naturalista,novela naturalista,novela naturalista,novela naturalista,novela naturalista,novela naturalista,novela naturalista
3092,subgenre-current,novela naturalista,other,80,,7,1,nh0181,other,other,other,other,other,other,other,other,other,other,other
3093,subgenre-current,novela naturalista,other,80,,7,1,nh0183,other,other,other,other,other,other,other,novela naturalista,other,other,other
3094,subgenre-current,novela naturalista,other,80,,7,1,nh0189,novela naturalista,novela naturalista,novela naturalista,novela naturalista,novela naturalista,novela naturalista,novela naturalista,novela naturalista,novela naturalista,novela naturalista,novela naturalista
3095,subgenre-current,novela naturalista,other,80,,7,1,nh0190,novela naturalista,novela naturalista,novela naturalista,novela naturalista,novela naturalista,novela naturalista,novela naturalista,novela naturalista,novela naturalista,novela naturalista,novela naturalista
3096,subgenre-current,novela naturalista,other,80,,7,1,nh0191,novela naturalista,novela naturalista,novela naturalista,novela naturalista,novela naturalista,novela naturalista,novela naturalista,novela naturalista,novela naturalista,novela naturalista,novela naturalista
3097,subgenre-current,novela naturalista,other,80,,7,1,nh0192,novela naturalista,novela naturalista,novela naturalista,novela naturalista,novela naturalista,novela naturalista,novela naturalista,novela naturalista,novela naturalista,novela naturalista,novela naturalista
3098,subgenre-current,novela naturalista,other,80,,7,1,nh0193,novela naturalista,novela naturalista,novela naturalista,novela naturalista,novela naturalista,novela naturalista,novela naturalista,novela naturalista,novela naturalista,novela naturalista,novela naturalista
3099,subgenre-current,novela naturalista,other,80,,7,1,nh0194,novela naturalista,novela naturalista,novela naturalista,novela naturalista,novela naturalista,novela naturalista,novela naturalista,novela naturalista,novela naturalista,novela naturalista,novela naturalista
3100,subgenre-current,novela naturalista,other,80,,7,1,nh0197,other,other,other,other,other,other,other,other,other,other,other
3101,subgenre-current,novela naturalista,other,80,,7,1,nh0205,novela naturalista,novela naturalista,novela naturalista,novela naturalista,novela naturalista,novela naturalista,novela naturalista,novela naturalista,novela naturalista,novela naturalista,novela naturalista
3102,subgenre-current,novela naturalista,other,80,,7,1,nh0206,novela naturalista,novela naturalista,novela naturalista,novela naturalista,novela naturalista,novela naturalista,novela naturalista,novela naturalista,novela naturalista,other,novela naturalista
3103,subgenre-current,novela naturalista,other,80,,7,1,nh0208,other,other,other,other,other,other,other,other,other,other,other
3104,subgenre-current,novela naturalista,other,80,,7,1,nh0210,other,other,other,other,other,other,other,other,other,other,other
3105,subgenre-current,novela naturalista,other,80,,7,1,nh0217,novela naturalista,novela naturalista,novela naturalista,novela naturalista,novela naturalista,novela naturalista,novela naturalista,novela naturalista,novela naturalista,novela naturalista,novela naturalista
3106,subgenre-current,novela naturalista,other,80,,7,1,nh0221,other,other,other,other,other,other,other,other,novela naturalista,other,other
3107,subgenre-current,novela naturalista,other,80,,7,1,nh0223,novela naturalista,novela naturalista,novela naturalista,novela naturalista,novela naturalista,novela naturalista,novela naturalista,novela naturalista,novela naturalista,novela naturalista,novela naturalista
3108,subgenre-current,novela naturalista,other,80,,7,1,nh0224,other,other,other,other,other,other,other,other,other,other,other
3109,subgenre-current,novela naturalista,other,80,,7,1,nh0226,other,other,other,other,other,other,other,other,other,other,other
3110,subgenre-current,novela naturalista,other,80,,7,1,nh0229,novela naturalista,novela naturalista,novela naturalista,novela naturalista,novela naturalista,novela naturalista,novela naturalista,novela naturalista,novela naturalista,novela naturalista,novela naturalista
3111,subgenre-current,novela naturalista,other,80,,7,1,nh0235,other,other,other,other,other,other,other,other,other,novela naturalista,other
3112,subgenre-current,novela naturalista,other,80,,7,1,nh0237,other,other,other,other,other,other,other,other,other,other,other
3113,subgenre-current,novela naturalista,other,80,,7,1,nh0238,other,other,other,other,other,other,other,other,other,other,other
3114,subgenre-current,novela naturalista,other,80,,7,1,nh0244,other,other,other,other,other,other,other,other,other,other,novela naturalista
3115,subgenre-current,novela naturalista,other,80,,7,1,nh0249,other,other,other,other,other,other,other,other,other,other,other
3116,subgenre-current,novela naturalista,other,80,,7,1,nh0252,other,other,other,other,other,other,other,other,other,other,other
3117,subgenre-current,novela naturalista,other,80,,7,1,nh0254,novela naturalista,novela naturalista,novela naturalista,novela naturalista,novela naturalista,novela naturalista,novela naturalista,novela naturalista,novela naturalista,novela naturalista,novela naturalista
3118,subgenre-current,novela naturalista,other,80,,7,1,nh0255,novela naturalista,novela naturalista,novela naturalista,novela naturalista,novela naturalista,novela naturalista,novela naturalista,novela naturalista,novela naturalista,novela naturalista,novela naturalista
3119,subgenre-current,novela naturalista,other,80,,7,1,nh0256,novela naturalista,novela naturalista,novela naturalista,novela naturalista,novela naturalista,novela naturalista,novela naturalista,novela naturalista,novela naturalista,novela naturalista,novela naturalista
3120,subgenre-current,novela naturalista,other,80,,8,1,nh0003,other,other,other,other,other,other,other,other,other,other,other
3121,subgenre-current,novela naturalista,other,80,,8,1,nh0008,other,novela naturalista,other,other,other,other,other,other,other,other,other
3122,subgenre-current,novela naturalista,other,80,,8,1,nh0009,other,other,other,other,other,other,other,other,other,other,other
3123,subgenre-current,novela naturalista,other,80,,8,1,nh0011,novela naturalista,novela naturalista,novela naturalista,novela naturalista,novela naturalista,novela naturalista,novela naturalista,novela naturalista,novela naturalista,novela naturalista,novela naturalista
3124,subgenre-current,novela naturalista,other,80,,8,1,nh0012,novela naturalista,novela naturalista,novela naturalista,novela naturalista,novela naturalista,novela naturalista,novela naturalista,novela naturalista,novela naturalista,novela naturalista,novela naturalista
3125,subgenre-current,novela naturalista,other,80,,8,1,nh0013,novela naturalista,other,novela naturalista,novela naturalista,novela naturalista,novela naturalista,novela naturalista,novela naturalista,novela naturalista,novela naturalista,novela naturalista
3126,subgenre-current,novela naturalista,other,80,,8,1,nh0015,other,novela naturalista,other,other,other,other,other,other,other,other,other
3127,subgenre-current,novela naturalista,other,80,,8,1,nh0019,novela naturalista,novela naturalista,novela naturalista,novela naturalista,novela naturalista,novela naturalista,novela naturalista,novela naturalista,novela naturalista,novela naturalista,novela naturalista
3128,subgenre-current,novela naturalista,other,80,,8,1,nh0021,other,other,other,other,other,other,other,other,other,other,other
3129,subgenre-current,novela naturalista,other,80,,8,1,nh0022,novela naturalista,novela naturalista,other,novela naturalista,novela naturalista,novela naturalista,novela naturalista,novela naturalista,novela naturalista,novela naturalista,novela naturalista
3130,subgenre-current,novela naturalista,other,80,,8,1,nh0028,novela naturalista,novela naturalista,novela naturalista,novela naturalista,novela naturalista,novela naturalista,novela naturalista,novela naturalista,novela naturalista,novela naturalista,novela naturalista
3131,subgenre-current,novela naturalista,other,80,,8,1,nh0029,novela naturalista,novela naturalista,novela naturalista,novela naturalista,novela naturalista,novela naturalista,novela naturalista,novela naturalista,novela naturalista,novela naturalista,novela naturalista
3132,subgenre-current,novela naturalista,other,80,,8,1,nh0030,novela naturalista,novela naturalista,novela naturalista,novela naturalista,novela naturalista,novela naturalista,novela naturalista,novela naturalista,novela naturalista,novela naturalista,novela naturalista
3133,subgenre-current,novela naturalista,other,80,,8,1,nh0031,novela naturalista,novela naturalista,novela naturalista,novela naturalista,novela naturalista,novela naturalista,novela naturalista,novela naturalista,novela naturalista,novela naturalista,novela naturalista
3134,subgenre-current,novela naturalista,other,80,,8,1,nh0032,novela naturalista,novela naturalista,novela naturalista,novela naturalista,novela naturalista,novela naturalista,novela naturalista,novela naturalista,novela naturalista,novela naturalista,novela naturalista
3135,subgenre-current,novela naturalista,other,80,,8,1,nh0033,novela naturalista,novela naturalista,novela naturalista,novela naturalista,novela naturalista,novela naturalista,novela naturalista,novela naturalista,novela naturalista,novela naturalista,novela naturalista
3136,subgenre-current,novela naturalista,other,80,,8,1,nh0034,novela naturalista,novela naturalista,novela naturalista,novela naturalista,novela naturalista,novela naturalista,novela naturalista,novela naturalista,novela naturalista,novela naturalista,novela naturalista
3137,subgenre-current,novela naturalista,other,80,,8,1,nh0038,novela naturalista,novela naturalista,novela naturalista,novela naturalista,novela naturalista,novela naturalista,novela naturalista,novela naturalista,novela naturalista,novela naturalista,novela naturalista
3138,subgenre-current,novela naturalista,other,80,,8,1,nh0039,novela naturalista,novela naturalista,novela naturalista,novela naturalista,novela naturalista,novela naturalista,novela naturalista,novela naturalista,novela naturalista,novela naturalista,novela naturalista
3139,subgenre-current,novela naturalista,other,80,,8,1,nh0040,other,other,other,other,other,other,other,other,other,other,other
3140,subgenre-current,novela naturalista,other,80,,8,1,nh0043,other,other,other,other,other,other,other,other,other,other,other
3141,subgenre-current,novela naturalista,other,80,,8,1,nh0050,other,other,other,other,other,other,other,other,other,other,other
3142,subgenre-current,novela naturalista,other,80,,8,1,nh0057,novela naturalista,novela naturalista,novela naturalista,novela naturalista,novela naturalista,novela naturalista,novela naturalista,novela naturalista,novela naturalista,novela naturalista,novela naturalista
3143,subgenre-current,novela naturalista,other,80,,8,1,nh0058,novela naturalista,novela naturalista,novela naturalista,novela naturalista,novela naturalista,novela naturalista,novela naturalista,novela naturalista,novela naturalista,novela naturalista,novela naturalista
3144,subgenre-current,novela naturalista,other,80,,8,1,nh0059,novela naturalista,novela naturalista,novela naturalista,novela naturalista,novela naturalista,novela naturalista,novela naturalista,novela naturalista,novela naturalista,novela naturalista,novela naturalista
3145,subgenre-current,novela naturalista,other,80,,8,1,nh0060,novela naturalista,novela naturalista,novela naturalista,novela naturalista,novela naturalista,novela naturalista,novela naturalista,novela naturalista,novela naturalista,novela naturalista,novela naturalista
3146,subgenre-current,novela naturalista,other,80,,8,1,nh0062,other,other,novela naturalista,other,other,other,other,other,other,other,other
3147,subgenre-current,novela naturalista,other,80,,8,1,nh0063,other,other,novela naturalista,other,other,other,other,other,other,other,other
3148,subgenre-current,novela naturalista,other,80,,8,1,nh0067,other,other,other,novela naturalista,other,other,other,other,other,other,other
3149,subgenre-current,novela naturalista,other,80,,8,1,nh0068,other,other,other,novela naturalista,other,other,other,other,other,other,other
3150,subgenre-current,novela naturalista,other,80,,8,1,nh0072,other,other,other,other,other,other,other,other,other,other,other
3151,subgenre-current,novela naturalista,other,80,,8,1,nh0074,novela naturalista,novela naturalista,novela naturalista,novela naturalista,novela naturalista,novela naturalista,novela naturalista,novela naturalista,novela naturalista,novela naturalista,novela naturalista
3152,subgenre-current,novela naturalista,other,80,,8,1,nh0076,novela naturalista,novela naturalista,novela naturalista,novela naturalista,novela naturalista,novela naturalista,novela naturalista,novela naturalista,novela naturalista,novela naturalista,novela naturalista
3153,subgenre-current,novela naturalista,other,80,,8,1,nh0080,novela naturalista,novela naturalista,novela naturalista,novela naturalista,novela naturalista,novela naturalista,novela naturalista,novela naturalista,novela naturalista,novela naturalista,novela naturalista
3154,subgenre-current,novela naturalista,other,80,,8,1,nh0088,novela naturalista,novela naturalista,novela naturalista,novela naturalista,novela naturalista,novela naturalista,novela naturalista,novela naturalista,novela naturalista,novela naturalista,novela naturalista
3155,subgenre-current,novela naturalista,other,80,,8,1,nh0089,other,other,other,other,other,other,other,other,other,other,other
3156,subgenre-current,novela naturalista,other,80,,8,1,nh0090,novela naturalista,novela naturalista,novela naturalista,novela naturalista,novela naturalista,novela naturalista,other,novela naturalista,novela naturalista,novela naturalista,novela naturalista
3157,subgenre-current,novela naturalista,other,80,,8,1,nh0095,other,other,other,other,other,other,other,other,other,other,other
3158,subgenre-current,novela naturalista,other,80,,8,1,nh0096,other,other,other,other,other,other,other,other,other,other,other
3159,subgenre-current,novela naturalista,other,80,,8,1,nh0102,other,other,other,other,other,other,other,other,other,other,other
3160,subgenre-current,novela naturalista,other,80,,8,1,nh0104,other,other,other,other,other,other,other,other,other,other,other
3161,subgenre-current,novela naturalista,other,80,,8,1,nh0109,novela naturalista,novela naturalista,novela naturalista,novela naturalista,novela naturalista,novela naturalista,novela naturalista,novela naturalista,novela naturalista,novela naturalista,novela naturalista
3162,subgenre-current,novela naturalista,other,80,,8,1,nh0114,novela naturalista,novela naturalista,novela naturalista,novela naturalista,novela naturalista,novela naturalista,novela naturalista,novela naturalista,novela naturalista,novela naturalista,novela naturalista
3163,subgenre-current,novela naturalista,other,80,,8,1,nh0118,other,other,other,other,novela naturalista,other,other,other,other,other,other
3164,subgenre-current,novela naturalista,other,80,,8,1,nh0122,other,other,other,other,other,other,other,other,other,other,other
3165,subgenre-current,novela naturalista,other,80,,8,1,nh0127,other,other,other,other,other,other,other,other,other,other,other
3166,subgenre-current,novela naturalista,other,80,,8,1,nh0135,other,other,other,other,other,other,other,other,other,other,other
3167,subgenre-current,novela naturalista,other,80,,8,1,nh0136,novela naturalista,novela naturalista,novela naturalista,novela naturalista,novela naturalista,novela naturalista,novela naturalista,novela naturalista,novela naturalista,novela naturalista,novela naturalista
3168,subgenre-current,novela naturalista,other,80,,8,1,nh0140,other,other,other,other,other,other,other,other,other,other,other
3169,subgenre-current,novela naturalista,other,80,,8,1,nh0142,other,other,other,other,other,other,other,other,other,other,other
3170,subgenre-current,novela naturalista,other,80,,8,1,nh0144,other,other,other,other,other,other,other,other,other,other,other
3171,subgenre-current,novela naturalista,other,80,,8,1,nh0145,other,other,other,other,other,other,novela naturalista,other,other,other,other
3172,subgenre-current,novela naturalista,other,80,,8,1,nh0148,other,other,other,other,other,other,other,other,other,other,other
3173,subgenre-current,novela naturalista,other,80,,8,1,nh0150,other,other,other,other,other,other,other,other,other,other,other
3174,subgenre-current,novela naturalista,other,80,,8,1,nh0155,novela naturalista,novela naturalista,novela naturalista,novela naturalista,novela naturalista,novela naturalista,novela naturalista,novela naturalista,novela naturalista,novela naturalista,novela naturalista
3175,subgenre-current,novela naturalista,other,80,,8,1,nh0156,other,other,other,other,other,other,other,other,other,other,other
3176,subgenre-current,novela naturalista,other,80,,8,1,nh0159,other,other,other,other,other,other,other,other,other,other,other
3177,subgenre-current,novela naturalista,other,80,,8,1,nh0163,novela naturalista,novela naturalista,novela naturalista,novela naturalista,novela naturalista,novela naturalista,novela naturalista,novela naturalista,novela naturalista,novela naturalista,novela naturalista
3178,subgenre-current,novela naturalista,other,80,,8,1,nh0164,novela naturalista,novela naturalista,novela naturalista,novela naturalista,novela naturalista,novela naturalista,novela naturalista,novela naturalista,novela naturalista,novela naturalista,novela naturalista
3179,subgenre-current,novela naturalista,other,80,,8,1,nh0172,other,other,other,other,other,other,other,other,other,other,other
3180,subgenre-current,novela naturalista,other,80,,8,1,nh0175,other,other,other,other,other,other,other,other,other,other,other
3181,subgenre-current,novela naturalista,other,80,,8,1,nh0177,novela naturalista,novela naturalista,novela naturalista,novela naturalista,novela naturalista,novela naturalista,novela naturalista,novela naturalista,novela naturalista,novela naturalista,novela naturalista
3182,subgenre-current,novela naturalista,other,80,,8,1,nh0179,novela naturalista,novela naturalista,novela naturalista,novela naturalista,novela naturalista,novela naturalista,novela naturalista,novela naturalista,novela naturalista,novela naturalista,novela naturalista
3183,subgenre-current,novela naturalista,other,80,,8,1,nh0180,other,other,other,other,other,other,other,other,other,other,other
3184,subgenre-current,novela naturalista,other,80,,8,1,nh0189,novela naturalista,novela naturalista,novela naturalista,novela naturalista,novela naturalista,novela naturalista,novela naturalista,novela naturalista,novela naturalista,novela naturalista,novela naturalista
3185,subgenre-current,novela naturalista,other,80,,8,1,nh0190,novela naturalista,novela naturalista,novela naturalista,novela naturalista,novela naturalista,novela naturalista,novela naturalista,novela naturalista,novela naturalista,novela naturalista,novela naturalista
3186,subgenre-current,novela naturalista,other,80,,8,1,nh0191,novela naturalista,novela naturalista,novela naturalista,novela naturalista,novela naturalista,novela naturalista,novela naturalista,novela naturalista,novela naturalista,novela naturalista,novela naturalista
3187,subgenre-current,novela naturalista,other,80,,8,1,nh0192,novela naturalista,novela naturalista,novela naturalista,novela naturalista,novela naturalista,novela naturalista,novela naturalista,novela naturalista,novela naturalista,novela naturalista,novela naturalista
3188,subgenre-current,novela naturalista,other,80,,8,1,nh0193,novela naturalista,novela naturalista,novela naturalista,novela naturalista,novela naturalista,novela naturalista,novela naturalista,novela naturalista,novela naturalista,novela naturalista,novela naturalista
3189,subgenre-current,novela naturalista,other,80,,8,1,nh0194,novela naturalista,novela naturalista,novela naturalista,novela naturalista,novela naturalista,novela naturalista,novela naturalista,novela naturalista,novela naturalista,novela naturalista,novela naturalista
3190,subgenre-current,novela naturalista,other,80,,8,1,nh0199,other,other,other,other,other,other,other,other,novela naturalista,other,other
3191,subgenre-current,novela naturalista,other,80,,8,1,nh0201,other,other,other,other,other,other,other,other,novela naturalista,other,other
3192,subgenre-current,novela naturalista,other,80,,8,1,nh0205,novela naturalista,novela naturalista,novela naturalista,novela naturalista,novela naturalista,novela naturalista,novela naturalista,novela naturalista,novela naturalista,novela naturalista,novela naturalista
3193,subgenre-current,novela naturalista,other,80,,8,1,nh0206,novela naturalista,novela naturalista,novela naturalista,novela naturalista,novela naturalista,novela naturalista,novela naturalista,novela naturalista,novela naturalista,other,novela naturalista
3194,subgenre-current,novela naturalista,other,80,,8,1,nh0210,other,other,other,other,other,other,other,other,other,other,other
3195,subgenre-current,novela naturalista,other,80,,8,1,nh0214,other,other,other,other,other,other,other,other,other,other,other
3196,subgenre-current,novela naturalista,other,80,,8,1,nh0217,novela naturalista,novela naturalista,novela naturalista,novela naturalista,novela naturalista,novela naturalista,novela naturalista,novela naturalista,novela naturalista,novela naturalista,novela naturalista
3197,subgenre-current,novela naturalista,other,80,,8,1,nh0219,other,other,other,other,other,other,other,other,other,other,other
3198,subgenre-current,novela naturalista,other,80,,8,1,nh0221,other,other,other,other,other,other,other,other,other,novela naturalista,other
3199,subgenre-current,novela naturalista,other,80,,8,1,nh0223,novela naturalista,novela naturalista,novela naturalista,novela naturalista,novela naturalista,novela naturalista,novela naturalista,novela naturalista,novela naturalista,novela naturalista,novela naturalista
3200,subgenre-current,novela naturalista,other,80,,8,1,nh0224,other,other,other,other,other,other,other,other,other,other,other
3201,subgenre-current,novela naturalista,other,80,,8,1,nh0229,novela naturalista,novela naturalista,novela naturalista,novela naturalista,novela naturalista,novela naturalista,novela naturalista,novela naturalista,novela naturalista,novela naturalista,other
3202,subgenre-current,novela naturalista,other,80,,8,1,nh0230,other,other,other,other,other,other,other,other,other,other,other
3203,subgenre-current,novela naturalista,other,80,,8,1,nh0237,other,other,other,other,other,other,other,other,other,other,other
3204,subgenre-current,novela naturalista,other,80,,8,1,nh0244,other,other,other,other,other,other,other,other,other,other,other
3205,subgenre-current,novela naturalista,other,80,,8,1,nh0246,other,other,other,other,other,other,other,other,other,other,other
3206,subgenre-current,novela naturalista,other,80,,8,1,nh0247,other,other,other,other,other,other,other,other,other,other,other
3207,subgenre-current,novela naturalista,other,80,,8,1,nh0254,novela naturalista,novela naturalista,novela naturalista,novela naturalista,novela naturalista,novela naturalista,novela naturalista,novela naturalista,novela naturalista,novela naturalista,novela naturalista
3208,subgenre-current,novela naturalista,other,80,,8,1,nh0255,novela naturalista,novela naturalista,novela naturalista,novela naturalista,novela naturalista,novela naturalista,novela naturalista,novela naturalista,novela naturalista,novela naturalista,novela naturalista
3209,subgenre-current,novela naturalista,other,80,,8,1,nh0256,novela naturalista,novela naturalista,novela naturalista,novela naturalista,novela naturalista,novela naturalista,novela naturalista,novela naturalista,novela naturalista,novela naturalista,novela naturalista
3210,subgenre-current,novela naturalista,other,80,,9,1,nh0001,other,other,other,other,other,other,other,other,other,other,other
3211,subgenre-current,novela naturalista,other,80,,9,1,nh0011,novela naturalista,novela naturalista,novela naturalista,novela naturalista,novela naturalista,novela naturalista,novela naturalista,novela naturalista,novela naturalista,novela naturalista,novela naturalista
3212,subgenre-current,novela naturalista,other,80,,9,1,nh0012,novela naturalista,novela naturalista,novela naturalista,novela naturalista,novela naturalista,novela naturalista,novela naturalista,novela naturalista,novela naturalista,novela naturalista,novela naturalista
3213,subgenre-current,novela naturalista,other,80,,9,1,nh0013,novela naturalista,other,novela naturalista,novela naturalista,novela naturalista,novela naturalista,novela naturalista,novela naturalista,novela naturalista,novela naturalista,novela naturalista
3214,subgenre-current,novela naturalista,other,80,,9,1,nh0017,other,other,other,other,other,other,other,other,other,other,other
3215,subgenre-current,novela naturalista,other,80,,9,1,nh0019,novela naturalista,novela naturalista,novela naturalista,novela naturalista,novela naturalista,novela naturalista,novela naturalista,novela naturalista,novela naturalista,novela naturalista,novela naturalista
3216,subgenre-current,novela naturalista,other,80,,9,1,nh0022,novela naturalista,novela naturalista,other,novela naturalista,novela naturalista,novela naturalista,novela naturalista,novela naturalista,novela naturalista,novela naturalista,novela naturalista
3217,subgenre-current,novela naturalista,other,80,,9,1,nh0023,other,other,other,other,other,other,other,other,other,other,other
3218,subgenre-current,novela naturalista,other,80,,9,1,nh0025,other,other,other,other,other,other,other,other,other,other,other
3219,subgenre-current,novela naturalista,other,80,,9,1,nh0027,other,novela naturalista,other,other,other,other,other,other,other,other,other
3220,subgenre-current,novela naturalista,other,80,,9,1,nh0028,novela naturalista,novela naturalista,novela naturalista,novela naturalista,novela naturalista,novela naturalista,novela naturalista,novela naturalista,novela naturalista,novela naturalista,novela naturalista
3221,subgenre-current,novela naturalista,other,80,,9,1,nh0029,novela naturalista,novela naturalista,novela naturalista,novela naturalista,novela naturalista,novela naturalista,novela naturalista,novela naturalista,novela naturalista,novela naturalista,novela naturalista
3222,subgenre-current,novela naturalista,other,80,,9,1,nh0030,novela naturalista,novela naturalista,novela naturalista,novela naturalista,novela naturalista,novela naturalista,novela naturalista,novela naturalista,novela naturalista,novela naturalista,novela naturalista
3223,subgenre-current,novela naturalista,other,80,,9,1,nh0031,novela naturalista,novela naturalista,novela naturalista,novela naturalista,novela naturalista,novela naturalista,novela naturalista,novela naturalista,novela naturalista,novela naturalista,novela naturalista
3224,subgenre-current,novela naturalista,other,80,,9,1,nh0032,novela naturalista,novela naturalista,novela naturalista,novela naturalista,novela naturalista,novela naturalista,novela naturalista,novela naturalista,novela naturalista,novela naturalista,novela naturalista
3225,subgenre-current,novela naturalista,other,80,,9,1,nh0033,novela naturalista,novela naturalista,novela naturalista,novela naturalista,novela naturalista,novela naturalista,novela naturalista,novela naturalista,novela naturalista,novela naturalista,novela naturalista
3226,subgenre-current,novela naturalista,other,80,,9,1,nh0034,novela naturalista,novela naturalista,novela naturalista,novela naturalista,novela naturalista,novela naturalista,novela naturalista,novela naturalista,novela naturalista,novela naturalista,novela naturalista
3227,subgenre-current,novela naturalista,other,80,,9,1,nh0035,other,other,other,other,other,other,other,other,other,other,other
3228,subgenre-current,novela naturalista,other,80,,9,1,nh0038,novela naturalista,novela naturalista,novela naturalista,novela naturalista,novela naturalista,novela naturalista,novela naturalista,novela naturalista,novela naturalista,novela naturalista,novela naturalista
3229,subgenre-current,novela naturalista,other,80,,9,1,nh0039,novela naturalista,novela naturalista,novela naturalista,novela naturalista,novela naturalista,novela naturalista,novela naturalista,novela naturalista,novela naturalista,novela naturalista,novela naturalista
3230,subgenre-current,novela naturalista,other,80,,9,1,nh0040,other,other,other,other,other,other,other,other,other,other,other
3231,subgenre-current,novela naturalista,other,80,,9,1,nh0046,other,other,novela naturalista,other,other,other,other,other,other,other,other
3232,subgenre-current,novela naturalista,other,80,,9,1,nh0047,other,other,novela naturalista,other,other,other,other,other,other,other,other
3233,subgenre-current,novela naturalista,other,80,,9,1,nh0050,other,other,other,other,other,other,other,other,other,other,other
3234,subgenre-current,novela naturalista,other,80,,9,1,nh0052,other,other,other,novela naturalista,other,other,other,other,other,other,other
3235,subgenre-current,novela naturalista,other,80,,9,1,nh0054,other,other,other,other,other,other,other,other,other,other,other
3236,subgenre-current,novela naturalista,other,80,,9,1,nh0055,other,other,other,other,other,other,other,other,other,other,other
3237,subgenre-current,novela naturalista,other,80,,9,1,nh0057,novela naturalista,novela naturalista,novela naturalista,novela naturalista,novela naturalista,novela naturalista,novela naturalista,novela naturalista,novela naturalista,novela naturalista,novela naturalista
3238,subgenre-current,novela naturalista,other,80,,9,1,nh0058,novela naturalista,novela naturalista,novela naturalista,novela naturalista,novela naturalista,novela naturalista,novela naturalista,novela naturalista,novela naturalista,novela naturalista,novela naturalista
3239,subgenre-current,novela naturalista,other,80,,9,1,nh0059,novela naturalista,novela naturalista,novela naturalista,novela naturalista,novela naturalista,novela naturalista,novela naturalista,novela naturalista,novela naturalista,novela naturalista,novela naturalista
3240,subgenre-current,novela naturalista,other,80,,9,1,nh0060,novela naturalista,novela naturalista,novela naturalista,novela naturalista,novela naturalista,novela naturalista,novela naturalista,novela naturalista,novela naturalista,novela naturalista,novela naturalista
3241,subgenre-current,novela naturalista,other,80,,9,1,nh0061,other,other,other,other,other,other,other,other,other,other,other
3242,subgenre-current,novela naturalista,other,80,,9,1,nh0062,other,other,other,novela naturalista,other,other,other,other,other,other,other
3243,subgenre-current,novela naturalista,other,80,,9,1,nh0068,other,other,other,other,novela naturalista,other,other,other,other,other,other
3244,subgenre-current,novela naturalista,other,80,,9,1,nh0071,other,other,other,other,other,other,other,other,other,other,other
3245,subgenre-current,novela naturalista,other,80,,9,1,nh0074,novela naturalista,novela naturalista,novela naturalista,novela naturalista,novela naturalista,novela naturalista,novela naturalista,novela naturalista,novela naturalista,novela naturalista,novela naturalista
3246,subgenre-current,novela naturalista,other,80,,9,1,nh0076,novela naturalista,novela naturalista,novela naturalista,novela naturalista,novela naturalista,novela naturalista,novela naturalista,novela naturalista,novela naturalista,novela naturalista,novela naturalista
3247,subgenre-current,novela naturalista,other,80,,9,1,nh0080,novela naturalista,novela naturalista,novela naturalista,novela naturalista,novela naturalista,novela naturalista,novela naturalista,novela naturalista,novela naturalista,novela naturalista,novela naturalista
3248,subgenre-current,novela naturalista,other,80,,9,1,nh0084,other,other,other,other,other,other,other,other,other,other,other
3249,subgenre-current,novela naturalista,other,80,,9,1,nh0086,other,other,other,other,novela naturalista,other,other,other,other,other,other
3250,subgenre-current,novela naturalista,other,80,,9,1,nh0088,novela naturalista,novela naturalista,novela naturalista,novela naturalista,novela naturalista,novela naturalista,novela naturalista,novela naturalista,novela naturalista,novela naturalista,novela naturalista
3251,subgenre-current,novela naturalista,other,80,,9,1,nh0090,novela naturalista,novela naturalista,novela naturalista,novela naturalista,novela naturalista,novela naturalista,other,novela naturalista,novela naturalista,novela naturalista,novela naturalista
3252,subgenre-current,novela naturalista,other,80,,9,1,nh0097,other,other,other,other,other,other,other,other,other,other,other
3253,subgenre-current,novela naturalista,other,80,,9,1,nh0099,other,other,other,other,other,novela naturalista,other,other,other,other,other
3254,subgenre-current,novela naturalista,other,80,,9,1,nh0105,other,other,other,other,other,other,other,other,other,other,other
3255,subgenre-current,novela naturalista,other,80,,9,1,nh0109,novela naturalista,novela naturalista,novela naturalista,novela naturalista,novela naturalista,novela naturalista,novela naturalista,novela naturalista,novela naturalista,novela naturalista,novela naturalista
3256,subgenre-current,novela naturalista,other,80,,9,1,nh0111,other,other,other,other,other,other,other,other,other,other,other
3257,subgenre-current,novela naturalista,other,80,,9,1,nh0114,novela naturalista,novela naturalista,novela naturalista,novela naturalista,novela naturalista,novela naturalista,novela naturalista,novela naturalista,novela naturalista,novela naturalista,novela naturalista
3258,subgenre-current,novela naturalista,other,80,,9,1,nh0116,other,other,other,other,other,other,other,other,other,other,other
3259,subgenre-current,novela naturalista,other,80,,9,1,nh0122,other,other,other,other,other,other,other,other,other,other,other
3260,subgenre-current,novela naturalista,other,80,,9,1,nh0125,other,other,other,other,other,other,other,other,other,other,other
3261,subgenre-current,novela naturalista,other,80,,9,1,nh0127,other,other,other,other,other,other,novela naturalista,other,other,other,other
3262,subgenre-current,novela naturalista,other,80,,9,1,nh0129,other,other,other,other,other,other,other,other,other,other,other
3263,subgenre-current,novela naturalista,other,80,,9,1,nh0133,other,other,other,other,other,other,novela naturalista,other,other,other,other
3264,subgenre-current,novela naturalista,other,80,,9,1,nh0136,novela naturalista,novela naturalista,novela naturalista,novela naturalista,novela naturalista,novela naturalista,novela naturalista,novela naturalista,novela naturalista,novela naturalista,novela naturalista
3265,subgenre-current,novela naturalista,other,80,,9,1,nh0141,other,other,other,other,other,other,other,other,other,other,other
3266,subgenre-current,novela naturalista,other,80,,9,1,nh0145,other,other,other,other,other,other,other,novela naturalista,other,other,other
3267,subgenre-current,novela naturalista,other,80,,9,1,nh0152,other,other,other,other,other,other,other,other,other,other,other
3268,subgenre-current,novela naturalista,other,80,,9,1,nh0155,novela naturalista,novela naturalista,novela naturalista,novela naturalista,novela naturalista,novela naturalista,novela naturalista,novela naturalista,novela naturalista,novela naturalista,novela naturalista
3269,subgenre-current,novela naturalista,other,80,,9,1,nh0163,novela naturalista,novela naturalista,novela naturalista,novela naturalista,novela naturalista,novela naturalista,novela naturalista,novela naturalista,novela naturalista,novela naturalista,novela naturalista
3270,subgenre-current,novela naturalista,other,80,,9,1,nh0164,novela naturalista,novela naturalista,novela naturalista,novela naturalista,novela naturalista,novela naturalista,novela naturalista,novela naturalista,novela naturalista,novela naturalista,novela naturalista
3271,subgenre-current,novela naturalista,other,80,,9,1,nh0173,other,other,other,other,other,other,other,novela naturalista,other,other,other
3272,subgenre-current,novela naturalista,other,80,,9,1,nh0174,other,other,other,other,other,other,other,other,novela naturalista,other,other
3273,subgenre-current,novela naturalista,other,80,,9,1,nh0177,novela naturalista,novela naturalista,novela naturalista,novela naturalista,novela naturalista,novela naturalista,novela naturalista,novela naturalista,novela naturalista,novela naturalista,novela naturalista
3274,subgenre-current,novela naturalista,other,80,,9,1,nh0179,novela naturalista,novela naturalista,novela naturalista,novela naturalista,novela naturalista,novela naturalista,novela naturalista,novela naturalista,novela naturalista,novela naturalista,novela naturalista
3275,subgenre-current,novela naturalista,other,80,,9,1,nh0189,novela naturalista,novela naturalista,novela naturalista,novela naturalista,novela naturalista,novela naturalista,novela naturalista,novela naturalista,novela naturalista,novela naturalista,novela naturalista
3276,subgenre-current,novela naturalista,other,80,,9,1,nh0190,novela naturalista,novela naturalista,novela naturalista,novela naturalista,novela naturalista,novela naturalista,novela naturalista,novela naturalista,novela naturalista,novela naturalista,novela naturalista
3277,subgenre-current,novela naturalista,other,80,,9,1,nh0191,novela naturalista,novela naturalista,novela naturalista,novela naturalista,novela naturalista,novela naturalista,novela naturalista,novela naturalista,novela naturalista,novela naturalista,novela naturalista
3278,subgenre-current,novela naturalista,other,80,,9,1,nh0192,novela naturalista,novela naturalista,novela naturalista,novela naturalista,novela naturalista,novela naturalista,novela naturalista,novela naturalista,novela naturalista,novela naturalista,novela naturalista
3279,subgenre-current,novela naturalista,other,80,,9,1,nh0193,novela naturalista,novela naturalista,novela naturalista,novela naturalista,novela naturalista,novela naturalista,novela naturalista,novela naturalista,novela naturalista,novela naturalista,novela naturalista
3280,subgenre-current,novela naturalista,other,80,,9,1,nh0194,novela naturalista,novela naturalista,novela naturalista,novela naturalista,novela naturalista,novela naturalista,novela naturalista,novela naturalista,novela naturalista,novela naturalista,novela naturalista
3281,subgenre-current,novela naturalista,other,80,,9,1,nh0197,other,other,other,other,other,other,other,other,other,other,other
3282,subgenre-current,novela naturalista,other,80,,9,1,nh0201,other,other,other,other,other,other,other,other,novela naturalista,other,other
3283,subgenre-current,novela naturalista,other,80,,9,1,nh0204,other,other,other,other,other,other,other,other,novela naturalista,other,other
3284,subgenre-current,novela naturalista,other,80,,9,1,nh0205,novela naturalista,novela naturalista,novela naturalista,novela naturalista,novela naturalista,novela naturalista,novela naturalista,novela naturalista,novela naturalista,novela naturalista,novela naturalista
3285,subgenre-current,novela naturalista,other,80,,9,1,nh0206,novela naturalista,novela naturalista,novela naturalista,novela naturalista,novela naturalista,novela naturalista,novela naturalista,novela naturalista,novela naturalista,other,novela naturalista
3286,subgenre-current,novela naturalista,other,80,,9,1,nh0214,other,other,other,other,other,other,other,other,other,other,other
3287,subgenre-current,novela naturalista,other,80,,9,1,nh0217,novela naturalista,novela naturalista,novela naturalista,novela naturalista,novela naturalista,novela naturalista,novela naturalista,novela naturalista,novela naturalista,other,novela naturalista
3288,subgenre-current,novela naturalista,other,80,,9,1,nh0219,other,other,other,other,other,other,other,other,other,other,other
3289,subgenre-current,novela naturalista,other,80,,9,1,nh0223,novela naturalista,novela naturalista,novela naturalista,novela naturalista,novela naturalista,novela naturalista,novela naturalista,novela naturalista,novela naturalista,novela naturalista,novela naturalista
3290,subgenre-current,novela naturalista,other,80,,9,1,nh0225,other,other,other,other,other,other,other,other,other,other,other
3291,subgenre-current,novela naturalista,other,80,,9,1,nh0229,novela naturalista,novela naturalista,novela naturalista,novela naturalista,novela naturalista,novela naturalista,novela naturalista,novela naturalista,novela naturalista,novela naturalista,novela naturalista
3292,subgenre-current,novela naturalista,other,80,,9,1,nh0232,other,other,other,other,other,other,other,other,other,novela naturalista,other
3293,subgenre-current,novela naturalista,other,80,,9,1,nh0237,other,other,other,other,other,other,other,other,other,other,other
3294,subgenre-current,novela naturalista,other,80,,9,1,nh0239,other,other,other,other,other,other,other,other,other,other,other
3295,subgenre-current,novela naturalista,other,80,,9,1,nh0244,other,other,other,other,other,other,other,other,other,other,other
3296,subgenre-current,novela naturalista,other,80,,9,1,nh0246,other,other,other,other,other,other,other,other,other,other,other
3297,subgenre-current,novela naturalista,other,80,,9,1,nh0254,novela naturalista,novela naturalista,novela naturalista,novela naturalista,novela naturalista,novela naturalista,novela naturalista,novela naturalista,novela naturalista,novela naturalista,novela naturalista
3298,subgenre-current,novela naturalista,other,80,,9,1,nh0255,novela naturalista,novela naturalista,novela naturalista,novela naturalista,novela naturalista,novela naturalista,novela naturalista,novela naturalista,novela naturalista,novela naturalista,novela naturalista
3299,subgenre-current,novela naturalista,other,80,,9,1,nh0256,novela naturalista,novela naturalista,novela naturalista,novela naturalista,novela naturalista,novela naturalista,novela naturalista,novela naturalista,novela naturalista,novela naturalista,novela naturalista
3300,subgenre-current,novela romántica,novela realista,80,,0,1,nh0001,novela romántica,novela realista,novela romántica,novela romántica,novela romántica,novela romántica,novela romántica,novela romántica,novela romántica,novela romántica,novela romántica
3301,subgenre-current,novela romántica,novela realista,80,,0,1,nh0002,novela realista,novela realista,novela realista,novela realista,novela realista,novela realista,novela realista,novela realista,novela realista,novela realista,novela realista
3302,subgenre-current,novela romántica,novela realista,80,,0,1,nh0006,novela romántica,novela romántica,novela romántica,novela romántica,novela romántica,novela romántica,novela romántica,novela romántica,novela romántica,novela romántica,novela romántica
3303,subgenre-current,novela romántica,novela realista,80,,0,1,nh0007,novela romántica,novela romántica,novela romántica,novela romántica,novela romántica,novela romántica,novela romántica,novela romántica,novela romántica,novela romántica,novela romántica
3304,subgenre-current,novela romántica,novela realista,80,,0,1,nh0008,novela realista,novela realista,novela realista,novela realista,novela realista,novela realista,novela realista,novela realista,novela realista,novela realista,novela realista
3305,subgenre-current,novela romántica,novela realista,80,,0,1,nh0009,novela romántica,novela romántica,novela romántica,novela romántica,novela romántica,novela romántica,novela romántica,novela romántica,novela romántica,novela romántica,novela romántica
3306,subgenre-current,novela romántica,novela realista,80,,0,1,nh0010,novela realista,novela realista,novela realista,novela realista,novela realista,novela realista,novela realista,novela realista,novela realista,novela realista,novela realista
3307,subgenre-current,novela romántica,novela realista,80,,0,1,nh0015,novela realista,novela realista,novela realista,novela realista,novela realista,novela realista,novela realista,novela realista,novela realista,novela realista,novela realista
3308,subgenre-current,novela romántica,novela realista,80,,0,1,nh0016,novela romántica,novela romántica,novela realista,novela romántica,novela romántica,novela romántica,novela romántica,novela romántica,novela romántica,novela romántica,novela romántica
3309,subgenre-current,novela romántica,novela realista,80,,0,1,nh0023,novela realista,novela realista,novela realista,novela realista,novela realista,novela realista,novela realista,novela realista,novela realista,novela realista,novela realista
3310,subgenre-current,novela romántica,novela realista,80,,0,1,nh0024,novela romántica,novela romántica,novela realista,novela romántica,novela romántica,novela romántica,novela romántica,novela romántica,novela romántica,novela romántica,novela romántica
3311,subgenre-current,novela romántica,novela realista,80,,0,1,nh0026,novela romántica,novela romántica,novela romántica,novela romántica,novela romántica,novela romántica,novela romántica,novela romántica,novela romántica,novela romántica,novela romántica
3312,subgenre-current,novela romántica,novela realista,80,,0,1,nh0027,novela realista,novela realista,novela realista,novela realista,novela realista,novela realista,novela realista,novela realista,novela realista,novela realista,novela realista
3313,subgenre-current,novela romántica,novela realista,80,,0,1,nh0036,novela realista,novela realista,novela realista,novela realista,novela realista,novela realista,novela realista,novela realista,novela realista,novela realista,novela realista
3314,subgenre-current,novela romántica,novela realista,80,,0,1,nh0044,novela realista,novela realista,novela realista,novela realista,novela realista,novela realista,novela realista,novela realista,novela realista,novela realista,novela realista
3315,subgenre-current,novela romántica,novela realista,80,,0,1,nh0046,novela realista,novela realista,novela realista,novela realista,novela realista,novela realista,novela realista,novela realista,novela realista,novela realista,novela realista
3316,subgenre-current,novela romántica,novela realista,80,,0,1,nh0047,novela realista,novela realista,novela realista,novela realista,novela realista,novela realista,novela realista,novela realista,novela realista,novela realista,novela realista
3317,subgenre-current,novela romántica,novela realista,80,,0,1,nh0048,novela realista,novela realista,novela realista,novela realista,novela realista,novela realista,novela realista,novela realista,novela realista,novela realista,novela realista
3318,subgenre-current,novela romántica,novela realista,80,,0,1,nh0049,novela romántica,novela romántica,novela romántica,novela romántica,novela romántica,novela romántica,novela romántica,novela romántica,novela romántica,novela romántica,novela romántica
3319,subgenre-current,novela romántica,novela realista,80,,0,1,nh0050,novela romántica,novela romántica,novela romántica,novela romántica,novela romántica,novela romántica,novela romántica,novela romántica,novela romántica,novela romántica,novela romántica
3320,subgenre-current,novela romántica,novela realista,80,,0,1,nh0052,novela realista,novela realista,novela realista,novela realista,novela realista,novela realista,novela realista,novela realista,novela realista,novela realista,novela realista
3321,subgenre-current,novela romántica,novela realista,80,,0,1,nh0056,novela romántica,novela romántica,novela romántica,novela romántica,novela romántica,novela romántica,novela romántica,novela romántica,novela romántica,novela romántica,novela romántica
3322,subgenre-current,novela romántica,novela realista,80,,0,1,nh0062,novela realista,novela realista,novela realista,novela realista,novela realista,novela realista,novela realista,novela realista,novela realista,novela realista,novela realista
3323,subgenre-current,novela romántica,novela realista,80,,0,1,nh0067,novela realista,novela realista,novela realista,novela realista,novela realista,novela realista,novela realista,novela realista,novela realista,novela realista,novela realista
3324,subgenre-current,novela romántica,novela realista,80,,0,1,nh0068,novela realista,novela realista,novela realista,novela realista,novela realista,novela realista,novela realista,novela realista,novela realista,novela realista,novela realista
3325,subgenre-current,novela romántica,novela realista,80,,0,1,nh0071,novela romántica,novela romántica,novela romántica,novela realista,novela romántica,novela romántica,novela romántica,novela romántica,novela romántica,novela romántica,novela romántica
3326,subgenre-current,novela romántica,novela realista,80,,0,1,nh0073,novela romántica,novela romántica,novela romántica,novela romántica,novela romántica,novela romántica,novela romántica,novela romántica,novela romántica,novela romántica,novela romántica
3327,subgenre-current,novela romántica,novela realista,80,,0,1,nh0075,novela realista,novela realista,novela realista,novela realista,novela realista,novela realista,novela realista,novela realista,novela realista,novela realista,novela realista
3328,subgenre-current,novela romántica,novela realista,80,,0,1,nh0087,novela romántica,novela romántica,novela romántica,novela romántica,novela romántica,novela romántica,novela romántica,novela romántica,novela romántica,novela romántica,novela romántica
3329,subgenre-current,novela romántica,novela realista,80,,0,1,nh0089,novela realista,novela realista,novela realista,novela realista,novela realista,novela realista,novela realista,novela realista,novela realista,novela realista,novela realista
3330,subgenre-current,novela romántica,novela realista,80,,0,1,nh0092,novela romántica,novela romántica,novela romántica,novela romántica,novela realista,novela romántica,novela romántica,novela romántica,novela romántica,novela romántica,novela romántica
3331,subgenre-current,novela romántica,novela realista,80,,0,1,nh0095,novela romántica,novela romántica,novela romántica,novela romántica,novela romántica,novela romántica,novela romántica,novela romántica,novela romántica,novela romántica,novela romántica
3332,subgenre-current,novela romántica,novela realista,80,,0,1,nh0098,novela romántica,novela romántica,novela romántica,novela romántica,novela romántica,novela romántica,novela romántica,novela romántica,novela romántica,novela romántica,novela romántica
3333,subgenre-current,novela romántica,novela realista,80,,0,1,nh0104,novela romántica,novela romántica,novela romántica,novela romántica,novela romántica,novela romántica,novela romántica,novela romántica,novela romántica,novela romántica,novela romántica
3334,subgenre-current,novela romántica,novela realista,80,,0,1,nh0105,novela romántica,novela romántica,novela romántica,novela romántica,novela romántica,novela realista,novela romántica,novela romántica,novela romántica,novela romántica,novela romántica
3335,subgenre-current,novela romántica,novela realista,80,,0,1,nh0117,novela romántica,novela romántica,novela romántica,novela romántica,novela romántica,novela romántica,novela romántica,novela romántica,novela romántica,novela romántica,novela romántica
3336,subgenre-current,novela romántica,novela realista,80,,0,1,nh0125,novela romántica,novela romántica,novela romántica,novela romántica,novela romántica,novela realista,novela romántica,novela romántica,novela romántica,novela romántica,novela romántica
3337,subgenre-current,novela romántica,novela realista,80,,0,1,nh0127,novela realista,novela realista,novela realista,novela realista,novela realista,novela realista,novela realista,novela realista,novela realista,novela realista,novela realista
3338,subgenre-current,novela romántica,novela realista,80,,0,1,nh0131,novela romántica,novela romántica,novela romántica,novela romántica,novela romántica,novela romántica,novela realista,novela romántica,novela romántica,novela romántica,novela romántica
3339,subgenre-current,novela romántica,novela realista,80,,0,1,nh0133,novela realista,novela realista,novela realista,novela realista,novela realista,novela realista,novela realista,novela realista,novela realista,novela realista,novela realista
3340,subgenre-current,novela romántica,novela realista,80,,0,1,nh0135,novela realista,novela realista,novela realista,novela realista,novela realista,novela realista,novela realista,novela romántica,novela realista,novela realista,novela realista
3341,subgenre-current,novela romántica,novela realista,80,,0,1,nh0140,novela romántica,novela romántica,novela romántica,novela romántica,novela romántica,novela romántica,novela romántica,novela romántica,novela romántica,novela romántica,novela romántica
3342,subgenre-current,novela romántica,novela realista,80,,0,1,nh0141,novela romántica,novela romántica,novela romántica,novela romántica,novela romántica,novela romántica,novela romántica,novela romántica,novela romántica,novela romántica,novela romántica
3343,subgenre-current,novela romántica,novela realista,80,,0,1,nh0143,novela romántica,novela romántica,novela romántica,novela romántica,novela romántica,novela romántica,novela romántica,novela romántica,novela romántica,novela romántica,novela romántica
3344,subgenre-current,novela romántica,novela realista,80,,0,1,nh0148,novela realista,novela realista,novela realista,novela realista,novela realista,novela realista,novela realista,novela realista,novela realista,novela realista,novela realista
3345,subgenre-current,novela romántica,novela realista,80,,0,1,nh0159,novela romántica,novela romántica,novela romántica,novela romántica,novela romántica,novela romántica,novela romántica,novela romántica,novela romántica,novela romántica,novela romántica
3346,subgenre-current,novela romántica,novela realista,80,,0,1,nh0161,novela romántica,novela romántica,novela romántica,novela romántica,novela romántica,novela romántica,novela romántica,novela realista,novela romántica,novela romántica,novela romántica
3347,subgenre-current,novela romántica,novela realista,80,,0,1,nh0162,novela romántica,novela romántica,novela romántica,novela romántica,novela romántica,novela romántica,novela romántica,novela romántica,novela realista,novela romántica,novela romántica
3348,subgenre-current,novela romántica,novela realista,80,,0,1,nh0165,novela realista,novela realista,novela realista,novela realista,novela realista,novela realista,novela realista,novela realista,novela realista,novela realista,novela realista
3349,subgenre-current,novela romántica,novela realista,80,,0,1,nh0171,novela romántica,novela romántica,novela romántica,novela romántica,novela romántica,novela romántica,novela romántica,novela romántica,novela romántica,novela romántica,novela romántica
3350,subgenre-current,novela romántica,novela realista,80,,0,1,nh0172,novela romántica,novela romántica,novela romántica,novela romántica,novela romántica,novela romántica,novela romántica,novela romántica,novela romántica,novela romántica,novela romántica
3351,subgenre-current,novela romántica,novela realista,80,,0,1,nh0174,novela realista,novela realista,novela realista,novela realista,novela realista,novela realista,novela realista,novela realista,novela realista,novela realista,novela realista
3352,subgenre-current,novela romántica,novela realista,80,,0,1,nh0175,novela realista,novela realista,novela realista,novela realista,novela realista,novela realista,novela realista,novela realista,novela realista,novela realista,novela realista
3353,subgenre-current,novela romántica,novela realista,80,,0,1,nh0180,novela romántica,novela romántica,novela romántica,novela romántica,novela romántica,novela romántica,novela romántica,novela romántica,novela romántica,novela romántica,novela romántica
3354,subgenre-current,novela romántica,novela realista,80,,0,1,nh0195,novela romántica,novela romántica,novela romántica,novela romántica,novela romántica,novela romántica,novela romántica,novela romántica,novela romántica,novela romántica,novela romántica
3355,subgenre-current,novela romántica,novela realista,80,,0,1,nh0198,novela realista,novela realista,novela realista,novela realista,novela realista,novela realista,novela realista,novela realista,novela realista,novela realista,novela realista
3356,subgenre-current,novela romántica,novela realista,80,,0,1,nh0201,novela romántica,novela romántica,novela romántica,novela romántica,novela romántica,novela romántica,novela romántica,novela romántica,novela romántica,novela realista,novela romántica
3357,subgenre-current,novela romántica,novela realista,80,,0,1,nh0202,novela realista,novela realista,novela realista,novela realista,novela realista,novela realista,novela realista,novela realista,novela realista,novela realista,novela realista
3358,subgenre-current,novela romántica,novela realista,80,,0,1,nh0203,novela romántica,novela romántica,novela romántica,novela romántica,novela romántica,novela romántica,novela romántica,novela romántica,novela romántica,novela romántica,novela romántica
3359,subgenre-current,novela romántica,novela realista,80,,0,1,nh0204,novela realista,novela realista,novela realista,novela realista,novela realista,novela realista,novela realista,novela realista,novela realista,novela realista,novela realista
3360,subgenre-current,novela romántica,novela realista,80,,0,1,nh0208,novela realista,novela realista,novela realista,novela realista,novela realista,novela realista,novela realista,novela realista,novela realista,novela realista,novela realista
3361,subgenre-current,novela romántica,novela realista,80,,0,1,nh0210,novela realista,novela realista,novela realista,novela realista,novela realista,novela realista,novela realista,novela realista,novela realista,novela romántica,novela realista
3362,subgenre-current,novela romántica,novela realista,80,,0,1,nh0214,novela realista,novela realista,novela realista,novela realista,novela realista,novela realista,novela realista,novela realista,novela realista,novela romántica,novela realista
3363,subgenre-current,novela romántica,novela realista,80,,0,1,nh0220,novela romántica,novela romántica,novela romántica,novela romántica,novela romántica,novela romántica,novela romántica,novela romántica,novela romántica,novela romántica,novela romántica
3364,subgenre-current,novela romántica,novela realista,80,,0,1,nh0221,novela realista,novela realista,novela realista,novela realista,novela realista,novela realista,novela realista,novela realista,novela realista,novela realista,novela realista
3365,subgenre-current,novela romántica,novela realista,80,,0,1,nh0230,novela realista,novela realista,novela realista,novela realista,novela realista,novela realista,novela realista,novela realista,novela realista,novela realista,novela realista
3366,subgenre-current,novela romántica,novela realista,80,,0,1,nh0232,novela realista,novela realista,novela realista,novela realista,novela realista,novela realista,novela realista,novela realista,novela realista,novela realista,novela realista
3367,subgenre-current,novela romántica,novela realista,80,,0,1,nh0235,novela realista,novela realista,novela realista,novela realista,novela realista,novela realista,novela realista,novela realista,novela realista,novela realista,novela realista
3368,subgenre-current,novela romántica,novela realista,80,,0,1,nh0239,novela realista,novela realista,novela realista,novela realista,novela realista,novela realista,novela realista,novela realista,novela realista,novela realista,novela realista
3369,subgenre-current,novela romántica,novela realista,80,,0,1,nh0252,novela romántica,novela romántica,novela romántica,novela romántica,novela romántica,novela romántica,novela romántica,novela romántica,novela romántica,novela romántica,novela romántica
3370,subgenre-current,novela romántica,novela realista,80,,1,1,nh0002,novela realista,novela realista,novela realista,novela realista,novela realista,novela realista,novela realista,novela realista,novela realista,novela realista,novela realista
3371,subgenre-current,novela romántica,novela realista,80,,1,1,nh0003,novela romántica,novela romántica,novela romántica,novela romántica,novela romántica,novela romántica,novela romántica,novela romántica,novela romántica,novela romántica,novela romántica
3372,subgenre-current,novela romántica,novela realista,80,,1,1,nh0005,novela romántica,novela romántica,novela romántica,novela romántica,novela romántica,novela romántica,novela romántica,novela romántica,novela romántica,novela romántica,novela romántica
3373,subgenre-current,novela romántica,novela realista,80,,1,1,nh0007,novela romántica,novela romántica,novela romántica,novela romántica,novela romántica,novela romántica,novela romántica,novela romántica,novela romántica,novela romántica,novela romántica
3374,subgenre-current,novela romántica,novela realista,80,,1,1,nh0008,novela realista,novela realista,novela realista,novela realista,novela realista,novela realista,novela realista,novela realista,novela realista,novela realista,novela realista
3375,subgenre-current,novela romántica,novela realista,80,,1,1,nh0009,novela romántica,novela romántica,novela romántica,novela romántica,novela romántica,novela romántica,novela romántica,novela romántica,novela romántica,novela romántica,novela romántica
3376,subgenre-current,novela romántica,novela realista,80,,1,1,nh0010,novela realista,novela realista,novela realista,novela realista,novela realista,novela realista,novela realista,novela realista,novela realista,novela realista,novela realista
3377,subgenre-current,novela romántica,novela realista,80,,1,1,nh0015,novela realista,novela realista,novela realista,novela realista,novela realista,novela realista,novela realista,novela realista,novela realista,novela realista,novela realista
3378,subgenre-current,novela romántica,novela realista,80,,1,1,nh0021,novela romántica,novela romántica,novela realista,novela romántica,novela romántica,novela romántica,novela romántica,novela romántica,novela romántica,novela romántica,novela romántica
3379,subgenre-current,novela romántica,novela realista,80,,1,1,nh0023,novela realista,novela realista,novela realista,novela realista,novela realista,novela realista,novela realista,novela realista,novela realista,novela realista,novela realista
3380,subgenre-current,novela romántica,novela realista,80,,1,1,nh0024,novela romántica,novela romántica,novela romántica,novela romántica,novela romántica,novela romántica,novela romántica,novela romántica,novela romántica,novela romántica,novela romántica
3381,subgenre-current,novela romántica,novela realista,80,,1,1,nh0026,novela romántica,novela romántica,novela romántica,novela romántica,novela romántica,novela romántica,novela romántica,novela romántica,novela romántica,novela romántica,novela romántica
3382,subgenre-current,novela romántica,novela realista,80,,1,1,nh0027,novela realista,novela realista,novela realista,novela realista,novela realista,novela realista,novela realista,novela realista,novela realista,novela realista,novela realista
3383,subgenre-current,novela romántica,novela realista,80,,1,1,nh0036,novela realista,novela realista,novela realista,novela realista,novela realista,novela realista,novela realista,novela realista,novela realista,novela realista,novela realista
3384,subgenre-current,novela romántica,novela realista,80,,1,1,nh0037,novela romántica,novela romántica,novela romántica,novela romántica,novela romántica,novela romántica,novela romántica,novela romántica,novela romántica,novela romántica,novela romántica
3385,subgenre-current,novela romántica,novela realista,80,,1,1,nh0040,novela romántica,novela romántica,novela romántica,novela romántica,novela romántica,novela romántica,novela romántica,novela romántica,novela romántica,novela romántica,novela romántica
3386,subgenre-current,novela romántica,novela realista,80,,1,1,nh0043,novela romántica,novela romántica,novela romántica,novela romántica,novela romántica,novela romántica,novela romántica,novela romántica,novela romántica,novela romántica,novela romántica
3387,subgenre-current,novela romántica,novela realista,80,,1,1,nh0044,novela realista,novela realista,novela realista,novela realista,novela realista,novela realista,novela realista,novela realista,novela realista,novela realista,novela realista
3388,subgenre-current,novela romántica,novela realista,80,,1,1,nh0045,novela romántica,novela romántica,novela romántica,novela romántica,novela romántica,novela romántica,novela romántica,novela romántica,novela romántica,novela romántica,novela romántica
3389,subgenre-current,novela romántica,novela realista,80,,1,1,nh0046,novela realista,novela realista,novela realista,novela realista,novela realista,novela realista,novela realista,novela realista,novela realista,novela realista,novela realista
3390,subgenre-current,novela romántica,novela realista,80,,1,1,nh0047,novela realista,novela realista,novela realista,novela realista,novela realista,novela realista,novela realista,novela realista,novela realista,novela realista,novela realista
3391,subgenre-current,novela romántica,novela realista,80,,1,1,nh0048,novela realista,novela realista,novela realista,novela realista,novela realista,novela realista,novela realista,novela realista,novela realista,novela realista,novela realista
3392,subgenre-current,novela romántica,novela realista,80,,1,1,nh0049,novela romántica,novela romántica,novela romántica,novela romántica,novela romántica,novela romántica,novela romántica,novela romántica,novela romántica,novela romántica,novela romántica
3393,subgenre-current,novela romántica,novela realista,80,,1,1,nh0052,novela realista,novela realista,novela realista,novela realista,novela realista,novela realista,novela realista,novela realista,novela realista,novela realista,novela realista
3394,subgenre-current,novela romántica,novela realista,80,,1,1,nh0053,novela romántica,novela romántica,novela romántica,novela romántica,novela romántica,novela romántica,novela romántica,novela romántica,novela romántica,novela romántica,novela romántica
3395,subgenre-current,novela romántica,novela realista,80,,1,1,nh0062,novela realista,novela realista,novela realista,novela realista,novela realista,novela realista,novela realista,novela realista,novela realista,novela realista,novela realista
3396,subgenre-current,novela romántica,novela realista,80,,1,1,nh0063,novela romántica,novela romántica,novela romántica,novela romántica,novela romántica,novela romántica,novela romántica,novela romántica,novela romántica,novela romántica,novela romántica
3397,subgenre-current,novela romántica,novela realista,80,,1,1,nh0065,novela romántica,novela romántica,novela romántica,novela romántica,novela romántica,novela romántica,novela romántica,novela romántica,novela romántica,novela romántica,novela romántica
3398,subgenre-current,novela romántica,novela realista,80,,1,1,nh0067,novela realista,novela realista,novela realista,novela realista,novela realista,novela realista,novela realista,novela realista,novela realista,novela realista,novela realista
3399,subgenre-current,novela romántica,novela realista,80,,1,1,nh0068,novela realista,novela realista,novela realista,novela realista,novela realista,novela realista,novela realista,novela realista,novela realista,novela realista,novela realista
3400,subgenre-current,novela romántica,novela realista,80,,1,1,nh0075,novela realista,novela realista,novela realista,novela realista,novela realista,novela realista,novela realista,novela realista,novela realista,novela realista,novela realista
3401,subgenre-current,novela romántica,novela realista,80,,1,1,nh0089,novela realista,novela realista,novela realista,novela realista,novela realista,novela realista,novela realista,novela realista,novela realista,novela realista,novela realista
3402,subgenre-current,novela romántica,novela realista,80,,1,1,nh0092,novela romántica,novela romántica,novela romántica,novela romántica,novela romántica,novela romántica,novela romántica,novela romántica,novela romántica,novela romántica,novela romántica
3403,subgenre-current,novela romántica,novela realista,80,,1,1,nh0095,novela romántica,novela romántica,novela romántica,novela romántica,novela romántica,novela romántica,novela romántica,novela romántica,novela romántica,novela romántica,novela romántica
3404,subgenre-current,novela romántica,novela realista,80,,1,1,nh0116,novela romántica,novela romántica,novela romántica,novela romántica,novela romántica,novela romántica,novela romántica,novela romántica,novela romántica,novela romántica,novela romántica
3405,subgenre-current,novela romántica,novela realista,80,,1,1,nh0120,novela romántica,novela romántica,novela romántica,novela romántica,novela romántica,novela romántica,novela romántica,novela romántica,novela romántica,novela romántica,novela romántica
3406,subgenre-current,novela romántica,novela realista,80,,1,1,nh0124,novela romántica,novela romántica,novela romántica,novela romántica,novela romántica,novela romántica,novela romántica,novela romántica,novela romántica,novela romántica,novela romántica
3407,subgenre-current,novela romántica,novela realista,80,,1,1,nh0127,novela realista,novela realista,novela realista,novela realista,novela realista,novela realista,novela realista,novela realista,novela realista,novela realista,novela realista
3408,subgenre-current,novela romántica,novela realista,80,,1,1,nh0133,novela realista,novela realista,novela realista,novela realista,novela realista,novela realista,novela realista,novela realista,novela realista,novela realista,novela realista
3409,subgenre-current,novela romántica,novela realista,80,,1,1,nh0135,novela realista,novela realista,novela realista,novela realista,novela realista,novela romántica,novela realista,novela realista,novela realista,novela realista,novela realista
3410,subgenre-current,novela romántica,novela realista,80,,1,1,nh0142,novela romántica,novela romántica,novela romántica,novela romántica,novela romántica,novela romántica,novela romántica,novela romántica,novela romántica,novela romántica,novela romántica
3411,subgenre-current,novela romántica,novela realista,80,,1,1,nh0148,novela realista,novela realista,novela realista,novela realista,novela realista,novela realista,novela realista,novela realista,novela realista,novela realista,novela realista
3412,subgenre-current,novela romántica,novela realista,80,,1,1,nh0152,novela romántica,novela romántica,novela romántica,novela romántica,novela romántica,novela romántica,novela romántica,novela realista,novela romántica,novela romántica,novela romántica
3413,subgenre-current,novela romántica,novela realista,80,,1,1,nh0165,novela realista,novela realista,novela realista,novela realista,novela realista,novela realista,novela realista,novela realista,novela realista,novela realista,novela realista
3414,subgenre-current,novela romántica,novela realista,80,,1,1,nh0171,novela romántica,novela romántica,novela romántica,novela romántica,novela romántica,novela romántica,novela romántica,novela romántica,novela romántica,novela romántica,novela romántica
3415,subgenre-current,novela romántica,novela realista,80,,1,1,nh0174,novela realista,novela realista,novela realista,novela realista,novela realista,novela realista,novela realista,novela realista,novela realista,novela realista,novela realista
3416,subgenre-current,novela romántica,novela realista,80,,1,1,nh0175,novela realista,novela realista,novela realista,novela realista,novela realista,novela realista,novela realista,novela realista,novela realista,novela realista,novela realista
3417,subgenre-current,novela romántica,novela realista,80,,1,1,nh0180,novela romántica,novela romántica,novela romántica,novela romántica,novela romántica,novela romántica,novela romántica,novela romántica,novela romántica,novela romántica,novela romántica
3418,subgenre-current,novela romántica,novela realista,80,,1,1,nh0182,novela romántica,novela romántica,novela romántica,novela romántica,novela romántica,novela romántica,novela romántica,novela romántica,novela romántica,novela romántica,novela romántica
3419,subgenre-current,novela romántica,novela realista,80,,1,1,nh0188,novela romántica,novela romántica,novela romántica,novela romántica,novela romántica,novela romántica,novela romántica,novela romántica,novela romántica,novela romántica,novela romántica
3420,subgenre-current,novela romántica,novela realista,80,,1,1,nh0198,novela realista,novela realista,novela realista,novela realista,novela realista,novela realista,novela realista,novela realista,novela realista,novela realista,novela realista
3421,subgenre-current,novela romántica,novela realista,80,,1,1,nh0202,novela realista,novela realista,novela realista,novela realista,novela realista,novela realista,novela realista,novela realista,novela realista,novela realista,novela realista
3422,subgenre-current,novela romántica,novela realista,80,,1,1,nh0204,novela realista,novela realista,novela realista,novela realista,novela realista,novela realista,novela realista,novela realista,novela realista,novela realista,novela realista
3423,subgenre-current,novela romántica,novela realista,80,,1,1,nh0208,novela realista,novela realista,novela realista,novela realista,novela realista,novela realista,novela realista,novela realista,novela realista,novela realista,novela realista
3424,subgenre-current,novela romántica,novela realista,80,,1,1,nh0210,novela realista,novela realista,novela realista,novela realista,novela realista,novela realista,novela realista,novela realista,novela romántica,novela realista,novela realista
3425,subgenre-current,novela romántica,novela realista,80,,1,1,nh0214,novela realista,novela realista,novela realista,novela realista,novela realista,novela realista,novela realista,novela realista,novela realista,novela romántica,novela realista
3426,subgenre-current,novela romántica,novela realista,80,,1,1,nh0216,novela romántica,novela romántica,novela romántica,novela romántica,novela romántica,novela romántica,novela romántica,novela romántica,novela romántica,novela romántica,novela romántica
3427,subgenre-current,novela romántica,novela realista,80,,1,1,nh0221,novela realista,novela realista,novela realista,novela realista,novela realista,novela realista,novela realista,novela realista,novela realista,novela realista,novela realista
3428,subgenre-current,novela romántica,novela realista,80,,1,1,nh0224,novela romántica,novela romántica,novela romántica,novela romántica,novela romántica,novela romántica,novela romántica,novela romántica,novela romántica,novela romántica,novela romántica
3429,subgenre-current,novela romántica,novela realista,80,,1,1,nh0225,novela romántica,novela romántica,novela romántica,novela romántica,novela romántica,novela romántica,novela romántica,novela romántica,novela romántica,novela romántica,novela romántica
3430,subgenre-current,novela romántica,novela realista,80,,1,1,nh0230,novela realista,novela realista,novela realista,novela realista,novela realista,novela realista,novela realista,novela realista,novela realista,novela realista,novela realista
3431,subgenre-current,novela romántica,novela realista,80,,1,1,nh0232,novela realista,novela realista,novela realista,novela realista,novela realista,novela realista,novela realista,novela realista,novela realista,novela realista,novela realista
3432,subgenre-current,novela romántica,novela realista,80,,1,1,nh0234,novela romántica,novela romántica,novela romántica,novela romántica,novela romántica,novela romántica,novela romántica,novela romántica,novela romántica,novela romántica,novela romántica
3433,subgenre-current,novela romántica,novela realista,80,,1,1,nh0235,novela realista,novela realista,novela realista,novela realista,novela realista,novela realista,novela realista,novela realista,novela realista,novela realista,novela realista
3434,subgenre-current,novela romántica,novela realista,80,,1,1,nh0237,novela romántica,novela romántica,novela romántica,novela romántica,novela romántica,novela romántica,novela romántica,novela romántica,novela romántica,novela romántica,novela romántica
3435,subgenre-current,novela romántica,novela realista,80,,1,1,nh0239,novela realista,novela realista,novela realista,novela realista,novela realista,novela realista,novela realista,novela realista,novela realista,novela realista,novela realista
3436,subgenre-current,novela romántica,novela realista,80,,1,1,nh0247,novela romántica,novela romántica,novela romántica,novela romántica,novela romántica,novela romántica,novela romántica,novela romántica,novela romántica,novela romántica,novela romántica
3437,subgenre-current,novela romántica,novela realista,80,,1,1,nh0248,novela romántica,novela romántica,novela romántica,novela romántica,novela romántica,novela romántica,novela romántica,novela romántica,novela romántica,novela romántica,novela romántica
3438,subgenre-current,novela romántica,novela realista,80,,1,1,nh0252,novela romántica,novela romántica,novela romántica,novela romántica,novela romántica,novela romántica,novela romántica,novela romántica,novela romántica,novela romántica,novela romántica
3439,subgenre-current,novela romántica,novela realista,80,,1,1,nh0253,novela romántica,novela romántica,novela romántica,novela romántica,novela romántica,novela romántica,novela romántica,novela romántica,novela romántica,novela romántica,novela romántica
3440,subgenre-current,novela romántica,novela realista,80,,2,1,nh0002,novela realista,novela realista,novela realista,novela realista,novela realista,novela realista,novela realista,novela realista,novela realista,novela realista,novela realista
3441,subgenre-current,novela romántica,novela realista,80,,2,1,nh0003,novela romántica,novela romántica,novela romántica,novela romántica,novela romántica,novela romántica,novela romántica,novela romántica,novela romántica,novela romántica,novela romántica
3442,subgenre-current,novela romántica,novela realista,80,,2,1,nh0006,novela romántica,novela romántica,novela romántica,novela romántica,novela romántica,novela romántica,novela romántica,novela romántica,novela romántica,novela romántica,novela romántica
3443,subgenre-current,novela romántica,novela realista,80,,2,1,nh0007,novela romántica,novela romántica,novela romántica,novela romántica,novela romántica,novela romántica,novela romántica,novela romántica,novela romántica,novela romántica,novela romántica
3444,subgenre-current,novela romántica,novela realista,80,,2,1,nh0008,novela realista,novela realista,novela realista,novela realista,novela realista,novela realista,novela realista,novela realista,novela realista,novela realista,novela realista
3445,subgenre-current,novela romántica,novela realista,80,,2,1,nh0010,novela realista,novela realista,novela realista,novela realista,novela realista,novela realista,novela realista,novela realista,novela realista,novela realista,novela realista
3446,subgenre-current,novela romántica,novela realista,80,,2,1,nh0015,novela realista,novela realista,novela realista,novela realista,novela realista,novela realista,novela realista,novela realista,novela realista,novela realista,novela realista
3447,subgenre-current,novela romántica,novela realista,80,,2,1,nh0023,novela realista,novela realista,novela realista,novela realista,novela realista,novela realista,novela realista,novela realista,novela realista,novela realista,novela realista
3448,subgenre-current,novela romántica,novela realista,80,,2,1,nh0027,novela realista,novela realista,novela realista,novela realista,novela realista,novela realista,novela realista,novela realista,novela realista,novela realista,novela realista
3449,subgenre-current,novela romántica,novela realista,80,,2,1,nh0036,novela realista,novela realista,novela realista,novela realista,novela realista,novela realista,novela realista,novela realista,novela realista,novela realista,novela realista
3450,subgenre-current,novela romántica,novela realista,80,,2,1,nh0037,novela romántica,novela romántica,novela romántica,novela romántica,novela romántica,novela romántica,novela romántica,novela romántica,novela romántica,novela romántica,novela romántica
3451,subgenre-current,novela romántica,novela realista,80,,2,1,nh0043,novela romántica,novela romántica,novela romántica,novela romántica,novela romántica,novela romántica,novela romántica,novela romántica,novela romántica,novela romántica,novela romántica
3452,subgenre-current,novela romántica,novela realista,80,,2,1,nh0044,novela realista,novela realista,novela realista,novela realista,novela realista,novela realista,novela realista,novela realista,novela realista,novela realista,novela realista
3453,subgenre-current,novela romántica,novela realista,80,,2,1,nh0046,novela realista,novela realista,novela realista,novela realista,novela realista,novela realista,novela realista,novela realista,novela realista,novela realista,novela realista
3454,subgenre-current,novela romántica,novela realista,80,,2,1,nh0047,novela realista,novela realista,novela realista,novela realista,novela realista,novela realista,novela realista,novela realista,novela realista,novela realista,novela realista
3455,subgenre-current,novela romántica,novela realista,80,,2,1,nh0048,novela realista,novela realista,novela realista,novela realista,novela realista,novela realista,novela realista,novela realista,novela realista,novela realista,novela realista
3456,subgenre-current,novela romántica,novela realista,80,,2,1,nh0050,novela romántica,novela romántica,novela romántica,novela romántica,novela romántica,novela romántica,novela romántica,novela romántica,novela romántica,novela romántica,novela romántica
3457,subgenre-current,novela romántica,novela realista,80,,2,1,nh0052,novela realista,novela realista,novela realista,novela realista,novela realista,novela realista,novela realista,novela realista,novela realista,novela realista,novela realista
3458,subgenre-current,novela romántica,novela realista,80,,2,1,nh0055,novela romántica,novela romántica,novela romántica,novela romántica,novela romántica,novela romántica,novela romántica,novela romántica,novela romántica,novela romántica,novela romántica
3459,subgenre-current,novela romántica,novela realista,80,,2,1,nh0061,novela romántica,novela romántica,novela romántica,novela realista,novela romántica,novela romántica,novela romántica,novela romántica,novela romántica,novela romántica,novela romántica
3460,subgenre-current,novela romántica,novela realista,80,,2,1,nh0062,novela realista,novela realista,novela realista,novela realista,novela realista,novela realista,novela realista,novela realista,novela realista,novela realista,novela realista
3461,subgenre-current,novela romántica,novela realista,80,,2,1,nh0064,novela romántica,novela romántica,novela romántica,novela romántica,novela romántica,novela romántica,novela romántica,novela romántica,novela romántica,novela romántica,novela romántica
3462,subgenre-current,novela romántica,novela realista,80,,2,1,nh0067,novela realista,novela realista,novela realista,novela realista,novela realista,novela realista,novela realista,novela realista,novela realista,novela realista,novela realista
3463,subgenre-current,novela romántica,novela realista,80,,2,1,nh0068,novela realista,novela realista,novela realista,novela realista,novela realista,novela realista,novela realista,novela realista,novela realista,novela realista,novela realista
3464,subgenre-current,novela romántica,novela realista,80,,2,1,nh0075,novela realista,novela realista,novela realista,novela realista,novela realista,novela realista,novela realista,novela realista,novela realista,novela realista,novela realista
3465,subgenre-current,novela romántica,novela realista,80,,2,1,nh0089,novela realista,novela realista,novela realista,novela realista,novela realista,novela realista,novela realista,novela realista,novela realista,novela realista,novela realista
3466,subgenre-current,novela romántica,novela realista,80,,2,1,nh0095,novela romántica,novela romántica,novela romántica,novela romántica,novela romántica,novela romántica,novela romántica,novela romántica,novela romántica,novela romántica,novela romántica
3467,subgenre-current,novela romántica,novela realista,80,,2,1,nh0096,novela romántica,novela romántica,novela romántica,novela romántica,novela romántica,novela romántica,novela romántica,novela romántica,novela romántica,novela romántica,novela romántica
3468,subgenre-current,novela romántica,novela realista,80,,2,1,nh0098,novela romántica,novela romántica,novela romántica,novela romántica,novela romántica,novela romántica,novela romántica,novela romántica,novela romántica,novela romántica,novela romántica
3469,subgenre-current,novela romántica,novela realista,80,,2,1,nh0111,novela romántica,novela romántica,novela romántica,novela romántica,novela romántica,novela romántica,novela romántica,novela romántica,novela romántica,novela romántica,novela romántica
3470,subgenre-current,novela romántica,novela realista,80,,2,1,nh0118,novela romántica,novela romántica,novela romántica,novela romántica,novela romántica,novela realista,novela romántica,novela romántica,novela romántica,novela romántica,novela romántica
3471,subgenre-current,novela romántica,novela realista,80,,2,1,nh0121,novela romántica,novela romántica,novela romántica,novela romántica,novela romántica,novela romántica,novela romántica,novela romántica,novela romántica,novela romántica,novela romántica
3472,subgenre-current,novela romántica,novela realista,80,,2,1,nh0122,novela romántica,novela romántica,novela romántica,novela romántica,novela romántica,novela romántica,novela romántica,novela romántica,novela romántica,novela romántica,novela romántica
3473,subgenre-current,novela romántica,novela realista,80,,2,1,nh0126,novela romántica,novela romántica,novela romántica,novela romántica,novela romántica,novela romántica,novela realista,novela romántica,novela romántica,novela romántica,novela romántica
3474,subgenre-current,novela romántica,novela realista,80,,2,1,nh0127,novela realista,novela realista,novela realista,novela realista,novela realista,novela realista,novela realista,novela realista,novela realista,novela realista,novela realista
3475,subgenre-current,novela romántica,novela realista,80,,2,1,nh0133,novela realista,novela realista,novela realista,novela realista,novela realista,novela realista,novela realista,novela realista,novela realista,novela realista,novela realista
3476,subgenre-current,novela romántica,novela realista,80,,2,1,nh0135,novela realista,novela realista,novela realista,novela realista,novela realista,novela romántica,novela realista,novela realista,novela realista,novela realista,novela realista
3477,subgenre-current,novela romántica,novela realista,80,,2,1,nh0138,novela romántica,novela romántica,novela romántica,novela romántica,novela romántica,novela romántica,novela romántica,novela romántica,novela romántica,novela romántica,novela romántica
3478,subgenre-current,novela romántica,novela realista,80,,2,1,nh0140,novela romántica,novela romántica,novela romántica,novela romántica,novela romántica,novela romántica,novela romántica,novela romántica,novela romántica,novela romántica,novela romántica
3479,subgenre-current,novela romántica,novela realista,80,,2,1,nh0147,novela romántica,novela romántica,novela romántica,novela romántica,novela romántica,novela romántica,novela romántica,novela romántica,novela romántica,novela romántica,novela romántica
3480,subgenre-current,novela romántica,novela realista,80,,2,1,nh0148,novela realista,novela realista,novela realista,novela realista,novela realista,novela realista,novela realista,novela realista,novela realista,novela realista,novela realista
3481,subgenre-current,novela romántica,novela realista,80,,2,1,nh0149,novela romántica,novela romántica,novela romántica,novela romántica,novela romántica,novela romántica,novela romántica,novela romántica,novela romántica,novela romántica,novela romántica
3482,subgenre-current,novela romántica,novela realista,80,,2,1,nh0151,novela romántica,novela romántica,novela romántica,novela romántica,novela romántica,novela romántica,novela romántica,novela romántica,novela romántica,novela romántica,novela romántica
3483,subgenre-current,novela romántica,novela realista,80,,2,1,nh0152,novela romántica,novela romántica,novela romántica,novela romántica,novela romántica,novela romántica,novela romántica,novela realista,novela romántica,novela romántica,novela romántica
3484,subgenre-current,novela romántica,novela realista,80,,2,1,nh0156,novela romántica,novela romántica,novela romántica,novela romántica,novela romántica,novela romántica,novela romántica,novela romántica,novela romántica,novela romántica,novela romántica
3485,subgenre-current,novela romántica,novela realista,80,,2,1,nh0162,novela romántica,novela romántica,novela romántica,novela romántica,novela romántica,novela romántica,novela romántica,novela romántica,novela romántica,novela romántica,novela romántica
3486,subgenre-current,novela romántica,novela realista,80,,2,1,nh0165,novela realista,novela realista,novela realista,novela realista,novela realista,novela realista,novela realista,novela realista,novela realista,novela realista,novela realista
3487,subgenre-current,novela romántica,novela realista,80,,2,1,nh0174,novela realista,novela realista,novela realista,novela realista,novela realista,novela realista,novela realista,novela realista,novela realista,novela realista,novela realista
3488,subgenre-current,novela romántica,novela realista,80,,2,1,nh0175,novela realista,novela realista,novela realista,novela realista,novela realista,novela realista,novela realista,novela realista,novela realista,novela realista,novela realista
3489,subgenre-current,novela romántica,novela realista,80,,2,1,nh0180,novela romántica,novela romántica,novela romántica,novela romántica,novela romántica,novela romántica,novela romántica,novela romántica,novela romántica,novela romántica,novela romántica
3490,subgenre-current,novela romántica,novela realista,80,,2,1,nh0182,novela romántica,novela romántica,novela romántica,novela romántica,novela romántica,novela romántica,novela romántica,novela romántica,novela romántica,novela romántica,novela romántica
3491,subgenre-current,novela romántica,novela realista,80,,2,1,nh0188,novela romántica,novela romántica,novela romántica,novela romántica,novela romántica,novela romántica,novela romántica,novela romántica,novela romántica,novela romántica,novela romántica
3492,subgenre-current,novela romántica,novela realista,80,,2,1,nh0198,novela realista,novela realista,novela realista,novela realista,novela realista,novela realista,novela realista,novela realista,novela realista,novela realista,novela realista
3493,subgenre-current,novela romántica,novela realista,80,,2,1,nh0199,novela romántica,novela romántica,novela romántica,novela romántica,novela romántica,novela romántica,novela romántica,novela romántica,novela romántica,novela romántica,novela romántica
3494,subgenre-current,novela romántica,novela realista,80,,2,1,nh0202,novela realista,novela realista,novela realista,novela realista,novela realista,novela realista,novela realista,novela realista,novela realista,novela realista,novela realista
3495,subgenre-current,novela romántica,novela realista,80,,2,1,nh0204,novela realista,novela realista,novela realista,novela realista,novela realista,novela realista,novela realista,novela realista,novela realista,novela realista,novela realista
3496,subgenre-current,novela romántica,novela realista,80,,2,1,nh0208,novela realista,novela realista,novela realista,novela realista,novela realista,novela realista,novela realista,novela realista,novela realista,novela realista,novela realista
3497,subgenre-current,novela romántica,novela realista,80,,2,1,nh0210,novela realista,novela realista,novela realista,novela realista,novela realista,novela realista,novela realista,novela realista,novela romántica,novela realista,novela realista
3498,subgenre-current,novela romántica,novela realista,80,,2,1,nh0214,novela realista,novela realista,novela realista,novela realista,novela realista,novela realista,novela realista,novela realista,novela realista,novela romántica,novela realista
3499,subgenre-current,novela romántica,novela realista,80,,2,1,nh0219,novela romántica,novela romántica,novela romántica,novela romántica,novela romántica,novela romántica,novela romántica,novela romántica,novela romántica,novela romántica,novela romántica
3500,subgenre-current,novela romántica,novela realista,80,,2,1,nh0220,novela romántica,novela romántica,novela romántica,novela romántica,novela romántica,novela romántica,novela romántica,novela romántica,novela romántica,novela romántica,novela romántica
3501,subgenre-current,novela romántica,novela realista,80,,2,1,nh0221,novela realista,novela realista,novela realista,novela realista,novela realista,novela realista,novela realista,novela realista,novela realista,novela realista,novela realista
3502,subgenre-current,novela romántica,novela realista,80,,2,1,nh0225,novela romántica,novela romántica,novela romántica,novela romántica,novela romántica,novela romántica,novela romántica,novela romántica,novela romántica,novela romántica,novela romántica
3503,subgenre-current,novela romántica,novela realista,80,,2,1,nh0230,novela realista,novela realista,novela realista,novela realista,novela realista,novela realista,novela realista,novela realista,novela realista,novela realista,novela realista
3504,subgenre-current,novela romántica,novela realista,80,,2,1,nh0232,novela realista,novela realista,novela realista,novela realista,novela realista,novela realista,novela realista,novela realista,novela realista,novela realista,novela realista
3505,subgenre-current,novela romántica,novela realista,80,,2,1,nh0235,novela realista,novela realista,novela realista,novela realista,novela realista,novela realista,novela realista,novela realista,novela realista,novela realista,novela realista
3506,subgenre-current,novela romántica,novela realista,80,,2,1,nh0239,novela realista,novela realista,novela realista,novela realista,novela realista,novela realista,novela realista,novela realista,novela realista,novela realista,novela realista
3507,subgenre-current,novela romántica,novela realista,80,,2,1,nh0244,novela romántica,novela romántica,novela romántica,novela romántica,novela romántica,novela romántica,novela romántica,novela romántica,novela romántica,novela romántica,novela romántica
3508,subgenre-current,novela romántica,novela realista,80,,2,1,nh0246,novela romántica,novela romántica,novela romántica,novela romántica,novela romántica,novela romántica,novela romántica,novela romántica,novela romántica,novela romántica,novela romántica
3509,subgenre-current,novela romántica,novela realista,80,,2,1,nh0253,novela romántica,novela romántica,novela romántica,novela romántica,novela romántica,novela romántica,novela romántica,novela romántica,novela romántica,novela romántica,novela romántica
3510,subgenre-current,novela romántica,novela realista,80,,3,1,nh0002,novela realista,novela realista,novela realista,novela realista,novela realista,novela realista,novela realista,novela realista,novela realista,novela realista,novela realista
3511,subgenre-current,novela romántica,novela realista,80,,3,1,nh0003,novela romántica,novela romántica,novela romántica,novela romántica,novela romántica,novela romántica,novela romántica,novela romántica,novela romántica,novela romántica,novela romántica
3512,subgenre-current,novela romántica,novela realista,80,,3,1,nh0005,novela romántica,novela romántica,novela romántica,novela romántica,novela romántica,novela romántica,novela romántica,novela romántica,novela romántica,novela romántica,novela romántica
3513,subgenre-current,novela romántica,novela realista,80,,3,1,nh0008,novela realista,novela realista,novela realista,novela realista,novela realista,novela realista,novela realista,novela realista,novela realista,novela realista,novela realista
3514,subgenre-current,novela romántica,novela realista,80,,3,1,nh0010,novela realista,novela realista,novela realista,novela realista,novela realista,novela realista,novela realista,novela realista,novela realista,novela realista,novela realista
3515,subgenre-current,novela romántica,novela realista,80,,3,1,nh0015,novela realista,novela realista,novela realista,novela realista,novela realista,novela realista,novela realista,novela realista,novela realista,novela realista,novela realista
3516,subgenre-current,novela romántica,novela realista,80,,3,1,nh0016,novela romántica,novela realista,novela romántica,novela romántica,novela romántica,novela romántica,novela romántica,novela romántica,novela romántica,novela romántica,novela romántica
3517,subgenre-current,novela romántica,novela realista,80,,3,1,nh0017,novela romántica,novela romántica,novela romántica,novela romántica,novela romántica,novela romántica,novela romántica,novela romántica,novela romántica,novela romántica,novela romántica
3518,subgenre-current,novela romántica,novela realista,80,,3,1,nh0021,novela romántica,novela romántica,novela realista,novela romántica,novela romántica,novela romántica,novela romántica,novela romántica,novela romántica,novela romántica,novela romántica
3519,subgenre-current,novela romántica,novela realista,80,,3,1,nh0023,novela realista,novela realista,novela realista,novela realista,novela realista,novela realista,novela realista,novela realista,novela realista,novela realista,novela realista
3520,subgenre-current,novela romántica,novela realista,80,,3,1,nh0027,novela realista,novela realista,novela realista,novela realista,novela realista,novela realista,novela realista,novela realista,novela realista,novela realista,novela realista
3521,subgenre-current,novela romántica,novela realista,80,,3,1,nh0036,novela realista,novela realista,novela realista,novela realista,novela realista,novela realista,novela realista,novela realista,novela realista,novela realista,novela realista
3522,subgenre-current,novela romántica,novela realista,80,,3,1,nh0037,novela romántica,novela romántica,novela realista,novela romántica,novela romántica,novela romántica,novela romántica,novela romántica,novela romántica,novela romántica,novela romántica
3523,subgenre-current,novela romántica,novela realista,80,,3,1,nh0040,novela romántica,novela romántica,novela romántica,novela romántica,novela romántica,novela romántica,novela romántica,novela romántica,novela romántica,novela romántica,novela romántica
3524,subgenre-current,novela romántica,novela realista,80,,3,1,nh0043,novela romántica,novela romántica,novela romántica,novela romántica,novela romántica,novela romántica,novela romántica,novela romántica,novela romántica,novela romántica,novela romántica
3525,subgenre-current,novela romántica,novela realista,80,,3,1,nh0044,novela realista,novela realista,novela realista,novela realista,novela realista,novela realista,novela realista,novela realista,novela realista,novela realista,novela realista
3526,subgenre-current,novela romántica,novela realista,80,,3,1,nh0046,novela realista,novela realista,novela realista,novela realista,novela realista,novela realista,novela realista,novela realista,novela realista,novela realista,novela realista
3527,subgenre-current,novela romántica,novela realista,80,,3,1,nh0047,novela realista,novela realista,novela realista,novela realista,novela realista,novela realista,novela realista,novela realista,novela realista,novela realista,novela realista
3528,subgenre-current,novela romántica,novela realista,80,,3,1,nh0048,novela realista,novela realista,novela realista,novela realista,novela realista,novela realista,novela realista,novela realista,novela realista,novela realista,novela realista
3529,subgenre-current,novela romántica,novela realista,80,,3,1,nh0052,novela realista,novela realista,novela realista,novela realista,novela realista,novela realista,novela realista,novela realista,novela realista,novela realista,novela realista
3530,subgenre-current,novela romántica,novela realista,80,,3,1,nh0054,novela romántica,novela romántica,novela romántica,novela romántica,novela romántica,novela romántica,novela romántica,novela romántica,novela romántica,novela romántica,novela romántica
3531,subgenre-current,novela romántica,novela realista,80,,3,1,nh0062,novela realista,novela realista,novela realista,novela realista,novela realista,novela realista,novela realista,novela realista,novela realista,novela realista,novela realista
3532,subgenre-current,novela romántica,novela realista,80,,3,1,nh0064,novela romántica,novela romántica,novela romántica,novela romántica,novela romántica,novela romántica,novela romántica,novela romántica,novela romántica,novela romántica,novela romántica
3533,subgenre-current,novela romántica,novela realista,80,,3,1,nh0067,novela realista,novela realista,novela realista,novela realista,novela realista,novela realista,novela realista,novela realista,novela realista,novela realista,novela realista
3534,subgenre-current,novela romántica,novela realista,80,,3,1,nh0068,novela realista,novela realista,novela realista,novela realista,novela realista,novela realista,novela realista,novela realista,novela realista,novela realista,novela realista
3535,subgenre-current,novela romántica,novela realista,80,,3,1,nh0073,novela romántica,novela romántica,novela romántica,novela romántica,novela romántica,novela romántica,novela romántica,novela romántica,novela romántica,novela romántica,novela romántica
3536,subgenre-current,novela romántica,novela realista,80,,3,1,nh0075,novela realista,novela realista,novela realista,novela realista,novela realista,novela realista,novela realista,novela realista,novela realista,novela realista,novela realista
3537,subgenre-current,novela romántica,novela realista,80,,3,1,nh0087,novela romántica,novela romántica,novela romántica,novela romántica,novela romántica,novela romántica,novela romántica,novela romántica,novela romántica,novela romántica,novela romántica
3538,subgenre-current,novela romántica,novela realista,80,,3,1,nh0089,novela realista,novela realista,novela realista,novela realista,novela realista,novela realista,novela realista,novela realista,novela realista,novela realista,novela realista
3539,subgenre-current,novela romántica,novela realista,80,,3,1,nh0094,novela romántica,novela romántica,novela romántica,novela romántica,novela romántica,novela romántica,novela romántica,novela romántica,novela romántica,novela romántica,novela romántica
3540,subgenre-current,novela romántica,novela realista,80,,3,1,nh0102,novela romántica,novela romántica,novela romántica,novela romántica,novela romántica,novela realista,novela romántica,novela romántica,novela romántica,novela romántica,novela romántica
3541,subgenre-current,novela romántica,novela realista,80,,3,1,nh0108,novela romántica,novela romántica,novela romántica,novela romántica,novela romántica,novela romántica,novela romántica,novela romántica,novela romántica,novela romántica,novela romántica
3542,subgenre-current,novela romántica,novela realista,80,,3,1,nh0110,novela romántica,novela romántica,novela romántica,novela romántica,novela romántica,novela romántica,novela romántica,novela romántica,novela romántica,novela romántica,novela romántica
3543,subgenre-current,novela romántica,novela realista,80,,3,1,nh0111,novela romántica,novela romántica,novela romántica,novela romántica,novela romántica,novela romántica,novela romántica,novela romántica,novela romántica,novela romántica,novela romántica
3544,subgenre-current,novela romántica,novela realista,80,,3,1,nh0121,novela romántica,novela romántica,novela romántica,novela romántica,novela romántica,novela romántica,novela romántica,novela romántica,novela romántica,novela romántica,novela romántica
3545,subgenre-current,novela romántica,novela realista,80,,3,1,nh0122,novela romántica,novela romántica,novela romántica,novela romántica,novela romántica,novela romántica,novela romántica,novela romántica,novela romántica,novela romántica,novela romántica
3546,subgenre-current,novela romántica,novela realista,80,,3,1,nh0127,novela realista,novela realista,novela realista,novela realista,novela realista,novela realista,novela realista,novela realista,novela realista,novela realista,novela realista
3547,subgenre-current,novela romántica,novela realista,80,,3,1,nh0131,novela romántica,novela romántica,novela romántica,novela romántica,novela romántica,novela romántica,novela romántica,novela romántica,novela romántica,novela romántica,novela romántica
3548,subgenre-current,novela romántica,novela realista,80,,3,1,nh0133,novela realista,novela realista,novela realista,novela realista,novela realista,novela realista,novela realista,novela realista,novela realista,novela realista,novela realista
3549,subgenre-current,novela romántica,novela realista,80,,3,1,nh0135,novela realista,novela realista,novela realista,novela realista,novela realista,novela romántica,novela realista,novela realista,novela realista,novela realista,novela realista
3550,subgenre-current,novela romántica,novela realista,80,,3,1,nh0141,novela romántica,novela romántica,novela romántica,novela romántica,novela romántica,novela romántica,novela romántica,novela realista,novela romántica,novela romántica,novela romántica
3551,subgenre-current,novela romántica,novela realista,80,,3,1,nh0144,novela romántica,novela romántica,novela romántica,novela romántica,novela romántica,novela romántica,novela romántica,novela romántica,novela romántica,novela romántica,novela romántica
3552,subgenre-current,novela romántica,novela realista,80,,3,1,nh0148,novela realista,novela realista,novela realista,novela realista,novela realista,novela realista,novela realista,novela realista,novela realista,novela realista,novela realista
3553,subgenre-current,novela romántica,novela realista,80,,3,1,nh0150,novela romántica,novela romántica,novela romántica,novela romántica,novela romántica,novela romántica,novela romántica,novela romántica,novela romántica,novela romántica,novela romántica
3554,subgenre-current,novela romántica,novela realista,80,,3,1,nh0151,novela romántica,novela romántica,novela romántica,novela romántica,novela romántica,novela romántica,novela romántica,novela romántica,novela romántica,novela romántica,novela romántica
3555,subgenre-current,novela romántica,novela realista,80,,3,1,nh0159,novela romántica,novela romántica,novela romántica,novela romántica,novela romántica,novela romántica,novela romántica,novela romántica,novela romántica,novela romántica,novela romántica
3556,subgenre-current,novela romántica,novela realista,80,,3,1,nh0162,novela romántica,novela romántica,novela romántica,novela romántica,novela romántica,novela romántica,novela romántica,novela romántica,novela romántica,novela romántica,novela romántica
3557,subgenre-current,novela romántica,novela realista,80,,3,1,nh0165,novela realista,novela realista,novela realista,novela realista,novela realista,novela realista,novela realista,novela realista,novela realista,novela realista,novela realista
3558,subgenre-current,novela romántica,novela realista,80,,3,1,nh0172,novela romántica,novela romántica,novela romántica,novela romántica,novela romántica,novela romántica,novela romántica,novela romántica,novela romántica,novela romántica,novela romántica
3559,subgenre-current,novela romántica,novela realista,80,,3,1,nh0174,novela realista,novela realista,novela realista,novela realista,novela realista,novela realista,novela realista,novela realista,novela realista,novela realista,novela realista
3560,subgenre-current,novela romántica,novela realista,80,,3,1,nh0175,novela realista,novela realista,novela realista,novela realista,novela realista,novela realista,novela realista,novela realista,novela realista,novela realista,novela realista
3561,subgenre-current,novela romántica,novela realista,80,,3,1,nh0188,novela romántica,novela romántica,novela romántica,novela romántica,novela romántica,novela romántica,novela romántica,novela romántica,novela romántica,novela realista,novela romántica
3562,subgenre-current,novela romántica,novela realista,80,,3,1,nh0197,novela romántica,novela romántica,novela romántica,novela romántica,novela romántica,novela romántica,novela romántica,novela romántica,novela romántica,novela realista,novela romántica
3563,subgenre-current,novela romántica,novela realista,80,,3,1,nh0198,novela realista,novela realista,novela realista,novela realista,novela realista,novela realista,novela realista,novela realista,novela realista,novela realista,novela realista
3564,subgenre-current,novela romántica,novela realista,80,,3,1,nh0199,novela romántica,novela romántica,novela romántica,novela romántica,novela romántica,novela romántica,novela romántica,novela romántica,novela romántica,novela romántica,novela romántica
3565,subgenre-current,novela romántica,novela realista,80,,3,1,nh0202,novela realista,novela realista,novela realista,novela realista,novela realista,novela realista,novela realista,novela realista,novela realista,novela realista,novela realista
3566,subgenre-current,novela romántica,novela realista,80,,3,1,nh0204,novela realista,novela realista,novela realista,novela realista,novela realista,novela realista,novela realista,novela realista,novela realista,novela realista,novela realista
3567,subgenre-current,novela romántica,novela realista,80,,3,1,nh0208,novela realista,novela realista,novela realista,novela realista,novela realista,novela realista,novela realista,novela realista,novela realista,novela realista,novela realista
3568,subgenre-current,novela romántica,novela realista,80,,3,1,nh0210,novela realista,novela realista,novela realista,novela realista,novela realista,novela realista,novela realista,novela realista,novela romántica,novela realista,novela realista
3569,subgenre-current,novela romántica,novela realista,80,,3,1,nh0214,novela realista,novela realista,novela realista,novela realista,novela realista,novela realista,novela realista,novela realista,novela realista,novela romántica,novela realista
3570,subgenre-current,novela romántica,novela realista,80,,3,1,nh0219,novela romántica,novela romántica,novela romántica,novela romántica,novela romántica,novela romántica,novela romántica,novela romántica,novela romántica,novela romántica,novela romántica
3571,subgenre-current,novela romántica,novela realista,80,,3,1,nh0221,novela realista,novela realista,novela realista,novela realista,novela realista,novela realista,novela realista,novela realista,novela realista,novela realista,novela realista
3572,subgenre-current,novela romántica,novela realista,80,,3,1,nh0230,novela realista,novela realista,novela realista,novela realista,novela realista,novela realista,novela realista,novela realista,novela realista,novela realista,novela realista
3573,subgenre-current,novela romántica,novela realista,80,,3,1,nh0232,novela realista,novela realista,novela realista,novela realista,novela realista,novela realista,novela realista,novela realista,novela realista,novela realista,novela realista
3574,subgenre-current,novela romántica,novela realista,80,,3,1,nh0234,novela romántica,novela romántica,novela romántica,novela romántica,novela romántica,novela romántica,novela romántica,novela romántica,novela romántica,novela romántica,novela romántica
3575,subgenre-current,novela romántica,novela realista,80,,3,1,nh0235,novela realista,novela realista,novela realista,novela realista,novela realista,novela realista,novela realista,novela realista,novela realista,novela realista,novela realista
3576,subgenre-current,novela romántica,novela realista,80,,3,1,nh0238,novela romántica,novela romántica,novela romántica,novela romántica,novela romántica,novela romántica,novela romántica,novela romántica,novela romántica,novela romántica,novela romántica
3577,subgenre-current,novela romántica,novela realista,80,,3,1,nh0239,novela realista,novela realista,novela realista,novela realista,novela realista,novela realista,novela realista,novela realista,novela realista,novela realista,novela realista
3578,subgenre-current,novela romántica,novela realista,80,,3,1,nh0248,novela romántica,novela romántica,novela romántica,novela romántica,novela romántica,novela romántica,novela romántica,novela romántica,novela romántica,novela romántica,novela realista
3579,subgenre-current,novela romántica,novela realista,80,,3,1,nh0250,novela romántica,novela romántica,novela romántica,novela romántica,novela romántica,novela romántica,novela romántica,novela romántica,novela romántica,novela romántica,novela romántica
3580,subgenre-current,novela romántica,novela realista,80,,4,1,nh0001,novela romántica,novela realista,novela romántica,novela romántica,novela romántica,novela romántica,novela romántica,novela romántica,novela romántica,novela romántica,novela romántica
3581,subgenre-current,novela romántica,novela realista,80,,4,1,nh0002,novela realista,novela realista,novela realista,novela realista,novela realista,novela realista,novela realista,novela realista,novela realista,novela realista,novela realista
3582,subgenre-current,novela romántica,novela realista,80,,4,1,nh0008,novela realista,novela realista,novela realista,novela realista,novela realista,novela realista,novela realista,novela realista,novela realista,novela realista,novela realista
3583,subgenre-current,novela romántica,novela realista,80,,4,1,nh0009,novela romántica,novela romántica,novela romántica,novela romántica,novela romántica,novela romántica,novela romántica,novela romántica,novela romántica,novela romántica,novela romántica
3584,subgenre-current,novela romántica,novela realista,80,,4,1,nh0010,novela realista,novela realista,novela realista,novela realista,novela realista,novela realista,novela realista,novela realista,novela realista,novela realista,novela realista
3585,subgenre-current,novela romántica,novela realista,80,,4,1,nh0015,novela realista,novela realista,novela realista,novela realista,novela realista,novela realista,novela realista,novela realista,novela realista,novela realista,novela realista
3586,subgenre-current,novela romántica,novela realista,80,,4,1,nh0021,novela romántica,novela realista,novela romántica,novela romántica,novela romántica,novela romántica,novela romántica,novela romántica,novela romántica,novela romántica,novela romántica
3587,subgenre-current,novela romántica,novela realista,80,,4,1,nh0023,novela realista,novela realista,novela realista,novela realista,novela realista,novela realista,novela realista,novela realista,novela realista,novela realista,novela realista
3588,subgenre-current,novela romántica,novela realista,80,,4,1,nh0026,novela romántica,novela romántica,novela romántica,novela romántica,novela romántica,novela romántica,novela romántica,novela romántica,novela romántica,novela romántica,novela romántica
3589,subgenre-current,novela romántica,novela realista,80,,4,1,nh0027,novela realista,novela realista,novela realista,novela realista,novela realista,novela realista,novela realista,novela realista,novela realista,novela realista,novela realista
3590,subgenre-current,novela romántica,novela realista,80,,4,1,nh0035,novela romántica,novela romántica,novela romántica,novela romántica,novela romántica,novela romántica,novela romántica,novela romántica,novela romántica,novela romántica,novela romántica
3591,subgenre-current,novela romántica,novela realista,80,,4,1,nh0036,novela realista,novela realista,novela realista,novela realista,novela realista,novela realista,novela realista,novela realista,novela realista,novela realista,novela realista
3592,subgenre-current,novela romántica,novela realista,80,,4,1,nh0044,novela realista,novela realista,novela realista,novela realista,novela realista,novela realista,novela realista,novela realista,novela realista,novela realista,novela realista
3593,subgenre-current,novela romántica,novela realista,80,,4,1,nh0046,novela realista,novela realista,novela realista,novela realista,novela realista,novela realista,novela realista,novela realista,novela realista,novela realista,novela realista
3594,subgenre-current,novela romántica,novela realista,80,,4,1,nh0047,novela realista,novela realista,novela realista,novela realista,novela realista,novela realista,novela realista,novela realista,novela realista,novela realista,novela realista
3595,subgenre-current,novela romántica,novela realista,80,,4,1,nh0048,novela realista,novela realista,novela realista,novela realista,novela realista,novela realista,novela realista,novela realista,novela realista,novela realista,novela realista
3596,subgenre-current,novela romántica,novela realista,80,,4,1,nh0050,novela romántica,novela romántica,novela realista,novela romántica,novela romántica,novela romántica,novela romántica,novela romántica,novela romántica,novela romántica,novela romántica
3597,subgenre-current,novela romántica,novela realista,80,,4,1,nh0052,novela realista,novela realista,novela realista,novela realista,novela realista,novela realista,novela realista,novela realista,novela realista,novela realista,novela realista
3598,subgenre-current,novela romántica,novela realista,80,,4,1,nh0055,novela romántica,novela romántica,novela romántica,novela romántica,novela romántica,novela romántica,novela romántica,novela romántica,novela romántica,novela romántica,novela romántica
3599,subgenre-current,novela romántica,novela realista,80,,4,1,nh0062,novela realista,novela realista,novela realista,novela realista,novela realista,novela realista,novela realista,novela realista,novela realista,novela realista,novela realista
3600,subgenre-current,novela romántica,novela realista,80,,4,1,nh0067,novela realista,novela realista,novela realista,novela realista,novela realista,novela realista,novela realista,novela realista,novela realista,novela realista,novela realista
3601,subgenre-current,novela romántica,novela realista,80,,4,1,nh0068,novela realista,novela realista,novela realista,novela realista,novela realista,novela realista,novela realista,novela realista,novela realista,novela realista,novela realista
3602,subgenre-current,novela romántica,novela realista,80,,4,1,nh0073,novela romántica,novela romántica,novela romántica,novela romántica,novela romántica,novela romántica,novela romántica,novela romántica,novela romántica,novela romántica,novela romántica
3603,subgenre-current,novela romántica,novela realista,80,,4,1,nh0075,novela realista,novela realista,novela realista,novela realista,novela realista,novela realista,novela realista,novela realista,novela realista,novela realista,novela realista
3604,subgenre-current,novela romántica,novela realista,80,,4,1,nh0085,novela romántica,novela romántica,novela romántica,novela romántica,novela romántica,novela romántica,novela romántica,novela romántica,novela romántica,novela romántica,novela romántica
3605,subgenre-current,novela romántica,novela realista,80,,4,1,nh0089,novela realista,novela realista,novela realista,novela realista,novela realista,novela realista,novela realista,novela realista,novela realista,novela realista,novela realista
3606,subgenre-current,novela romántica,novela realista,80,,4,1,nh0092,novela romántica,novela romántica,novela romántica,novela romántica,novela romántica,novela romántica,novela romántica,novela romántica,novela romántica,novela romántica,novela romántica
3607,subgenre-current,novela romántica,novela realista,80,,4,1,nh0094,novela romántica,novela romántica,novela romántica,novela romántica,novela romántica,novela romántica,novela romántica,novela romántica,novela romántica,novela romántica,novela romántica
3608,subgenre-current,novela romántica,novela realista,80,,4,1,nh0096,novela romántica,novela romántica,novela romántica,novela romántica,novela romántica,novela romántica,novela romántica,novela romántica,novela romántica,novela romántica,novela romántica
3609,subgenre-current,novela romántica,novela realista,80,,4,1,nh0097,novela romántica,novela romántica,novela romántica,novela romántica,novela realista,novela romántica,novela romántica,novela romántica,novela romántica,novela romántica,novela romántica
3610,subgenre-current,novela romántica,novela realista,80,,4,1,nh0115,novela romántica,novela romántica,novela romántica,novela romántica,novela romántica,novela romántica,novela romántica,novela romántica,novela romántica,novela romántica,novela romántica
3611,subgenre-current,novela romántica,novela realista,80,,4,1,nh0118,novela romántica,novela romántica,novela romántica,novela romántica,novela realista,novela romántica,novela romántica,novela romántica,novela romántica,novela romántica,novela romántica
3612,subgenre-current,novela romántica,novela realista,80,,4,1,nh0127,novela realista,novela realista,novela realista,novela realista,novela realista,novela realista,novela realista,novela realista,novela realista,novela realista,novela realista
3613,subgenre-current,novela romántica,novela realista,80,,4,1,nh0133,novela realista,novela realista,novela realista,novela realista,novela realista,novela realista,novela realista,novela realista,novela realista,novela realista,novela realista
3614,subgenre-current,novela romántica,novela realista,80,,4,1,nh0135,novela realista,novela realista,novela realista,novela realista,novela realista,novela realista,novela realista,novela romántica,novela realista,novela realista,novela realista
3615,subgenre-current,novela romántica,novela realista,80,,4,1,nh0142,novela romántica,novela romántica,novela romántica,novela romántica,novela romántica,novela romántica,novela romántica,novela romántica,novela romántica,novela romántica,novela romántica
3616,subgenre-current,novela romántica,novela realista,80,,4,1,nh0143,novela romántica,novela romántica,novela romántica,novela romántica,novela romántica,novela romántica,novela romántica,novela romántica,novela romántica,novela romántica,novela romántica
3617,subgenre-current,novela romántica,novela realista,80,,4,1,nh0145,novela romántica,novela romántica,novela romántica,novela romántica,novela romántica,novela realista,novela romántica,novela romántica,novela romántica,novela romántica,novela romántica
3618,subgenre-current,novela romántica,novela realista,80,,4,1,nh0146,novela romántica,novela romántica,novela romántica,novela romántica,novela romántica,novela romántica,novela romántica,novela romántica,novela romántica,novela romántica,novela romántica
3619,subgenre-current,novela romántica,novela realista,80,,4,1,nh0148,novela realista,novela realista,novela realista,novela realista,novela realista,novela realista,novela realista,novela realista,novela realista,novela realista,novela realista
3620,subgenre-current,novela romántica,novela realista,80,,4,1,nh0159,novela romántica,novela romántica,novela romántica,novela romántica,novela romántica,novela romántica,novela romántica,novela romántica,novela romántica,novela romántica,novela romántica
3621,subgenre-current,novela romántica,novela realista,80,,4,1,nh0161,novela romántica,novela romántica,novela romántica,novela romántica,novela romántica,novela romántica,novela realista,novela romántica,novela romántica,novela romántica,novela romántica
3622,subgenre-current,novela romántica,novela realista,80,,4,1,nh0165,novela realista,novela realista,novela realista,novela realista,novela realista,novela realista,novela realista,novela realista,novela realista,novela realista,novela realista
3623,subgenre-current,novela romántica,novela realista,80,,4,1,nh0167,novela romántica,novela romántica,novela romántica,novela romántica,novela romántica,novela romántica,novela romántica,novela romántica,novela romántica,novela romántica,novela romántica
3624,subgenre-current,novela romántica,novela realista,80,,4,1,nh0174,novela realista,novela realista,novela realista,novela realista,novela realista,novela realista,novela realista,novela realista,novela realista,novela realista,novela realista
3625,subgenre-current,novela romántica,novela realista,80,,4,1,nh0175,novela realista,novela realista,novela realista,novela realista,novela realista,novela realista,novela realista,novela realista,novela realista,novela realista,novela realista
3626,subgenre-current,novela romántica,novela realista,80,,4,1,nh0183,novela romántica,novela romántica,novela romántica,novela romántica,novela romántica,novela romántica,novela romántica,novela romántica,novela romántica,novela romántica,novela romántica
3627,subgenre-current,novela romántica,novela realista,80,,4,1,nh0188,novela romántica,novela romántica,novela romántica,novela romántica,novela romántica,novela romántica,novela romántica,novela realista,novela romántica,novela romántica,novela romántica
3628,subgenre-current,novela romántica,novela realista,80,,4,1,nh0197,novela romántica,novela romántica,novela romántica,novela romántica,novela romántica,novela romántica,novela romántica,novela realista,novela romántica,novela romántica,novela romántica
3629,subgenre-current,novela romántica,novela realista,80,,4,1,nh0198,novela realista,novela realista,novela realista,novela realista,novela realista,novela realista,novela realista,novela realista,novela realista,novela realista,novela realista
3630,subgenre-current,novela romántica,novela realista,80,,4,1,nh0201,novela romántica,novela romántica,novela romántica,novela romántica,novela romántica,novela romántica,novela romántica,novela romántica,novela romántica,novela romántica,novela romántica
3631,subgenre-current,novela romántica,novela realista,80,,4,1,nh0202,novela realista,novela realista,novela realista,novela realista,novela realista,novela realista,novela realista,novela realista,novela realista,novela realista,novela realista
3632,subgenre-current,novela romántica,novela realista,80,,4,1,nh0204,novela realista,novela realista,novela realista,novela realista,novela realista,novela realista,novela realista,novela realista,novela realista,novela realista,novela realista
3633,subgenre-current,novela romántica,novela realista,80,,4,1,nh0208,novela realista,novela realista,novela realista,novela realista,novela realista,novela realista,novela realista,novela realista,novela realista,novela realista,novela realista
3634,subgenre-current,novela romántica,novela realista,80,,4,1,nh0210,novela realista,novela realista,novela realista,novela realista,novela realista,novela realista,novela realista,novela realista,novela realista,novela realista,novela realista
3635,subgenre-current,novela romántica,novela realista,80,,4,1,nh0214,novela realista,novela realista,novela realista,novela realista,novela realista,novela realista,novela realista,novela realista,novela realista,novela romántica,novela realista
3636,subgenre-current,novela romántica,novela realista,80,,4,1,nh0220,novela romántica,novela romántica,novela romántica,novela romántica,novela romántica,novela romántica,novela romántica,novela romántica,novela realista,novela romántica,novela romántica
3637,subgenre-current,novela romántica,novela realista,80,,4,1,nh0221,novela realista,novela realista,novela realista,novela realista,novela realista,novela realista,novela realista,novela realista,novela realista,novela realista,novela realista
3638,subgenre-current,novela romántica,novela realista,80,,4,1,nh0226,novela romántica,novela romántica,novela romántica,novela romántica,novela romántica,novela romántica,novela romántica,novela romántica,novela romántica,novela romántica,novela romántica
3639,subgenre-current,novela romántica,novela realista,80,,4,1,nh0227,novela romántica,novela romántica,novela romántica,novela romántica,novela romántica,novela romántica,novela romántica,novela romántica,novela romántica,novela romántica,novela romántica
3640,subgenre-current,novela romántica,novela realista,80,,4,1,nh0230,novela realista,novela realista,novela realista,novela realista,novela realista,novela realista,novela realista,novela realista,novela realista,novela realista,novela realista
3641,subgenre-current,novela romántica,novela realista,80,,4,1,nh0232,novela realista,novela realista,novela realista,novela realista,novela realista,novela realista,novela realista,novela realista,novela realista,novela realista,novela realista
3642,subgenre-current,novela romántica,novela realista,80,,4,1,nh0235,novela realista,novela realista,novela realista,novela realista,novela realista,novela realista,novela realista,novela realista,novela realista,novela realista,novela realista
3643,subgenre-current,novela romántica,novela realista,80,,4,1,nh0239,novela realista,novela realista,novela realista,novela realista,novela realista,novela realista,novela realista,novela realista,novela realista,novela realista,novela realista
3644,subgenre-current,novela romántica,novela realista,80,,4,1,nh0240,novela romántica,novela romántica,novela romántica,novela romántica,novela romántica,novela romántica,novela romántica,novela romántica,novela romántica,novela realista,novela romántica
3645,subgenre-current,novela romántica,novela realista,80,,4,1,nh0244,novela romántica,novela romántica,novela romántica,novela romántica,novela romántica,novela romántica,novela romántica,novela romántica,novela romántica,novela realista,novela romántica
3646,subgenre-current,novela romántica,novela realista,80,,4,1,nh0247,novela romántica,novela romántica,novela romántica,novela romántica,novela romántica,novela romántica,novela romántica,novela romántica,novela romántica,novela romántica,novela romántica
3647,subgenre-current,novela romántica,novela realista,80,,4,1,nh0248,novela romántica,novela romántica,novela romántica,novela romántica,novela romántica,novela romántica,novela romántica,novela romántica,novela romántica,novela romántica,novela romántica
3648,subgenre-current,novela romántica,novela realista,80,,4,1,nh0249,novela romántica,novela romántica,novela romántica,novela romántica,novela romántica,novela romántica,novela romántica,novela romántica,novela romántica,novela romántica,novela romántica
3649,subgenre-current,novela romántica,novela realista,80,,4,1,nh0251,novela romántica,novela romántica,novela romántica,novela romántica,novela romántica,novela romántica,novela romántica,novela romántica,novela romántica,novela romántica,novela romántica
3650,subgenre-current,novela romántica,novela realista,80,,5,1,nh0002,novela realista,novela realista,novela realista,novela realista,novela realista,novela realista,novela realista,novela realista,novela realista,novela realista,novela realista
3651,subgenre-current,novela romántica,novela realista,80,,5,1,nh0008,novela realista,novela realista,novela realista,novela realista,novela realista,novela realista,novela realista,novela realista,novela realista,novela realista,novela realista
3652,subgenre-current,novela romántica,novela realista,80,,5,1,nh0009,novela romántica,novela romántica,novela romántica,novela romántica,novela romántica,novela romántica,novela romántica,novela romántica,novela romántica,novela romántica,novela romántica
3653,subgenre-current,novela romántica,novela realista,80,,5,1,nh0010,novela realista,novela realista,novela realista,novela realista,novela realista,novela realista,novela realista,novela realista,novela realista,novela realista,novela realista
3654,subgenre-current,novela romántica,novela realista,80,,5,1,nh0015,novela realista,novela realista,novela realista,novela realista,novela realista,novela realista,novela realista,novela realista,novela realista,novela realista,novela realista
3655,subgenre-current,novela romántica,novela realista,80,,5,1,nh0021,novela romántica,novela realista,novela romántica,novela romántica,novela romántica,novela romántica,novela romántica,novela romántica,novela romántica,novela romántica,novela romántica
3656,subgenre-current,novela romántica,novela realista,80,,5,1,nh0023,novela realista,novela realista,novela realista,novela realista,novela realista,novela realista,novela realista,novela realista,novela realista,novela realista,novela realista
3657,subgenre-current,novela romántica,novela realista,80,,5,1,nh0024,novela romántica,novela realista,novela romántica,novela romántica,novela romántica,novela romántica,novela romántica,novela romántica,novela romántica,novela romántica,novela romántica
3658,subgenre-current,novela romántica,novela realista,80,,5,1,nh0025,novela romántica,novela romántica,novela romántica,novela romántica,novela romántica,novela romántica,novela romántica,novela romántica,novela romántica,novela romántica,novela romántica
3659,subgenre-current,novela romántica,novela realista,80,,5,1,nh0026,novela romántica,novela romántica,novela romántica,novela romántica,novela romántica,novela romántica,novela romántica,novela romántica,novela romántica,novela romántica,novela romántica
3660,subgenre-current,novela romántica,novela realista,80,,5,1,nh0027,novela realista,novela realista,novela realista,novela realista,novela realista,novela realista,novela realista,novela realista,novela realista,novela realista,novela realista
3661,subgenre-current,novela romántica,novela realista,80,,5,1,nh0036,novela realista,novela realista,novela realista,novela realista,novela realista,novela realista,novela realista,novela realista,novela realista,novela realista,novela realista
3662,subgenre-current,novela romántica,novela realista,80,,5,1,nh0037,novela romántica,novela romántica,novela realista,novela romántica,novela romántica,novela romántica,novela romántica,novela romántica,novela romántica,novela romántica,novela romántica
3663,subgenre-current,novela romántica,novela realista,80,,5,1,nh0044,novela realista,novela realista,novela realista,novela realista,novela realista,novela realista,novela realista,novela realista,novela realista,novela realista,novela realista
3664,subgenre-current,novela romántica,novela realista,80,,5,1,nh0045,novela romántica,novela romántica,novela romántica,novela romántica,novela romántica,novela romántica,novela romántica,novela romántica,novela romántica,novela romántica,novela romántica
3665,subgenre-current,novela romántica,novela realista,80,,5,1,nh0046,novela realista,novela realista,novela realista,novela realista,novela realista,novela realista,novela realista,novela realista,novela realista,novela realista,novela realista
3666,subgenre-current,novela romántica,novela realista,80,,5,1,nh0047,novela realista,novela realista,novela realista,novela realista,novela realista,novela realista,novela realista,novela realista,novela realista,novela realista,novela realista
3667,subgenre-current,novela romántica,novela realista,80,,5,1,nh0048,novela realista,novela realista,novela realista,novela realista,novela realista,novela realista,novela realista,novela realista,novela realista,novela realista,novela realista
3668,subgenre-current,novela romántica,novela realista,80,,5,1,nh0049,novela romántica,novela romántica,novela romántica,novela romántica,novela romántica,novela romántica,novela romántica,novela romántica,novela romántica,novela romántica,novela romántica
3669,subgenre-current,novela romántica,novela realista,80,,5,1,nh0052,novela realista,novela realista,novela realista,novela realista,novela realista,novela realista,novela realista,novela realista,novela realista,novela realista,novela realista
3670,subgenre-current,novela romántica,novela realista,80,,5,1,nh0053,novela romántica,novela romántica,novela romántica,novela romántica,novela romántica,novela romántica,novela romántica,novela romántica,novela romántica,novela romántica,novela romántica
3671,subgenre-current,novela romántica,novela realista,80,,5,1,nh0055,novela romántica,novela romántica,novela romántica,novela romántica,novela romántica,novela romántica,novela romántica,novela romántica,novela romántica,novela romántica,novela romántica
3672,subgenre-current,novela romántica,novela realista,80,,5,1,nh0062,novela realista,novela realista,novela realista,novela realista,novela realista,novela realista,novela realista,novela realista,novela realista,novela realista,novela realista
3673,subgenre-current,novela romántica,novela realista,80,,5,1,nh0063,novela romántica,novela romántica,novela romántica,novela romántica,novela romántica,novela romántica,novela romántica,novela romántica,novela romántica,novela romántica,novela romántica
3674,subgenre-current,novela romántica,novela realista,80,,5,1,nh0065,novela romántica,novela romántica,novela romántica,novela romántica,novela romántica,novela romántica,novela romántica,novela romántica,novela romántica,novela romántica,novela romántica
3675,subgenre-current,novela romántica,novela realista,80,,5,1,nh0067,novela realista,novela realista,novela realista,novela realista,novela realista,novela realista,novela realista,novela realista,novela realista,novela realista,novela realista
3676,subgenre-current,novela romántica,novela realista,80,,5,1,nh0068,novela realista,novela realista,novela realista,novela realista,novela realista,novela realista,novela realista,novela realista,novela realista,novela realista,novela realista
3677,subgenre-current,novela romántica,novela realista,80,,5,1,nh0075,novela realista,novela realista,novela realista,novela realista,novela realista,novela realista,novela realista,novela realista,novela realista,novela realista,novela realista
3678,subgenre-current,novela romántica,novela realista,80,,5,1,nh0089,novela realista,novela realista,novela realista,novela realista,novela realista,novela realista,novela realista,novela realista,novela realista,novela realista,novela realista
3679,subgenre-current,novela romántica,novela realista,80,,5,1,nh0092,novela romántica,novela romántica,novela romántica,novela romántica,novela romántica,novela romántica,novela romántica,novela romántica,novela romántica,novela romántica,novela romántica
3680,subgenre-current,novela romántica,novela realista,80,,5,1,nh0097,novela romántica,novela romántica,novela romántica,novela romántica,novela romántica,novela romántica,novela romántica,novela romántica,novela romántica,novela romántica,novela romántica
3681,subgenre-current,novela romántica,novela realista,80,,5,1,nh0098,novela romántica,novela romántica,novela romántica,novela romántica,novela romántica,novela romántica,novela romántica,novela romántica,novela romántica,novela romántica,novela romántica
3682,subgenre-current,novela romántica,novela realista,80,,5,1,nh0106,novela romántica,novela romántica,novela romántica,novela romántica,novela romántica,novela romántica,novela romántica,novela romántica,novela romántica,novela romántica,novela romántica
3683,subgenre-current,novela romántica,novela realista,80,,5,1,nh0117,novela romántica,novela romántica,novela romántica,novela romántica,novela romántica,novela romántica,novela romántica,novela romántica,novela romántica,novela romántica,novela romántica
3684,subgenre-current,novela romántica,novela realista,80,,5,1,nh0121,novela romántica,novela romántica,novela romántica,novela romántica,novela romántica,novela romántica,novela realista,novela romántica,novela romántica,novela romántica,novela romántica
3685,subgenre-current,novela romántica,novela realista,80,,5,1,nh0122,novela romántica,novela romántica,novela romántica,novela romántica,novela romántica,novela romántica,novela romántica,novela romántica,novela romántica,novela romántica,novela romántica
3686,subgenre-current,novela romántica,novela realista,80,,5,1,nh0127,novela realista,novela realista,novela realista,novela realista,novela realista,novela realista,novela realista,novela realista,novela realista,novela realista,novela realista
3687,subgenre-current,novela romántica,novela realista,80,,5,1,nh0133,novela realista,novela realista,novela realista,novela realista,novela realista,novela realista,novela realista,novela realista,novela realista,novela realista,novela realista
3688,subgenre-current,novela romántica,novela realista,80,,5,1,nh0135,novela realista,novela realista,novela realista,novela realista,novela realista,novela romántica,novela realista,novela realista,novela realista,novela realista,novela realista
3689,subgenre-current,novela romántica,novela realista,80,,5,1,nh0142,novela romántica,novela romántica,novela romántica,novela romántica,novela romántica,novela romántica,novela romántica,novela romántica,novela romántica,novela romántica,novela romántica
3690,subgenre-current,novela romántica,novela realista,80,,5,1,nh0147,novela romántica,novela romántica,novela romántica,novela romántica,novela romántica,novela romántica,novela romántica,novela romántica,novela romántica,novela romántica,novela romántica
3691,subgenre-current,novela romántica,novela realista,80,,5,1,nh0148,novela realista,novela realista,novela realista,novela realista,novela realista,novela realista,novela realista,novela realista,novela realista,novela realista,novela realista
3692,subgenre-current,novela romántica,novela realista,80,,5,1,nh0150,novela romántica,novela romántica,novela romántica,novela romántica,novela romántica,novela romántica,novela romántica,novela romántica,novela romántica,novela romántica,novela romántica
3693,subgenre-current,novela romántica,novela realista,80,,5,1,nh0151,novela romántica,novela romántica,novela romántica,novela romántica,novela romántica,novela romántica,novela romántica,novela realista,novela romántica,novela romántica,novela romántica
3694,subgenre-current,novela romántica,novela realista,80,,5,1,nh0157,novela romántica,novela romántica,novela romántica,novela romántica,novela romántica,novela romántica,novela romántica,novela romántica,novela romántica,novela romántica,novela romántica
3695,subgenre-current,novela romántica,novela realista,80,,5,1,nh0165,novela realista,novela realista,novela realista,novela realista,novela realista,novela realista,novela realista,novela realista,novela realista,novela realista,novela realista
3696,subgenre-current,novela romántica,novela realista,80,,5,1,nh0171,novela romántica,novela romántica,novela romántica,novela romántica,novela romántica,novela romántica,novela romántica,novela romántica,novela romántica,novela romántica,novela romántica
3697,subgenre-current,novela romántica,novela realista,80,,5,1,nh0174,novela realista,novela realista,novela realista,novela realista,novela realista,novela realista,novela realista,novela realista,novela realista,novela realista,novela realista
3698,subgenre-current,novela romántica,novela realista,80,,5,1,nh0175,novela realista,novela realista,novela realista,novela realista,novela realista,novela realista,novela realista,novela realista,novela realista,novela realista,novela realista
3699,subgenre-current,novela romántica,novela realista,80,,5,1,nh0183,novela romántica,novela romántica,novela romántica,novela romántica,novela romántica,novela romántica,novela romántica,novela romántica,novela romántica,novela romántica,novela romántica
3700,subgenre-current,novela romántica,novela realista,80,,5,1,nh0198,novela realista,novela realista,novela realista,novela realista,novela realista,novela realista,novela realista,novela realista,novela realista,novela realista,novela realista
3701,subgenre-current,novela romántica,novela realista,80,,5,1,nh0199,novela romántica,novela romántica,novela romántica,novela romántica,novela romántica,novela romántica,novela romántica,novela romántica,novela realista,novela romántica,novela romántica
3702,subgenre-current,novela romántica,novela realista,80,,5,1,nh0201,novela romántica,novela romántica,novela romántica,novela romántica,novela romántica,novela romántica,novela romántica,novela romántica,novela romántica,novela romántica,novela romántica
3703,subgenre-current,novela romántica,novela realista,80,,5,1,nh0202,novela realista,novela realista,novela realista,novela realista,novela realista,novela realista,novela realista,novela realista,novela realista,novela realista,novela realista
3704,subgenre-current,novela romántica,novela realista,80,,5,1,nh0204,novela realista,novela realista,novela realista,novela realista,novela realista,novela realista,novela realista,novela realista,novela realista,novela realista,novela realista
3705,subgenre-current,novela romántica,novela realista,80,,5,1,nh0208,novela realista,novela realista,novela realista,novela realista,novela realista,novela realista,novela realista,novela realista,novela realista,novela realista,novela realista
3706,subgenre-current,novela romántica,novela realista,80,,5,1,nh0210,novela realista,novela realista,novela realista,novela realista,novela realista,novela realista,novela realista,novela realista,novela realista,novela realista,novela realista
3707,subgenre-current,novela romántica,novela realista,80,,5,1,nh0214,novela realista,novela realista,novela realista,novela realista,novela realista,novela realista,novela realista,novela realista,novela realista,novela romántica,novela realista
3708,subgenre-current,novela romántica,novela realista,80,,5,1,nh0219,novela romántica,novela romántica,novela romántica,novela romántica,novela romántica,novela romántica,novela romántica,novela romántica,novela romántica,novela romántica,novela romántica
3709,subgenre-current,novela romántica,novela realista,80,,5,1,nh0221,novela realista,novela realista,novela realista,novela realista,novela realista,novela realista,novela realista,novela realista,novela realista,novela realista,novela realista
3710,subgenre-current,novela romántica,novela realista,80,,5,1,nh0225,novela romántica,novela romántica,novela romántica,novela romántica,novela romántica,novela romántica,novela romántica,novela romántica,novela romántica,novela romántica,novela romántica
3711,subgenre-current,novela romántica,novela realista,80,,5,1,nh0230,novela realista,novela realista,novela realista,novela realista,novela realista,novela realista,novela realista,novela realista,novela realista,novela realista,novela realista
3712,subgenre-current,novela romántica,novela realista,80,,5,1,nh0232,novela realista,novela realista,novela realista,novela realista,novela realista,novela realista,novela realista,novela realista,novela realista,novela realista,novela realista
3713,subgenre-current,novela romántica,novela realista,80,,5,1,nh0235,novela realista,novela realista,novela realista,novela realista,novela realista,novela realista,novela realista,novela realista,novela realista,novela realista,novela realista
3714,subgenre-current,novela romántica,novela realista,80,,5,1,nh0238,novela romántica,novela romántica,novela romántica,novela romántica,novela romántica,novela romántica,novela romántica,novela romántica,novela romántica,novela romántica,novela romántica
3715,subgenre-current,novela romántica,novela realista,80,,5,1,nh0239,novela realista,novela realista,novela realista,novela realista,novela realista,novela realista,novela realista,novela realista,novela realista,novela realista,novela realista
3716,subgenre-current,novela romántica,novela realista,80,,5,1,nh0240,novela romántica,novela romántica,novela romántica,novela romántica,novela romántica,novela romántica,novela romántica,novela romántica,novela romántica,novela romántica,novela romántica
3717,subgenre-current,novela romántica,novela realista,80,,5,1,nh0244,novela romántica,novela romántica,novela romántica,novela romántica,novela romántica,novela romántica,novela romántica,novela romántica,novela romántica,novela romántica,novela realista
3718,subgenre-current,novela romántica,novela realista,80,,5,1,nh0248,novela romántica,novela romántica,novela romántica,novela romántica,novela romántica,novela romántica,novela romántica,novela romántica,novela romántica,novela romántica,novela romántica
3719,subgenre-current,novela romántica,novela realista,80,,5,1,nh0250,novela romántica,novela romántica,novela romántica,novela romántica,novela romántica,novela romántica,novela romántica,novela romántica,novela romántica,novela romántica,novela romántica
3720,subgenre-current,novela romántica,novela realista,80,,6,1,nh0002,novela realista,novela realista,novela realista,novela realista,novela realista,novela realista,novela realista,novela realista,novela realista,novela realista,novela realista
3721,subgenre-current,novela romántica,novela realista,80,,6,1,nh0005,novela romántica,novela romántica,novela romántica,novela romántica,novela romántica,novela romántica,novela romántica,novela romántica,novela romántica,novela romántica,novela romántica
3722,subgenre-current,novela romántica,novela realista,80,,6,1,nh0008,novela realista,novela realista,novela realista,novela realista,novela realista,novela realista,novela realista,novela realista,novela realista,novela realista,novela realista
3723,subgenre-current,novela romántica,novela realista,80,,6,1,nh0010,novela realista,novela realista,novela realista,novela realista,novela realista,novela realista,novela realista,novela realista,novela realista,novela realista,novela realista
3724,subgenre-current,novela romántica,novela realista,80,,6,1,nh0015,novela realista,novela realista,novela realista,novela realista,novela realista,novela realista,novela realista,novela realista,novela realista,novela realista,novela realista
3725,subgenre-current,novela romántica,novela realista,80,,6,1,nh0023,novela realista,novela realista,novela realista,novela realista,novela realista,novela realista,novela realista,novela realista,novela realista,novela realista,novela realista
3726,subgenre-current,novela romántica,novela realista,80,,6,1,nh0027,novela realista,novela realista,novela realista,novela realista,novela realista,novela realista,novela realista,novela realista,novela realista,novela realista,novela realista
3727,subgenre-current,novela romántica,novela realista,80,,6,1,nh0036,novela realista,novela realista,novela realista,novela realista,novela realista,novela realista,novela realista,novela realista,novela realista,novela realista,novela realista
3728,subgenre-current,novela romántica,novela realista,80,,6,1,nh0043,novela romántica,novela romántica,novela romántica,novela romántica,novela romántica,novela romántica,novela romántica,novela romántica,novela romántica,novela romántica,novela romántica
3729,subgenre-current,novela romántica,novela realista,80,,6,1,nh0044,novela realista,novela realista,novela realista,novela realista,novela realista,novela realista,novela realista,novela realista,novela realista,novela realista,novela realista
3730,subgenre-current,novela romántica,novela realista,80,,6,1,nh0046,novela realista,novela realista,novela realista,novela realista,novela realista,novela realista,novela realista,novela realista,novela realista,novela realista,novela realista
3731,subgenre-current,novela romántica,novela realista,80,,6,1,nh0047,novela realista,novela realista,novela realista,novela realista,novela realista,novela realista,novela realista,novela realista,novela realista,novela realista,novela realista
3732,subgenre-current,novela romántica,novela realista,80,,6,1,nh0048,novela realista,novela realista,novela realista,novela realista,novela realista,novela realista,novela realista,novela realista,novela realista,novela realista,novela realista
3733,subgenre-current,novela romántica,novela realista,80,,6,1,nh0052,novela realista,novela realista,novela realista,novela realista,novela realista,novela realista,novela realista,novela realista,novela realista,novela realista,novela realista
3734,subgenre-current,novela romántica,novela realista,80,,6,1,nh0053,novela romántica,novela romántica,novela romántica,novela romántica,novela romántica,novela romántica,novela romántica,novela romántica,novela romántica,novela romántica,novela romántica
3735,subgenre-current,novela romántica,novela realista,80,,6,1,nh0056,novela romántica,novela romántica,novela romántica,novela romántica,novela romántica,novela romántica,novela romántica,novela romántica,novela romántica,novela romántica,novela romántica
3736,subgenre-current,novela romántica,novela realista,80,,6,1,nh0062,novela realista,novela realista,novela realista,novela realista,novela realista,novela realista,novela realista,novela realista,novela realista,novela realista,novela realista
3737,subgenre-current,novela romántica,novela realista,80,,6,1,nh0063,novela romántica,novela romántica,novela romántica,novela romántica,novela romántica,novela romántica,novela romántica,novela romántica,novela romántica,novela romántica,novela romántica
3738,subgenre-current,novela romántica,novela realista,80,,6,1,nh0067,novela realista,novela realista,novela realista,novela realista,novela realista,novela realista,novela realista,novela realista,novela realista,novela realista,novela realista
3739,subgenre-current,novela romántica,novela realista,80,,6,1,nh0068,novela realista,novela realista,novela realista,novela realista,novela realista,novela realista,novela realista,novela realista,novela realista,novela realista,novela realista
3740,subgenre-current,novela romántica,novela realista,80,,6,1,nh0075,novela realista,novela realista,novela realista,novela realista,novela realista,novela realista,novela realista,novela realista,novela realista,novela realista,novela realista
3741,subgenre-current,novela romántica,novela realista,80,,6,1,nh0085,novela romántica,novela romántica,novela romántica,novela romántica,novela romántica,novela romántica,novela romántica,novela romántica,novela romántica,novela romántica,novela romántica
3742,subgenre-current,novela romántica,novela realista,80,,6,1,nh0087,novela romántica,novela romántica,novela romántica,novela romántica,novela romántica,novela romántica,novela romántica,novela romántica,novela romántica,novela romántica,novela romántica
3743,subgenre-current,novela romántica,novela realista,80,,6,1,nh0089,novela realista,novela realista,novela realista,novela realista,novela realista,novela realista,novela realista,novela realista,novela realista,novela realista,novela realista
3744,subgenre-current,novela romántica,novela realista,80,,6,1,nh0092,novela romántica,novela romántica,novela romántica,novela romántica,novela romántica,novela romántica,novela romántica,novela romántica,novela romántica,novela romántica,novela romántica
3745,subgenre-current,novela romántica,novela realista,80,,6,1,nh0104,novela romántica,novela romántica,novela romántica,novela romántica,novela romántica,novela romántica,novela romántica,novela romántica,novela romántica,novela romántica,novela romántica
3746,subgenre-current,novela romántica,novela realista,80,,6,1,nh0105,novela romántica,novela romántica,novela romántica,novela romántica,novela realista,novela romántica,novela romántica,novela romántica,novela romántica,novela romántica,novela romántica
3747,subgenre-current,novela romántica,novela realista,80,,6,1,nh0108,novela romántica,novela romántica,novela romántica,novela romántica,novela romántica,novela romántica,novela romántica,novela romántica,novela romántica,novela romántica,novela romántica
3748,subgenre-current,novela romántica,novela realista,80,,6,1,nh0115,novela romántica,novela romántica,novela romántica,novela romántica,novela romántica,novela romántica,novela romántica,novela romántica,novela romántica,novela romántica,novela romántica
3749,subgenre-current,novela romántica,novela realista,80,,6,1,nh0120,novela romántica,novela romántica,novela romántica,novela romántica,novela romántica,novela romántica,novela romántica,novela romántica,novela romántica,novela romántica,novela romántica
3750,subgenre-current,novela romántica,novela realista,80,,6,1,nh0122,novela romántica,novela romántica,novela romántica,novela romántica,novela romántica,novela romántica,novela romántica,novela romántica,novela romántica,novela romántica,novela romántica
3751,subgenre-current,novela romántica,novela realista,80,,6,1,nh0125,novela romántica,novela romántica,novela romántica,novela romántica,novela romántica,novela realista,novela romántica,novela romántica,novela romántica,novela romántica,novela romántica
3752,subgenre-current,novela romántica,novela realista,80,,6,1,nh0127,novela realista,novela realista,novela realista,novela realista,novela realista,novela realista,novela realista,novela realista,novela realista,novela realista,novela realista
3753,subgenre-current,novela romántica,novela realista,80,,6,1,nh0131,novela romántica,novela romántica,novela romántica,novela romántica,novela romántica,novela romántica,novela realista,novela romántica,novela romántica,novela romántica,novela romántica
3754,subgenre-current,novela romántica,novela realista,80,,6,1,nh0133,novela realista,novela realista,novela realista,novela realista,novela realista,novela realista,novela realista,novela realista,novela realista,novela realista,novela realista
3755,subgenre-current,novela romántica,novela realista,80,,6,1,nh0135,novela realista,novela realista,novela realista,novela realista,novela realista,novela romántica,novela realista,novela realista,novela realista,novela realista,novela realista
3756,subgenre-current,novela romántica,novela realista,80,,6,1,nh0140,novela romántica,novela romántica,novela romántica,novela romántica,novela romántica,novela romántica,novela romántica,novela romántica,novela romántica,novela romántica,novela romántica
3757,subgenre-current,novela romántica,novela realista,80,,6,1,nh0141,novela romántica,novela romántica,novela romántica,novela romántica,novela romántica,novela romántica,novela realista,novela romántica,novela romántica,novela romántica,novela romántica
3758,subgenre-current,novela romántica,novela realista,80,,6,1,nh0146,novela romántica,novela romántica,novela romántica,novela romántica,novela romántica,novela romántica,novela romántica,novela romántica,novela romántica,novela romántica,novela romántica
3759,subgenre-current,novela romántica,novela realista,80,,6,1,nh0147,novela romántica,novela romántica,novela romántica,novela romántica,novela romántica,novela romántica,novela romántica,novela romántica,novela romántica,novela romántica,novela romántica
3760,subgenre-current,novela romántica,novela realista,80,,6,1,nh0148,novela realista,novela realista,novela realista,novela realista,novela realista,novela realista,novela realista,novela realista,novela realista,novela realista,novela realista
3761,subgenre-current,novela romántica,novela realista,80,,6,1,nh0150,novela romántica,novela romántica,novela romántica,novela romántica,novela romántica,novela romántica,novela romántica,novela romántica,novela romántica,novela romántica,novela romántica
3762,subgenre-current,novela romántica,novela realista,80,,6,1,nh0165,novela realista,novela realista,novela realista,novela realista,novela realista,novela realista,novela realista,novela realista,novela realista,novela realista,novela realista
3763,subgenre-current,novela romántica,novela realista,80,,6,1,nh0172,novela romántica,novela romántica,novela romántica,novela romántica,novela romántica,novela romántica,novela romántica,novela romántica,novela romántica,novela romántica,novela romántica
3764,subgenre-current,novela romántica,novela realista,80,,6,1,nh0174,novela realista,novela realista,novela realista,novela realista,novela realista,novela realista,novela realista,novela realista,novela realista,novela realista,novela realista
3765,subgenre-current,novela romántica,novela realista,80,,6,1,nh0175,novela realista,novela realista,novela realista,novela realista,novela realista,novela realista,novela realista,novela realista,novela realista,novela realista,novela realista
3766,subgenre-current,novela romántica,novela realista,80,,6,1,nh0183,novela romántica,novela romántica,novela romántica,novela romántica,novela romántica,novela romántica,novela romántica,novela romántica,novela romántica,novela romántica,novela romántica
3767,subgenre-current,novela romántica,novela realista,80,,6,1,nh0196,novela romántica,novela romántica,novela romántica,novela romántica,novela romántica,novela romántica,novela romántica,novela romántica,novela realista,novela romántica,novela romántica
3768,subgenre-current,novela romántica,novela realista,80,,6,1,nh0197,novela romántica,novela romántica,novela romántica,novela romántica,novela romántica,novela romántica,novela romántica,novela romántica,novela realista,novela romántica,novela romántica
3769,subgenre-current,novela romántica,novela realista,80,,6,1,nh0198,novela realista,novela realista,novela realista,novela realista,novela realista,novela realista,novela realista,novela realista,novela realista,novela realista,novela realista
3770,subgenre-current,novela romántica,novela realista,80,,6,1,nh0202,novela realista,novela realista,novela realista,novela realista,novela realista,novela realista,novela realista,novela realista,novela realista,novela realista,novela realista
3771,subgenre-current,novela romántica,novela realista,80,,6,1,nh0203,novela romántica,novela romántica,novela romántica,novela romántica,novela romántica,novela romántica,novela romántica,novela romántica,novela romántica,novela romántica,novela romántica
3772,subgenre-current,novela romántica,novela realista,80,,6,1,nh0204,novela realista,novela realista,novela realista,novela realista,novela realista,novela realista,novela realista,novela realista,novela realista,novela realista,novela realista
3773,subgenre-current,novela romántica,novela realista,80,,6,1,nh0208,novela realista,novela realista,novela realista,novela realista,novela realista,novela realista,novela realista,novela realista,novela realista,novela realista,novela realista
3774,subgenre-current,novela romántica,novela realista,80,,6,1,nh0210,novela realista,novela realista,novela realista,novela realista,novela realista,novela realista,novela realista,novela realista,novela realista,novela realista,novela realista
3775,subgenre-current,novela romántica,novela realista,80,,6,1,nh0214,novela realista,novela realista,novela realista,novela realista,novela realista,novela realista,novela realista,novela realista,novela realista,novela romántica,novela realista
3776,subgenre-current,novela romántica,novela realista,80,,6,1,nh0216,novela romántica,novela romántica,novela romántica,novela romántica,novela romántica,novela romántica,novela romántica,novela romántica,novela romántica,novela romántica,novela romántica
3777,subgenre-current,novela romántica,novela realista,80,,6,1,nh0221,novela realista,novela realista,novela realista,novela realista,novela realista,novela realista,novela realista,novela realista,novela realista,novela realista,novela realista
3778,subgenre-current,novela romántica,novela realista,80,,6,1,nh0226,novela romántica,novela romántica,novela romántica,novela romántica,novela romántica,novela romántica,novela romántica,novela romántica,novela romántica,novela romántica,novela romántica
3779,subgenre-current,novela romántica,novela realista,80,,6,1,nh0227,novela romántica,novela romántica,novela romántica,novela romántica,novela romántica,novela romántica,novela romántica,novela romántica,novela romántica,novela romántica,novela romántica
3780,subgenre-current,novela romántica,novela realista,80,,6,1,nh0230,novela realista,novela realista,novela realista,novela realista,novela realista,novela realista,novela realista,novela realista,novela realista,novela realista,novela realista
3781,subgenre-current,novela romántica,novela realista,80,,6,1,nh0232,novela realista,novela realista,novela realista,novela realista,novela realista,novela realista,novela realista,novela realista,novela realista,novela realista,novela realista
3782,subgenre-current,novela romántica,novela realista,80,,6,1,nh0234,novela romántica,novela romántica,novela romántica,novela romántica,novela romántica,novela romántica,novela romántica,novela romántica,novela romántica,novela romántica,novela romántica
3783,subgenre-current,novela romántica,novela realista,80,,6,1,nh0235,novela realista,novela realista,novela realista,novela realista,novela realista,novela realista,novela realista,novela realista,novela realista,novela realista,novela realista
3784,subgenre-current,novela romántica,novela realista,80,,6,1,nh0239,novela realista,novela realista,novela realista,novela realista,novela realista,novela realista,novela realista,novela realista,novela realista,novela realista,novela realista
3785,subgenre-current,novela romántica,novela realista,80,,6,1,nh0246,novela romántica,novela romántica,novela romántica,novela romántica,novela romántica,novela romántica,novela romántica,novela romántica,novela romántica,novela romántica,novela romántica
3786,subgenre-current,novela romántica,novela realista,80,,6,1,nh0247,novela romántica,novela romántica,novela romántica,novela romántica,novela romántica,novela romántica,novela romántica,novela romántica,novela romántica,novela romántica,novela romántica
3787,subgenre-current,novela romántica,novela realista,80,,6,1,nh0249,novela romántica,novela romántica,novela romántica,novela romántica,novela romántica,novela romántica,novela romántica,novela romántica,novela romántica,novela romántica,novela romántica
3788,subgenre-current,novela romántica,novela realista,80,,6,1,nh0251,novela romántica,novela romántica,novela romántica,novela romántica,novela romántica,novela romántica,novela romántica,novela romántica,novela romántica,novela romántica,novela romántica
3789,subgenre-current,novela romántica,novela realista,80,,6,1,nh0252,novela romántica,novela romántica,novela romántica,novela romántica,novela romántica,novela romántica,novela romántica,novela romántica,novela romántica,novela romántica,novela romántica
3790,subgenre-current,novela romántica,novela realista,80,,7,1,nh0002,novela realista,novela realista,novela realista,novela realista,novela realista,novela realista,novela realista,novela realista,novela realista,novela realista,novela realista
3791,subgenre-current,novela romántica,novela realista,80,,7,1,nh0008,novela realista,novela realista,novela realista,novela realista,novela realista,novela realista,novela realista,novela realista,novela realista,novela realista,novela realista
3792,subgenre-current,novela romántica,novela realista,80,,7,1,nh0009,novela romántica,novela romántica,novela romántica,novela romántica,novela romántica,novela romántica,novela romántica,novela romántica,novela romántica,novela romántica,novela romántica
3793,subgenre-current,novela romántica,novela realista,80,,7,1,nh0010,novela realista,novela realista,novela realista,novela realista,novela realista,novela realista,novela realista,novela realista,novela realista,novela realista,novela realista
3794,subgenre-current,novela romántica,novela realista,80,,7,1,nh0015,novela realista,novela realista,novela realista,novela realista,novela realista,novela realista,novela realista,novela realista,novela realista,novela realista,novela realista
3795,subgenre-current,novela romántica,novela realista,80,,7,1,nh0016,novela romántica,novela realista,novela romántica,novela romántica,novela romántica,novela romántica,novela romántica,novela romántica,novela romántica,novela romántica,novela romántica
3796,subgenre-current,novela romántica,novela realista,80,,7,1,nh0023,novela realista,novela realista,novela realista,novela realista,novela realista,novela realista,novela realista,novela realista,novela realista,novela realista,novela realista
3797,subgenre-current,novela romántica,novela realista,80,,7,1,nh0025,novela romántica,novela romántica,novela romántica,novela romántica,novela romántica,novela romántica,novela romántica,novela romántica,novela romántica,novela romántica,novela romántica
3798,subgenre-current,novela romántica,novela realista,80,,7,1,nh0026,novela romántica,novela romántica,novela romántica,novela romántica,novela romántica,novela romántica,novela romántica,novela romántica,novela romántica,novela romántica,novela romántica
3799,subgenre-current,novela romántica,novela realista,80,,7,1,nh0027,novela realista,novela realista,novela realista,novela realista,novela realista,novela realista,novela realista,novela realista,novela realista,novela realista,novela realista
3800,subgenre-current,novela romántica,novela realista,80,,7,1,nh0035,novela romántica,novela romántica,novela romántica,novela romántica,novela romántica,novela romántica,novela romántica,novela romántica,novela romántica,novela romántica,novela romántica
3801,subgenre-current,novela romántica,novela realista,80,,7,1,nh0036,novela realista,novela realista,novela realista,novela realista,novela realista,novela realista,novela realista,novela realista,novela realista,novela realista,novela realista
3802,subgenre-current,novela romántica,novela realista,80,,7,1,nh0043,novela romántica,novela romántica,novela romántica,novela romántica,novela romántica,novela romántica,novela romántica,novela romántica,novela romántica,novela romántica,novela romántica
3803,subgenre-current,novela romántica,novela realista,80,,7,1,nh0044,novela realista,novela realista,novela realista,novela realista,novela realista,novela realista,novela realista,novela realista,novela realista,novela realista,novela realista
3804,subgenre-current,novela romántica,novela realista,80,,7,1,nh0045,novela romántica,novela romántica,novela romántica,novela romántica,novela romántica,novela romántica,novela romántica,novela romántica,novela romántica,novela romántica,novela romántica
3805,subgenre-current,novela romántica,novela realista,80,,7,1,nh0046,novela realista,novela realista,novela realista,novela realista,novela realista,novela realista,novela realista,novela realista,novela realista,novela realista,novela realista
3806,subgenre-current,novela romántica,novela realista,80,,7,1,nh0047,novela realista,novela realista,novela realista,novela realista,novela realista,novela realista,novela realista,novela realista,novela realista,novela realista,novela realista
3807,subgenre-current,novela romántica,novela realista,80,,7,1,nh0048,novela realista,novela realista,novela realista,novela realista,novela realista,novela realista,novela realista,novela realista,novela realista,novela realista,novela realista
3808,subgenre-current,novela romántica,novela realista,80,,7,1,nh0052,novela realista,novela realista,novela realista,novela realista,novela realista,novela realista,novela realista,novela realista,novela realista,novela realista,novela realista
3809,subgenre-current,novela romántica,novela realista,80,,7,1,nh0055,novela romántica,novela romántica,novela romántica,novela romántica,novela romántica,novela romántica,novela romántica,novela romántica,novela romántica,novela romántica,novela romántica
3810,subgenre-current,novela romántica,novela realista,80,,7,1,nh0056,novela romántica,novela romántica,novela romántica,novela romántica,novela romántica,novela romántica,novela romántica,novela romántica,novela romántica,novela romántica,novela romántica
3811,subgenre-current,novela romántica,novela realista,80,,7,1,nh0062,novela realista,novela realista,novela realista,novela realista,novela realista,novela realista,novela realista,novela realista,novela realista,novela realista,novela realista
3812,subgenre-current,novela romántica,novela realista,80,,7,1,nh0067,novela realista,novela realista,novela realista,novela realista,novela realista,novela realista,novela realista,novela realista,novela realista,novela realista,novela realista
3813,subgenre-current,novela romántica,novela realista,80,,7,1,nh0068,novela realista,novela realista,novela realista,novela realista,novela realista,novela realista,novela realista,novela realista,novela realista,novela realista,novela realista
3814,subgenre-current,novela romántica,novela realista,80,,7,1,nh0072,novela romántica,novela romántica,novela romántica,novela romántica,novela romántica,novela romántica,novela romántica,novela romántica,novela romántica,novela romántica,novela romántica
3815,subgenre-current,novela romántica,novela realista,80,,7,1,nh0073,novela romántica,novela romántica,novela romántica,novela romántica,novela romántica,novela romántica,novela romántica,novela romántica,novela romántica,novela romántica,novela romántica
3816,subgenre-current,novela romántica,novela realista,80,,7,1,nh0075,novela realista,novela realista,novela realista,novela realista,novela realista,novela realista,novela realista,novela realista,novela realista,novela realista,novela realista
3817,subgenre-current,novela romántica,novela realista,80,,7,1,nh0085,novela romántica,novela romántica,novela romántica,novela romántica,novela romántica,novela romántica,novela romántica,novela romántica,novela romántica,novela romántica,novela romántica
3818,subgenre-current,novela romántica,novela realista,80,,7,1,nh0089,novela realista,novela realista,novela realista,novela realista,novela realista,novela realista,novela realista,novela realista,novela realista,novela realista,novela realista
3819,subgenre-current,novela romántica,novela realista,80,,7,1,nh0095,novela romántica,novela romántica,novela romántica,novela romántica,novela romántica,novela romántica,novela romántica,novela romántica,novela romántica,novela romántica,novela romántica
3820,subgenre-current,novela romántica,novela realista,80,,7,1,nh0097,novela romántica,novela romántica,novela romántica,novela romántica,novela romántica,novela realista,novela romántica,novela romántica,novela romántica,novela romántica,novela romántica
3821,subgenre-current,novela romántica,novela realista,80,,7,1,nh0102,novela romántica,novela romántica,novela romántica,novela romántica,novela romántica,novela romántica,novela romántica,novela romántica,novela romántica,novela romántica,novela romántica
3822,subgenre-current,novela romántica,novela realista,80,,7,1,nh0104,novela romántica,novela romántica,novela romántica,novela romántica,novela romántica,novela romántica,novela romántica,novela romántica,novela romántica,novela romántica,novela romántica
3823,subgenre-current,novela romántica,novela realista,80,,7,1,nh0106,novela romántica,novela romántica,novela romántica,novela romántica,novela romántica,novela romántica,novela romántica,novela romántica,novela romántica,novela romántica,novela romántica
3824,subgenre-current,novela romántica,novela realista,80,,7,1,nh0108,novela romántica,novela romántica,novela romántica,novela romántica,novela romántica,novela romántica,novela realista,novela romántica,novela romántica,novela romántica,novela romántica
3825,subgenre-current,novela romántica,novela realista,80,,7,1,nh0124,novela romántica,novela romántica,novela romántica,novela romántica,novela romántica,novela romántica,novela romántica,novela romántica,novela romántica,novela romántica,novela romántica
3826,subgenre-current,novela romántica,novela realista,80,,7,1,nh0127,novela realista,novela realista,novela realista,novela realista,novela realista,novela realista,novela realista,novela realista,novela realista,novela realista,novela realista
3827,subgenre-current,novela romántica,novela realista,80,,7,1,nh0131,novela romántica,novela romántica,novela romántica,novela romántica,novela romántica,novela romántica,novela romántica,novela realista,novela romántica,novela romántica,novela romántica
3828,subgenre-current,novela romántica,novela realista,80,,7,1,nh0133,novela realista,novela realista,novela realista,novela realista,novela realista,novela realista,novela realista,novela realista,novela realista,novela realista,novela realista
3829,subgenre-current,novela romántica,novela realista,80,,7,1,nh0135,novela realista,novela realista,novela realista,novela realista,novela realista,novela romántica,novela realista,novela realista,novela realista,novela realista,novela realista
3830,subgenre-current,novela romántica,novela realista,80,,7,1,nh0142,novela romántica,novela romántica,novela romántica,novela romántica,novela romántica,novela romántica,novela romántica,novela romántica,novela romántica,novela romántica,novela romántica
3831,subgenre-current,novela romántica,novela realista,80,,7,1,nh0143,novela romántica,novela romántica,novela romántica,novela romántica,novela romántica,novela romántica,novela romántica,novela romántica,novela romántica,novela romántica,novela romántica
3832,subgenre-current,novela romántica,novela realista,80,,7,1,nh0146,novela romántica,novela romántica,novela romántica,novela romántica,novela romántica,novela romántica,novela romántica,novela romántica,novela romántica,novela romántica,novela romántica
3833,subgenre-current,novela romántica,novela realista,80,,7,1,nh0148,novela realista,novela realista,novela realista,novela realista,novela realista,novela realista,novela realista,novela realista,novela realista,novela realista,novela realista
3834,subgenre-current,novela romántica,novela realista,80,,7,1,nh0150,novela romántica,novela romántica,novela romántica,novela romántica,novela romántica,novela romántica,novela romántica,novela romántica,novela romántica,novela romántica,novela romántica
3835,subgenre-current,novela romántica,novela realista,80,,7,1,nh0151,novela romántica,novela romántica,novela romántica,novela romántica,novela romántica,novela romántica,novela romántica,novela romántica,novela romántica,novela romántica,novela romántica
3836,subgenre-current,novela romántica,novela realista,80,,7,1,nh0156,novela romántica,novela romántica,novela romántica,novela romántica,novela romántica,novela romántica,novela romántica,novela romántica,novela romántica,novela romántica,novela romántica
3837,subgenre-current,novela romántica,novela realista,80,,7,1,nh0161,novela romántica,novela romántica,novela romántica,novela romántica,novela romántica,novela romántica,novela romántica,novela romántica,novela realista,novela romántica,novela romántica
3838,subgenre-current,novela romántica,novela realista,80,,7,1,nh0165,novela realista,novela realista,novela realista,novela realista,novela realista,novela realista,novela realista,novela realista,novela realista,novela realista,novela realista
3839,subgenre-current,novela romántica,novela realista,80,,7,1,nh0172,novela romántica,novela romántica,novela romántica,novela romántica,novela romántica,novela romántica,novela romántica,novela romántica,novela romántica,novela romántica,novela romántica
3840,subgenre-current,novela romántica,novela realista,80,,7,1,nh0174,novela realista,novela realista,novela realista,novela realista,novela realista,novela realista,novela realista,novela realista,novela realista,novela realista,novela realista
3841,subgenre-current,novela romántica,novela realista,80,,7,1,nh0175,novela realista,novela realista,novela realista,novela realista,novela realista,novela realista,novela realista,novela realista,novela realista,novela realista,novela realista
3842,subgenre-current,novela romántica,novela realista,80,,7,1,nh0188,novela romántica,novela romántica,novela romántica,novela romántica,novela romántica,novela romántica,novela romántica,novela romántica,novela romántica,novela romántica,novela romántica
3843,subgenre-current,novela romántica,novela realista,80,,7,1,nh0198,novela realista,novela realista,novela realista,novela realista,novela realista,novela realista,novela realista,novela realista,novela realista,novela realista,novela realista
3844,subgenre-current,novela romántica,novela realista,80,,7,1,nh0199,novela romántica,novela romántica,novela romántica,novela romántica,novela romántica,novela romántica,novela romántica,novela romántica,novela romántica,novela realista,novela romántica
3845,subgenre-current,novela romántica,novela realista,80,,7,1,nh0202,novela realista,novela realista,novela realista,novela realista,novela realista,novela realista,novela realista,novela realista,novela realista,novela realista,novela realista
3846,subgenre-current,novela romántica,novela realista,80,,7,1,nh0204,novela realista,novela realista,novela realista,novela realista,novela realista,novela realista,novela realista,novela realista,novela realista,novela realista,novela realista
3847,subgenre-current,novela romántica,novela realista,80,,7,1,nh0208,novela realista,novela realista,novela realista,novela realista,novela realista,novela realista,novela realista,novela realista,novela realista,novela realista,novela realista
3848,subgenre-current,novela romántica,novela realista,80,,7,1,nh0210,novela realista,novela realista,novela realista,novela realista,novela realista,novela realista,novela realista,novela realista,novela realista,novela realista,novela realista
3849,subgenre-current,novela romántica,novela realista,80,,7,1,nh0214,novela realista,novela realista,novela realista,novela realista,novela realista,novela realista,novela realista,novela realista,novela realista,novela realista,novela realista
3850,subgenre-current,novela romántica,novela realista,80,,7,1,nh0219,novela romántica,novela romántica,novela romántica,novela romántica,novela romántica,novela romántica,novela romántica,novela romántica,novela romántica,novela romántica,novela romántica
3851,subgenre-current,novela romántica,novela realista,80,,7,1,nh0220,novela romántica,novela romántica,novela romántica,novela romántica,novela romántica,novela romántica,novela romántica,novela romántica,novela romántica,novela romántica,novela romántica
3852,subgenre-current,novela romántica,novela realista,80,,7,1,nh0221,novela realista,novela realista,novela realista,novela realista,novela realista,novela realista,novela realista,novela realista,novela realista,novela realista,novela realista
3853,subgenre-current,novela romántica,novela realista,80,,7,1,nh0226,novela romántica,novela romántica,novela romántica,novela romántica,novela romántica,novela romántica,novela romántica,novela romántica,novela romántica,novela romántica,novela romántica
3854,subgenre-current,novela romántica,novela realista,80,,7,1,nh0227,novela romántica,novela romántica,novela romántica,novela romántica,novela romántica,novela romántica,novela romántica,novela romántica,novela romántica,novela romántica,novela romántica
3855,subgenre-current,novela romántica,novela realista,80,,7,1,nh0230,novela realista,novela realista,novela realista,novela realista,novela realista,novela realista,novela realista,novela realista,novela realista,novela realista,novela realista
3856,subgenre-current,novela romántica,novela realista,80,,7,1,nh0232,novela realista,novela realista,novela realista,novela realista,novela realista,novela realista,novela realista,novela realista,novela realista,novela realista,novela realista
3857,subgenre-current,novela romántica,novela realista,80,,7,1,nh0235,novela realista,novela realista,novela realista,novela realista,novela realista,novela realista,novela realista,novela realista,novela realista,novela realista,novela realista
3858,subgenre-current,novela romántica,novela realista,80,,7,1,nh0239,novela realista,novela realista,novela realista,novela realista,novela realista,novela realista,novela realista,novela realista,novela realista,novela realista,novela realista
3859,subgenre-current,novela romántica,novela realista,80,,7,1,nh0249,novela romántica,novela romántica,novela romántica,novela romántica,novela romántica,novela romántica,novela romántica,novela romántica,novela romántica,novela romántica,novela romántica
3860,subgenre-current,novela romántica,novela realista,80,,8,1,nh0002,novela realista,novela realista,novela realista,novela realista,novela realista,novela realista,novela realista,novela realista,novela realista,novela realista,novela realista
3861,subgenre-current,novela romántica,novela realista,80,,8,1,nh0006,novela romántica,novela romántica,novela romántica,novela romántica,novela romántica,novela romántica,novela romántica,novela romántica,novela romántica,novela romántica,novela romántica
3862,subgenre-current,novela romántica,novela realista,80,,8,1,nh0007,novela romántica,novela realista,novela romántica,novela romántica,novela romántica,novela romántica,novela romántica,novela romántica,novela romántica,novela romántica,novela romántica
3863,subgenre-current,novela romántica,novela realista,80,,8,1,nh0008,novela realista,novela realista,novela realista,novela realista,novela realista,novela realista,novela realista,novela realista,novela realista,novela realista,novela realista
3864,subgenre-current,novela romántica,novela realista,80,,8,1,nh0010,novela realista,novela realista,novela realista,novela realista,novela realista,novela realista,novela realista,novela realista,novela realista,novela realista,novela realista
3865,subgenre-current,novela romántica,novela realista,80,,8,1,nh0015,novela realista,novela realista,novela realista,novela realista,novela realista,novela realista,novela realista,novela realista,novela realista,novela realista,novela realista
3866,subgenre-current,novela romántica,novela realista,80,,8,1,nh0023,novela realista,novela realista,novela realista,novela realista,novela realista,novela realista,novela realista,novela realista,novela realista,novela realista,novela realista
3867,subgenre-current,novela romántica,novela realista,80,,8,1,nh0026,novela romántica,novela romántica,novela romántica,novela romántica,novela romántica,novela romántica,novela romántica,novela romántica,novela romántica,novela romántica,novela romántica
3868,subgenre-current,novela romántica,novela realista,80,,8,1,nh0027,novela realista,novela realista,novela realista,novela realista,novela realista,novela realista,novela realista,novela realista,novela realista,novela realista,novela realista
3869,subgenre-current,novela romántica,novela realista,80,,8,1,nh0036,novela realista,novela realista,novela realista,novela realista,novela realista,novela realista,novela realista,novela realista,novela realista,novela realista,novela realista
3870,subgenre-current,novela romántica,novela realista,80,,8,1,nh0037,novela romántica,novela romántica,novela romántica,novela romántica,novela romántica,novela romántica,novela romántica,novela romántica,novela romántica,novela romántica,novela romántica
3871,subgenre-current,novela romántica,novela realista,80,,8,1,nh0041,novela romántica,novela romántica,novela romántica,novela romántica,novela romántica,novela romántica,novela romántica,novela romántica,novela romántica,novela romántica,novela romántica
3872,subgenre-current,novela romántica,novela realista,80,,8,1,nh0044,novela realista,novela realista,novela realista,novela realista,novela realista,novela realista,novela realista,novela realista,novela realista,novela realista,novela realista
3873,subgenre-current,novela romántica,novela realista,80,,8,1,nh0046,novela realista,novela realista,novela realista,novela realista,novela realista,novela realista,novela realista,novela realista,novela realista,novela realista,novela realista
3874,subgenre-current,novela romántica,novela realista,80,,8,1,nh0047,novela realista,novela realista,novela realista,novela realista,novela realista,novela realista,novela realista,novela realista,novela realista,novela realista,novela realista
3875,subgenre-current,novela romántica,novela realista,80,,8,1,nh0048,novela realista,novela realista,novela realista,novela realista,novela realista,novela realista,novela realista,novela realista,novela realista,novela realista,novela realista
3876,subgenre-current,novela romántica,novela realista,80,,8,1,nh0050,novela romántica,novela romántica,novela realista,novela romántica,novela romántica,novela romántica,novela romántica,novela romántica,novela romántica,novela romántica,novela romántica
3877,subgenre-current,novela romántica,novela realista,80,,8,1,nh0052,novela realista,novela realista,novela realista,novela realista,novela realista,novela realista,novela realista,novela realista,novela realista,novela realista,novela realista
3878,subgenre-current,novela romántica,novela realista,80,,8,1,nh0054,novela romántica,novela romántica,novela romántica,novela romántica,novela romántica,novela romántica,novela romántica,novela romántica,novela romántica,novela romántica,novela romántica
3879,subgenre-current,novela romántica,novela realista,80,,8,1,nh0055,novela romántica,novela romántica,novela romántica,novela romántica,novela romántica,novela romántica,novela romántica,novela romántica,novela romántica,novela romántica,novela romántica
3880,subgenre-current,novela romántica,novela realista,80,,8,1,nh0061,novela romántica,novela romántica,novela romántica,novela realista,novela romántica,novela romántica,novela romántica,novela romántica,novela romántica,novela romántica,novela romántica
3881,subgenre-current,novela romántica,novela realista,80,,8,1,nh0062,novela realista,novela realista,novela realista,novela realista,novela realista,novela realista,novela realista,novela realista,novela realista,novela realista,novela realista
3882,subgenre-current,novela romántica,novela realista,80,,8,1,nh0065,novela romántica,novela romántica,novela romántica,novela romántica,novela romántica,novela romántica,novela romántica,novela romántica,novela romántica,novela romántica,novela romántica
3883,subgenre-current,novela romántica,novela realista,80,,8,1,nh0067,novela realista,novela realista,novela realista,novela realista,novela realista,novela realista,novela realista,novela realista,novela realista,novela realista,novela realista
3884,subgenre-current,novela romántica,novela realista,80,,8,1,nh0068,novela realista,novela realista,novela realista,novela realista,novela realista,novela realista,novela realista,novela realista,novela realista,novela realista,novela realista
3885,subgenre-current,novela romántica,novela realista,80,,8,1,nh0069,novela romántica,novela romántica,novela romántica,novela romántica,novela realista,novela romántica,novela romántica,novela romántica,novela romántica,novela romántica,novela romántica
3886,subgenre-current,novela romántica,novela realista,80,,8,1,nh0071,novela romántica,novela romántica,novela romántica,novela romántica,novela romántica,novela romántica,novela romántica,novela romántica,novela romántica,novela romántica,novela romántica
3887,subgenre-current,novela romántica,novela realista,80,,8,1,nh0073,novela romántica,novela romántica,novela romántica,novela romántica,novela romántica,novela romántica,novela romántica,novela romántica,novela romántica,novela romántica,novela romántica
3888,subgenre-current,novela romántica,novela realista,80,,8,1,nh0075,novela realista,novela realista,novela realista,novela realista,novela realista,novela realista,novela realista,novela realista,novela realista,novela realista,novela realista
3889,subgenre-current,novela romántica,novela realista,80,,8,1,nh0089,novela realista,novela realista,novela realista,novela realista,novela realista,novela realista,novela realista,novela realista,novela realista,novela realista,novela realista
3890,subgenre-current,novela romántica,novela realista,80,,8,1,nh0110,novela romántica,novela romántica,novela romántica,novela romántica,novela romántica,novela romántica,novela romántica,novela romántica,novela romántica,novela romántica,novela romántica
3891,subgenre-current,novela romántica,novela realista,80,,8,1,nh0117,novela romántica,novela romántica,novela romántica,novela romántica,novela romántica,novela romántica,novela romántica,novela romántica,novela romántica,novela romántica,novela romántica
3892,subgenre-current,novela romántica,novela realista,80,,8,1,nh0126,novela romántica,novela romántica,novela romántica,novela romántica,novela romántica,novela romántica,novela realista,novela romántica,novela romántica,novela romántica,novela romántica
3893,subgenre-current,novela romántica,novela realista,80,,8,1,nh0127,novela realista,novela realista,novela realista,novela realista,novela realista,novela realista,novela realista,novela realista,novela realista,novela realista,novela realista
3894,subgenre-current,novela romántica,novela realista,80,,8,1,nh0129,novela romántica,novela romántica,novela romántica,novela romántica,novela romántica,novela romántica,novela realista,novela romántica,novela romántica,novela romántica,novela romántica
3895,subgenre-current,novela romántica,novela realista,80,,8,1,nh0133,novela realista,novela realista,novela realista,novela realista,novela realista,novela realista,novela realista,novela realista,novela realista,novela realista,novela realista
3896,subgenre-current,novela romántica,novela realista,80,,8,1,nh0135,novela realista,novela realista,novela realista,novela realista,novela realista,novela romántica,novela realista,novela realista,novela realista,novela realista,novela realista
3897,subgenre-current,novela romántica,novela realista,80,,8,1,nh0142,novela romántica,novela romántica,novela romántica,novela romántica,novela romántica,novela romántica,novela romántica,novela romántica,novela romántica,novela romántica,novela romántica
3898,subgenre-current,novela romántica,novela realista,80,,8,1,nh0143,novela romántica,novela romántica,novela romántica,novela romántica,novela romántica,novela romántica,novela romántica,novela romántica,novela romántica,novela romántica,novela romántica
3899,subgenre-current,novela romántica,novela realista,80,,8,1,nh0145,novela romántica,novela romántica,novela romántica,novela romántica,novela romántica,novela romántica,novela romántica,novela realista,novela romántica,novela romántica,novela romántica
3900,subgenre-current,novela romántica,novela realista,80,,8,1,nh0148,novela realista,novela realista,novela realista,novela realista,novela realista,novela realista,novela realista,novela realista,novela realista,novela realista,novela realista
3901,subgenre-current,novela romántica,novela realista,80,,8,1,nh0157,novela romántica,novela romántica,novela romántica,novela romántica,novela romántica,novela romántica,novela romántica,novela romántica,novela romántica,novela romántica,novela romántica
3902,subgenre-current,novela romántica,novela realista,80,,8,1,nh0165,novela realista,novela realista,novela realista,novela realista,novela realista,novela realista,novela realista,novela realista,novela realista,novela realista,novela realista
3903,subgenre-current,novela romántica,novela realista,80,,8,1,nh0169,novela romántica,novela romántica,novela romántica,novela romántica,novela romántica,novela romántica,novela romántica,novela realista,novela romántica,novela romántica,novela romántica
3904,subgenre-current,novela romántica,novela realista,80,,8,1,nh0174,novela realista,novela realista,novela realista,novela realista,novela realista,novela realista,novela realista,novela realista,novela realista,novela realista,novela realista
3905,subgenre-current,novela romántica,novela realista,80,,8,1,nh0175,novela realista,novela realista,novela realista,novela realista,novela realista,novela realista,novela realista,novela realista,novela realista,novela realista,novela realista
3906,subgenre-current,novela romántica,novela realista,80,,8,1,nh0180,novela romántica,novela romántica,novela romántica,novela romántica,novela romántica,novela romántica,novela romántica,novela romántica,novela romántica,novela romántica,novela romántica
3907,subgenre-current,novela romántica,novela realista,80,,8,1,nh0181,novela romántica,novela romántica,novela romántica,novela romántica,novela romántica,novela romántica,novela romántica,novela romántica,novela romántica,novela romántica,novela romántica
3908,subgenre-current,novela romántica,novela realista,80,,8,1,nh0196,novela romántica,novela romántica,novela romántica,novela romántica,novela romántica,novela romántica,novela romántica,novela romántica,novela realista,novela romántica,novela romántica
3909,subgenre-current,novela romántica,novela realista,80,,8,1,nh0198,novela realista,novela realista,novela realista,novela realista,novela realista,novela realista,novela realista,novela realista,novela realista,novela realista,novela realista
3910,subgenre-current,novela romántica,novela realista,80,,8,1,nh0201,novela romántica,novela romántica,novela romántica,novela romántica,novela romántica,novela romántica,novela romántica,novela romántica,novela realista,novela romántica,novela romántica
3911,subgenre-current,novela romántica,novela realista,80,,8,1,nh0202,novela realista,novela realista,novela realista,novela realista,novela realista,novela realista,novela realista,novela realista,novela realista,novela realista,novela realista
3912,subgenre-current,novela romántica,novela realista,80,,8,1,nh0204,novela realista,novela realista,novela realista,novela realista,novela realista,novela realista,novela realista,novela realista,novela realista,novela realista,novela realista
3913,subgenre-current,novela romántica,novela realista,80,,8,1,nh0208,novela realista,novela realista,novela realista,novela realista,novela realista,novela realista,novela realista,novela realista,novela realista,novela realista,novela realista
3914,subgenre-current,novela romántica,novela realista,80,,8,1,nh0210,novela realista,novela realista,novela realista,novela realista,novela realista,novela realista,novela realista,novela realista,novela romántica,novela realista,novela realista
3915,subgenre-current,novela romántica,novela realista,80,,8,1,nh0214,novela realista,novela realista,novela realista,novela realista,novela realista,novela realista,novela realista,novela realista,novela realista,novela romántica,novela realista
3916,subgenre-current,novela romántica,novela realista,80,,8,1,nh0216,novela romántica,novela romántica,novela romántica,novela romántica,novela romántica,novela romántica,novela romántica,novela romántica,novela romántica,novela romántica,novela romántica
3917,subgenre-current,novela romántica,novela realista,80,,8,1,nh0220,novela romántica,novela romántica,novela romántica,novela romántica,novela romántica,novela romántica,novela romántica,novela romántica,novela romántica,novela romántica,novela romántica
3918,subgenre-current,novela romántica,novela realista,80,,8,1,nh0221,novela realista,novela realista,novela realista,novela realista,novela realista,novela realista,novela realista,novela realista,novela realista,novela realista,novela realista
3919,subgenre-current,novela romántica,novela realista,80,,8,1,nh0224,novela romántica,novela romántica,novela romántica,novela romántica,novela romántica,novela romántica,novela romántica,novela romántica,novela romántica,novela romántica,novela romántica
3920,subgenre-current,novela romántica,novela realista,80,,8,1,nh0225,novela romántica,novela romántica,novela romántica,novela romántica,novela romántica,novela romántica,novela romántica,novela romántica,novela romántica,novela romántica,novela romántica
3921,subgenre-current,novela romántica,novela realista,80,,8,1,nh0227,novela romántica,novela romántica,novela romántica,novela romántica,novela romántica,novela romántica,novela romántica,novela romántica,novela romántica,novela romántica,novela romántica
3922,subgenre-current,novela romántica,novela realista,80,,8,1,nh0230,novela realista,novela realista,novela realista,novela realista,novela realista,novela realista,novela realista,novela realista,novela realista,novela realista,novela realista
3923,subgenre-current,novela romántica,novela realista,80,,8,1,nh0232,novela realista,novela realista,novela realista,novela realista,novela realista,novela realista,novela realista,novela realista,novela realista,novela realista,novela realista
3924,subgenre-current,novela romántica,novela realista,80,,8,1,nh0235,novela realista,novela realista,novela realista,novela realista,novela realista,novela realista,novela realista,novela realista,novela realista,novela realista,novela realista
3925,subgenre-current,novela romántica,novela realista,80,,8,1,nh0239,novela realista,novela realista,novela realista,novela realista,novela realista,novela realista,novela realista,novela realista,novela realista,novela realista,novela realista
3926,subgenre-current,novela romántica,novela realista,80,,8,1,nh0246,novela romántica,novela romántica,novela romántica,novela romántica,novela romántica,novela romántica,novela romántica,novela romántica,novela romántica,novela romántica,novela romántica
3927,subgenre-current,novela romántica,novela realista,80,,8,1,nh0247,novela romántica,novela romántica,novela romántica,novela romántica,novela romántica,novela romántica,novela romántica,novela romántica,novela romántica,novela romántica,novela realista
3928,subgenre-current,novela romántica,novela realista,80,,8,1,nh0250,novela romántica,novela romántica,novela romántica,novela romántica,novela romántica,novela romántica,novela romántica,novela romántica,novela romántica,novela romántica,novela romántica
3929,subgenre-current,novela romántica,novela realista,80,,8,1,nh0252,novela romántica,novela romántica,novela romántica,novela romántica,novela romántica,novela romántica,novela romántica,novela romántica,novela romántica,novela romántica,novela romántica
3930,subgenre-current,novela romántica,novela realista,80,,9,1,nh0002,novela realista,novela realista,novela realista,novela realista,novela realista,novela realista,novela realista,novela realista,novela realista,novela realista,novela realista
3931,subgenre-current,novela romántica,novela realista,80,,9,1,nh0006,novela romántica,novela romántica,novela romántica,novela romántica,novela romántica,novela romántica,novela romántica,novela romántica,novela romántica,novela romántica,novela romántica
3932,subgenre-current,novela romántica,novela realista,80,,9,1,nh0008,novela realista,novela realista,novela realista,novela realista,novela realista,novela realista,novela realista,novela realista,novela realista,novela realista,novela realista
3933,subgenre-current,novela romántica,novela realista,80,,9,1,nh0010,novela realista,novela realista,novela realista,novela realista,novela realista,novela realista,novela realista,novela realista,novela realista,novela realista,novela realista
3934,subgenre-current,novela romántica,novela realista,80,,9,1,nh0015,novela realista,novela realista,novela realista,novela realista,novela realista,novela realista,novela realista,novela realista,novela realista,novela realista,novela realista
3935,subgenre-current,novela romántica,novela realista,80,,9,1,nh0016,novela romántica,novela realista,novela romántica,novela romántica,novela romántica,novela romántica,novela romántica,novela romántica,novela romántica,novela romántica,novela romántica
3936,subgenre-current,novela romántica,novela realista,80,,9,1,nh0023,novela realista,novela realista,novela realista,novela realista,novela realista,novela realista,novela realista,novela realista,novela realista,novela realista,novela realista
3937,subgenre-current,novela romántica,novela realista,80,,9,1,nh0025,novela romántica,novela romántica,novela romántica,novela romántica,novela romántica,novela romántica,novela romántica,novela romántica,novela romántica,novela romántica,novela romántica
3938,subgenre-current,novela romántica,novela realista,80,,9,1,nh0027,novela realista,novela realista,novela realista,novela realista,novela realista,novela realista,novela realista,novela realista,novela realista,novela realista,novela realista
3939,subgenre-current,novela romántica,novela realista,80,,9,1,nh0036,novela realista,novela realista,novela realista,novela realista,novela realista,novela realista,novela realista,novela realista,novela realista,novela realista,novela realista
3940,subgenre-current,novela romántica,novela realista,80,,9,1,nh0043,novela romántica,novela romántica,novela romántica,novela romántica,novela romántica,novela romántica,novela romántica,novela romántica,novela romántica,novela romántica,novela romántica
3941,subgenre-current,novela romántica,novela realista,80,,9,1,nh0044,novela realista,novela realista,novela realista,novela realista,novela realista,novela realista,novela realista,novela realista,novela realista,novela realista,novela realista
3942,subgenre-current,novela romántica,novela realista,80,,9,1,nh0045,novela romántica,novela romántica,novela romántica,novela romántica,novela romántica,novela romántica,novela romántica,novela romántica,novela romántica,novela romántica,novela romántica
3943,subgenre-current,novela romántica,novela realista,80,,9,1,nh0046,novela realista,novela realista,novela realista,novela realista,novela realista,novela realista,novela realista,novela realista,novela realista,novela realista,novela realista
3944,subgenre-current,novela romántica,novela realista,80,,9,1,nh0047,novela realista,novela realista,novela realista,novela realista,novela realista,novela realista,novela realista,novela realista,novela realista,novela realista,novela realista
3945,subgenre-current,novela romántica,novela realista,80,,9,1,nh0048,novela realista,novela realista,novela realista,novela realista,novela realista,novela realista,novela realista,novela realista,novela realista,novela realista,novela realista
3946,subgenre-current,novela romántica,novela realista,80,,9,1,nh0052,novela realista,novela realista,novela realista,novela realista,novela realista,novela realista,novela realista,novela realista,novela realista,novela realista,novela realista
3947,subgenre-current,novela romántica,novela realista,80,,9,1,nh0055,novela romántica,novela romántica,novela realista,novela romántica,novela romántica,novela romántica,novela romántica,novela romántica,novela romántica,novela romántica,novela romántica
3948,subgenre-current,novela romántica,novela realista,80,,9,1,nh0062,novela realista,novela realista,novela realista,novela realista,novela realista,novela realista,novela realista,novela realista,novela realista,novela realista,novela realista
3949,subgenre-current,novela romántica,novela realista,80,,9,1,nh0065,novela romántica,novela romántica,novela romántica,novela romántica,novela romántica,novela romántica,novela romántica,novela romántica,novela romántica,novela romántica,novela romántica
3950,subgenre-current,novela romántica,novela realista,80,,9,1,nh0067,novela realista,novela realista,novela realista,novela realista,novela realista,novela realista,novela realista,novela realista,novela realista,novela realista,novela realista
3951,subgenre-current,novela romántica,novela realista,80,,9,1,nh0068,novela realista,novela realista,novela realista,novela realista,novela realista,novela realista,novela realista,novela realista,novela realista,novela realista,novela realista
3952,subgenre-current,novela romántica,novela realista,80,,9,1,nh0073,novela romántica,novela romántica,novela romántica,novela romántica,novela romántica,novela romántica,novela romántica,novela romántica,novela romántica,novela romántica,novela romántica
3953,subgenre-current,novela romántica,novela realista,80,,9,1,nh0075,novela realista,novela realista,novela realista,novela realista,novela realista,novela realista,novela realista,novela realista,novela realista,novela realista,novela realista
3954,subgenre-current,novela romántica,novela realista,80,,9,1,nh0087,novela romántica,novela romántica,novela romántica,novela romántica,novela romántica,novela romántica,novela romántica,novela romántica,novela romántica,novela romántica,novela romántica
3955,subgenre-current,novela romántica,novela realista,80,,9,1,nh0089,novela realista,novela realista,novela realista,novela realista,novela realista,novela realista,novela realista,novela realista,novela realista,novela realista,novela realista
3956,subgenre-current,novela romántica,novela realista,80,,9,1,nh0096,novela romántica,novela romántica,novela romántica,novela romántica,novela romántica,novela romántica,novela romántica,novela romántica,novela romántica,novela romántica,novela romántica
3957,subgenre-current,novela romántica,novela realista,80,,9,1,nh0097,novela romántica,novela romántica,novela romántica,novela romántica,novela romántica,novela romántica,novela romántica,novela romántica,novela romántica,novela romántica,novela romántica
3958,subgenre-current,novela romántica,novela realista,80,,9,1,nh0104,novela romántica,novela romántica,novela romántica,novela romántica,novela romántica,novela romántica,novela romántica,novela romántica,novela romántica,novela romántica,novela romántica
3959,subgenre-current,novela romántica,novela realista,80,,9,1,nh0108,novela romántica,novela romántica,novela romántica,novela romántica,novela romántica,novela realista,novela romántica,novela romántica,novela romántica,novela romántica,novela romántica
3960,subgenre-current,novela romántica,novela realista,80,,9,1,nh0127,novela realista,novela realista,novela realista,novela realista,novela realista,novela realista,novela realista,novela realista,novela realista,novela realista,novela realista
3961,subgenre-current,novela romántica,novela realista,80,,9,1,nh0133,novela realista,novela realista,novela realista,novela realista,novela realista,novela realista,novela realista,novela realista,novela realista,novela realista,novela realista
3962,subgenre-current,novela romántica,novela realista,80,,9,1,nh0135,novela realista,novela realista,novela realista,novela realista,novela realista,novela romántica,novela realista,novela realista,novela realista,novela realista,novela realista
3963,subgenre-current,novela romántica,novela realista,80,,9,1,nh0140,novela romántica,novela romántica,novela romántica,novela romántica,novela romántica,novela romántica,novela romántica,novela romántica,novela romántica,novela romántica,novela romántica
3964,subgenre-current,novela romántica,novela realista,80,,9,1,nh0141,novela romántica,novela romántica,novela romántica,novela romántica,novela romántica,novela realista,novela romántica,novela romántica,novela romántica,novela romántica,novela romántica
3965,subgenre-current,novela romántica,novela realista,80,,9,1,nh0146,novela romántica,novela romántica,novela romántica,novela romántica,novela romántica,novela romántica,novela romántica,novela romántica,novela romántica,novela romántica,novela romántica
3966,subgenre-current,novela romántica,novela realista,80,,9,1,nh0147,novela romántica,novela romántica,novela romántica,novela romántica,novela romántica,novela romántica,novela realista,novela romántica,novela romántica,novela romántica,novela romántica
3967,subgenre-current,novela romántica,novela realista,80,,9,1,nh0148,novela realista,novela realista,novela realista,novela realista,novela realista,novela realista,novela realista,novela realista,novela realista,novela realista,novela realista
3968,subgenre-current,novela romántica,novela realista,80,,9,1,nh0150,novela romántica,novela romántica,novela romántica,novela romántica,novela romántica,novela romántica,novela romántica,novela romántica,novela romántica,novela romántica,novela romántica
3969,subgenre-current,novela romántica,novela realista,80,,9,1,nh0151,novela romántica,novela romántica,novela romántica,novela romántica,novela romántica,novela romántica,novela romántica,novela romántica,novela romántica,novela romántica,novela romántica
3970,subgenre-current,novela romántica,novela realista,80,,9,1,nh0152,novela romántica,novela romántica,novela romántica,novela romántica,novela romántica,novela romántica,novela romántica,novela realista,novela romántica,novela romántica,novela romántica
3971,subgenre-current,novela romántica,novela realista,80,,9,1,nh0156,novela romántica,novela romántica,novela romántica,novela romántica,novela romántica,novela romántica,novela romántica,novela romántica,novela romántica,novela romántica,novela romántica
3972,subgenre-current,novela romántica,novela realista,80,,9,1,nh0165,novela realista,novela realista,novela realista,novela realista,novela realista,novela realista,novela realista,novela realista,novela realista,novela realista,novela realista
3973,subgenre-current,novela romántica,novela realista,80,,9,1,nh0167,novela romántica,novela romántica,novela romántica,novela romántica,novela romántica,novela romántica,novela romántica,novela romántica,novela romántica,novela romántica,novela romántica
3974,subgenre-current,novela romántica,novela realista,80,,9,1,nh0171,novela romántica,novela romántica,novela romántica,novela romántica,novela romántica,novela romántica,novela romántica,novela romántica,novela romántica,novela romántica,novela romántica
3975,subgenre-current,novela romántica,novela realista,80,,9,1,nh0174,novela realista,novela realista,novela realista,novela realista,novela realista,novela realista,novela realista,novela realista,novela realista,novela realista,novela realista
3976,subgenre-current,novela romántica,novela realista,80,,9,1,nh0175,novela realista,novela realista,novela realista,novela realista,novela realista,novela realista,novela realista,novela realista,novela realista,novela realista,novela realista
3977,subgenre-current,novela romántica,novela realista,80,,9,1,nh0181,novela romántica,novela romántica,novela romántica,novela romántica,novela romántica,novela romántica,novela romántica,novela romántica,novela romántica,novela romántica,novela romántica
3978,subgenre-current,novela romántica,novela realista,80,,9,1,nh0188,novela romántica,novela romántica,novela romántica,novela romántica,novela romántica,novela romántica,novela romántica,novela romántica,novela realista,novela romántica,novela romántica
3979,subgenre-current,novela romántica,novela realista,80,,9,1,nh0196,novela romántica,novela romántica,novela romántica,novela romántica,novela romántica,novela romántica,novela romántica,novela romántica,novela realista,novela romántica,novela romántica
3980,subgenre-current,novela romántica,novela realista,80,,9,1,nh0198,novela realista,novela realista,novela realista,novela realista,novela realista,novela realista,novela realista,novela realista,novela realista,novela realista,novela realista
3981,subgenre-current,novela romántica,novela realista,80,,9,1,nh0199,novela romántica,novela romántica,novela romántica,novela romántica,novela romántica,novela romántica,novela romántica,novela romántica,novela realista,novela romántica,novela romántica
3982,subgenre-current,novela romántica,novela realista,80,,9,1,nh0201,novela romántica,novela romántica,novela romántica,novela romántica,novela romántica,novela romántica,novela romántica,novela romántica,novela romántica,novela realista,novela romántica
3983,subgenre-current,novela romántica,novela realista,80,,9,1,nh0202,novela realista,novela realista,novela realista,novela realista,novela realista,novela realista,novela realista,novela realista,novela realista,novela realista,novela realista
3984,subgenre-current,novela romántica,novela realista,80,,9,1,nh0203,novela romántica,novela romántica,novela romántica,novela romántica,novela romántica,novela romántica,novela romántica,novela romántica,novela romántica,novela romántica,novela romántica
3985,subgenre-current,novela romántica,novela realista,80,,9,1,nh0204,novela realista,novela realista,novela realista,novela realista,novela realista,novela realista,novela realista,novela realista,novela realista,novela realista,novela realista
3986,subgenre-current,novela romántica,novela realista,80,,9,1,nh0208,novela realista,novela realista,novela realista,novela realista,novela realista,novela realista,novela realista,novela realista,novela realista,novela realista,novela realista
3987,subgenre-current,novela romántica,novela realista,80,,9,1,nh0210,novela realista,novela realista,novela realista,novela realista,novela realista,novela realista,novela realista,novela realista,novela realista,novela realista,novela realista
3988,subgenre-current,novela romántica,novela realista,80,,9,1,nh0214,novela realista,novela realista,novela realista,novela realista,novela realista,novela realista,novela realista,novela realista,novela realista,novela romántica,novela realista
3989,subgenre-current,novela romántica,novela realista,80,,9,1,nh0216,novela romántica,novela romántica,novela romántica,novela romántica,novela romántica,novela romántica,novela romántica,novela romántica,novela romántica,novela romántica,novela romántica
3990,subgenre-current,novela romántica,novela realista,80,,9,1,nh0221,novela realista,novela realista,novela realista,novela realista,novela realista,novela realista,novela realista,novela realista,novela realista,novela realista,novela realista
3991,subgenre-current,novela romántica,novela realista,80,,9,1,nh0225,novela romántica,novela romántica,novela romántica,novela romántica,novela romántica,novela romántica,novela romántica,novela romántica,novela romántica,novela romántica,novela romántica
3992,subgenre-current,novela romántica,novela realista,80,,9,1,nh0230,novela realista,novela realista,novela realista,novela realista,novela realista,novela realista,novela realista,novela realista,novela realista,novela realista,novela realista
3993,subgenre-current,novela romántica,novela realista,80,,9,1,nh0232,novela realista,novela realista,novela realista,novela realista,novela realista,novela realista,novela realista,novela realista,novela realista,novela realista,novela realista
3994,subgenre-current,novela romántica,novela realista,80,,9,1,nh0235,novela realista,novela realista,novela realista,novela realista,novela realista,novela realista,novela realista,novela realista,novela realista,novela realista,novela realista
3995,subgenre-current,novela romántica,novela realista,80,,9,1,nh0239,novela realista,novela realista,novela realista,novela realista,novela realista,novela realista,novela realista,novela realista,novela realista,novela realista,novela realista
3996,subgenre-current,novela romántica,novela realista,80,,9,1,nh0246,novela romántica,novela romántica,novela romántica,novela romántica,novela romántica,novela romántica,novela romántica,novela romántica,novela romántica,novela romántica,novela romántica
3997,subgenre-current,novela romántica,novela realista,80,,9,1,nh0247,novela romántica,novela romántica,novela romántica,novela romántica,novela romántica,novela romántica,novela romántica,novela romántica,novela romántica,novela romántica,novela realista
3998,subgenre-current,novela romántica,novela realista,80,,9,1,nh0248,novela romántica,novela romántica,novela romántica,novela romántica,novela romántica,novela romántica,novela romántica,novela romántica,novela romántica,novela romántica,novela realista
3999,subgenre-current,novela romántica,novela realista,80,,9,1,nh0249,novela romántica,novela romántica,novela romántica,novela romántica,novela romántica,novela romántica,novela romántica,novela romántica,novela romántica,novela romántica,novela romántica
4000,subgenre-current,novela romántica,novela naturalista,80,,0,1,nh0006,novela romántica,novela romántica,novela romántica,novela romántica,novela romántica,novela romántica,novela romántica,novela romántica,novela romántica,novela romántica,novela romántica
4001,subgenre-current,novela romántica,novela naturalista,80,,0,1,nh0011,novela naturalista,novela naturalista,novela naturalista,novela naturalista,novela naturalista,novela naturalista,novela naturalista,novela naturalista,novela naturalista,novela naturalista,novela naturalista
4002,subgenre-current,novela romántica,novela naturalista,80,,0,1,nh0012,novela naturalista,novela naturalista,novela naturalista,novela naturalista,novela naturalista,novela naturalista,novela naturalista,novela naturalista,novela naturalista,novela naturalista,novela naturalista
4003,subgenre-current,novela romántica,novela naturalista,80,,0,1,nh0013,novela naturalista,novela naturalista,novela naturalista,novela naturalista,novela naturalista,novela naturalista,novela naturalista,novela naturalista,novela naturalista,novela naturalista,novela naturalista
4004,subgenre-current,novela romántica,novela naturalista,80,,0,1,nh0019,novela naturalista,novela naturalista,novela naturalista,novela naturalista,novela naturalista,novela naturalista,novela naturalista,novela naturalista,novela naturalista,novela naturalista,novela naturalista
4005,subgenre-current,novela romántica,novela naturalista,80,,0,1,nh0021,novela romántica,novela romántica,novela romántica,novela romántica,novela romántica,novela romántica,novela romántica,novela romántica,novela romántica,novela romántica,novela romántica
4006,subgenre-current,novela romántica,novela naturalista,80,,0,1,nh0022,novela naturalista,novela naturalista,novela naturalista,novela naturalista,novela naturalista,novela naturalista,novela naturalista,novela naturalista,novela naturalista,novela naturalista,novela naturalista
4007,subgenre-current,novela romántica,novela naturalista,80,,0,1,nh0024,novela romántica,novela romántica,novela romántica,novela romántica,novela romántica,novela romántica,novela romántica,novela romántica,novela romántica,novela romántica,novela romántica
4008,subgenre-current,novela romántica,novela naturalista,80,,0,1,nh0028,novela naturalista,novela naturalista,novela naturalista,novela naturalista,novela naturalista,novela naturalista,novela naturalista,novela naturalista,novela naturalista,novela naturalista,novela naturalista
4009,subgenre-current,novela romántica,novela naturalista,80,,0,1,nh0029,novela naturalista,novela naturalista,novela naturalista,novela naturalista,novela naturalista,novela naturalista,novela naturalista,novela naturalista,novela naturalista,novela naturalista,novela naturalista
4010,subgenre-current,novela romántica,novela naturalista,80,,0,1,nh0030,novela naturalista,novela naturalista,novela naturalista,novela naturalista,novela naturalista,novela naturalista,novela naturalista,novela naturalista,novela naturalista,novela naturalista,novela naturalista
4011,subgenre-current,novela romántica,novela naturalista,80,,0,1,nh0031,novela naturalista,novela naturalista,novela naturalista,novela naturalista,novela naturalista,novela naturalista,novela naturalista,novela naturalista,novela naturalista,novela naturalista,novela naturalista
4012,subgenre-current,novela romántica,novela naturalista,80,,0,1,nh0032,novela naturalista,novela naturalista,novela naturalista,novela naturalista,novela naturalista,novela naturalista,novela naturalista,novela naturalista,novela naturalista,novela naturalista,novela naturalista
4013,subgenre-current,novela romántica,novela naturalista,80,,0,1,nh0033,novela naturalista,novela naturalista,novela naturalista,novela naturalista,novela naturalista,novela naturalista,novela naturalista,novela naturalista,novela naturalista,novela naturalista,novela naturalista
4014,subgenre-current,novela romántica,novela naturalista,80,,0,1,nh0034,novela naturalista,novela naturalista,novela naturalista,novela naturalista,novela naturalista,novela naturalista,novela naturalista,novela naturalista,novela naturalista,novela naturalista,novela naturalista
4015,subgenre-current,novela romántica,novela naturalista,80,,0,1,nh0035,novela romántica,novela romántica,novela romántica,novela romántica,novela romántica,novela romántica,novela romántica,novela romántica,novela romántica,novela romántica,novela romántica
4016,subgenre-current,novela romántica,novela naturalista,80,,0,1,nh0037,novela romántica,novela romántica,novela romántica,novela romántica,novela romántica,novela romántica,novela romántica,novela romántica,novela romántica,novela romántica,novela romántica
4017,subgenre-current,novela romántica,novela naturalista,80,,0,1,nh0038,novela naturalista,novela naturalista,novela naturalista,novela naturalista,novela naturalista,novela naturalista,novela naturalista,novela naturalista,novela naturalista,novela naturalista,novela naturalista
4018,subgenre-current,novela romántica,novela naturalista,80,,0,1,nh0039,novela naturalista,novela naturalista,novela naturalista,novela naturalista,novela naturalista,novela naturalista,novela naturalista,novela naturalista,novela naturalista,novela naturalista,novela naturalista
4019,subgenre-current,novela romántica,novela naturalista,80,,0,1,nh0045,novela romántica,novela romántica,novela romántica,novela romántica,novela romántica,novela romántica,novela romántica,novela romántica,novela romántica,novela romántica,novela romántica
4020,subgenre-current,novela romántica,novela naturalista,80,,0,1,nh0049,novela romántica,novela romántica,novela romántica,novela romántica,novela romántica,novela romántica,novela romántica,novela romántica,novela romántica,novela romántica,novela romántica
4021,subgenre-current,novela romántica,novela naturalista,80,,0,1,nh0053,novela romántica,novela romántica,novela romántica,novela romántica,novela romántica,novela romántica,novela romántica,novela romántica,novela romántica,novela romántica,novela romántica
4022,subgenre-current,novela romántica,novela naturalista,80,,0,1,nh0056,novela romántica,novela romántica,novela romántica,novela romántica,novela romántica,novela romántica,novela romántica,novela romántica,novela romántica,novela romántica,novela romántica
4023,subgenre-current,novela romántica,novela naturalista,80,,0,1,nh0057,novela naturalista,novela naturalista,novela naturalista,novela naturalista,novela naturalista,novela naturalista,novela naturalista,novela naturalista,novela naturalista,novela naturalista,novela naturalista
4024,subgenre-current,novela romántica,novela naturalista,80,,0,1,nh0058,novela naturalista,novela naturalista,novela naturalista,novela naturalista,novela naturalista,novela naturalista,novela naturalista,novela naturalista,novela naturalista,novela naturalista,novela naturalista
4025,subgenre-current,novela romántica,novela naturalista,80,,0,1,nh0059,novela naturalista,novela naturalista,novela naturalista,novela naturalista,novela naturalista,novela naturalista,novela naturalista,novela naturalista,novela naturalista,novela naturalista,novela naturalista
4026,subgenre-current,novela romántica,novela naturalista,80,,0,1,nh0060,novela naturalista,novela naturalista,novela naturalista,novela naturalista,novela naturalista,novela naturalista,novela naturalista,novela naturalista,novela naturalista,novela naturalista,novela naturalista
4027,subgenre-current,novela romántica,novela naturalista,80,,0,1,nh0061,novela romántica,novela romántica,novela romántica,novela romántica,novela romántica,novela romántica,novela romántica,novela romántica,novela romántica,novela romántica,novela romántica
4028,subgenre-current,novela romántica,novela naturalista,80,,0,1,nh0065,novela romántica,novela romántica,novela romántica,novela romántica,novela romántica,novela romántica,novela romántica,novela romántica,novela romántica,novela romántica,novela romántica
4029,subgenre-current,novela romántica,novela naturalista,80,,0,1,nh0074,novela naturalista,novela naturalista,novela naturalista,novela naturalista,novela naturalista,novela naturalista,novela naturalista,novela naturalista,novela naturalista,novela naturalista,novela naturalista
4030,subgenre-current,novela romántica,novela naturalista,80,,0,1,nh0076,novela naturalista,novela naturalista,novela naturalista,novela naturalista,novela naturalista,novela naturalista,novela naturalista,novela naturalista,novela naturalista,novela naturalista,novela naturalista
4031,subgenre-current,novela romántica,novela naturalista,80,,0,1,nh0080,novela naturalista,novela naturalista,novela naturalista,novela naturalista,novela naturalista,novela naturalista,novela naturalista,novela naturalista,novela naturalista,novela naturalista,novela naturalista
4032,subgenre-current,novela romántica,novela naturalista,80,,0,1,nh0088,novela naturalista,novela naturalista,novela naturalista,novela naturalista,novela naturalista,novela naturalista,novela naturalista,novela naturalista,novela naturalista,novela naturalista,novela naturalista
4033,subgenre-current,novela romántica,novela naturalista,80,,0,1,nh0090,novela naturalista,novela naturalista,novela naturalista,novela naturalista,novela naturalista,novela naturalista,novela romántica,novela naturalista,novela naturalista,novela naturalista,novela naturalista
4034,subgenre-current,novela romántica,novela naturalista,80,,0,1,nh0097,novela romántica,novela romántica,novela romántica,novela romántica,novela romántica,novela romántica,novela romántica,novela romántica,novela romántica,novela romántica,novela romántica
4035,subgenre-current,novela romántica,novela naturalista,80,,0,1,nh0102,novela romántica,novela romántica,novela romántica,novela romántica,novela romántica,novela romántica,novela romántica,novela romántica,novela romántica,novela romántica,novela romántica
4036,subgenre-current,novela romántica,novela naturalista,80,,0,1,nh0108,novela romántica,novela romántica,novela romántica,novela romántica,novela romántica,novela romántica,novela romántica,novela romántica,novela romántica,novela romántica,novela romántica
4037,subgenre-current,novela romántica,novela naturalista,80,,0,1,nh0109,novela naturalista,novela naturalista,novela naturalista,novela naturalista,novela naturalista,novela naturalista,novela naturalista,novela naturalista,novela naturalista,novela naturalista,novela naturalista
4038,subgenre-current,novela romántica,novela naturalista,80,,0,1,nh0113,novela romántica,novela romántica,novela romántica,novela romántica,novela romántica,novela romántica,novela romántica,novela romántica,novela romántica,novela romántica,novela romántica
4039,subgenre-current,novela romántica,novela naturalista,80,,0,1,nh0114,novela naturalista,novela naturalista,novela naturalista,novela naturalista,novela naturalista,novela naturalista,novela naturalista,novela naturalista,novela naturalista,novela naturalista,novela naturalista
4040,subgenre-current,novela romántica,novela naturalista,80,,0,1,nh0116,novela romántica,novela romántica,novela romántica,novela romántica,novela romántica,novela romántica,novela romántica,novela romántica,novela romántica,novela romántica,novela romántica
4041,subgenre-current,novela romántica,novela naturalista,80,,0,1,nh0118,novela romántica,novela romántica,novela romántica,novela romántica,novela naturalista,novela romántica,novela romántica,novela romántica,novela romántica,novela romántica,novela romántica
4042,subgenre-current,novela romántica,novela naturalista,80,,0,1,nh0121,novela romántica,novela romántica,novela romántica,novela romántica,novela romántica,novela romántica,novela romántica,novela romántica,novela romántica,novela romántica,novela romántica
4043,subgenre-current,novela romántica,novela naturalista,80,,0,1,nh0124,novela romántica,novela romántica,novela romántica,novela romántica,novela romántica,novela romántica,novela romántica,novela romántica,novela romántica,novela romántica,novela romántica
4044,subgenre-current,novela romántica,novela naturalista,80,,0,1,nh0125,novela romántica,novela romántica,novela romántica,novela romántica,novela romántica,novela romántica,novela romántica,novela romántica,novela romántica,novela romántica,novela romántica
4045,subgenre-current,novela romántica,novela naturalista,80,,0,1,nh0131,novela romántica,novela romántica,novela romántica,novela romántica,novela romántica,novela naturalista,novela romántica,novela romántica,novela romántica,novela romántica,novela romántica
4046,subgenre-current,novela romántica,novela naturalista,80,,0,1,nh0136,novela naturalista,novela naturalista,novela naturalista,novela naturalista,novela naturalista,novela naturalista,novela naturalista,novela naturalista,novela naturalista,novela naturalista,novela naturalista
4047,subgenre-current,novela romántica,novela naturalista,80,,0,1,nh0138,novela romántica,novela romántica,novela romántica,novela romántica,novela romántica,novela romántica,novela romántica,novela romántica,novela romántica,novela romántica,novela romántica
4048,subgenre-current,novela romántica,novela naturalista,80,,0,1,nh0143,novela romántica,novela romántica,novela romántica,novela romántica,novela romántica,novela romántica,novela romántica,novela romántica,novela romántica,novela romántica,novela romántica
4049,subgenre-current,novela romántica,novela naturalista,80,,0,1,nh0144,novela romántica,novela romántica,novela romántica,novela romántica,novela romántica,novela romántica,novela romántica,novela romántica,novela romántica,novela romántica,novela romántica
4050,subgenre-current,novela romántica,novela naturalista,80,,0,1,nh0145,novela romántica,novela romántica,novela romántica,novela romántica,novela romántica,novela naturalista,novela romántica,novela romántica,novela romántica,novela romántica,novela romántica
4051,subgenre-current,novela romántica,novela naturalista,80,,0,1,nh0149,novela romántica,novela romántica,novela romántica,novela romántica,novela romántica,novela romántica,novela romántica,novela romántica,novela romántica,novela romántica,novela romántica
4052,subgenre-current,novela romántica,novela naturalista,80,,0,1,nh0150,novela romántica,novela romántica,novela romántica,novela romántica,novela romántica,novela romántica,novela romántica,novela romántica,novela romántica,novela romántica,novela romántica
4053,subgenre-current,novela romántica,novela naturalista,80,,0,1,nh0155,novela naturalista,novela naturalista,novela naturalista,novela naturalista,novela naturalista,novela naturalista,novela naturalista,novela naturalista,novela naturalista,novela naturalista,novela naturalista
4054,subgenre-current,novela romántica,novela naturalista,80,,0,1,nh0156,novela romántica,novela romántica,novela romántica,novela romántica,novela romántica,novela romántica,novela romántica,novela romántica,novela romántica,novela romántica,novela romántica
4055,subgenre-current,novela romántica,novela naturalista,80,,0,1,nh0157,novela romántica,novela romántica,novela romántica,novela romántica,novela romántica,novela romántica,novela romántica,novela romántica,novela romántica,novela romántica,novela romántica
4056,subgenre-current,novela romántica,novela naturalista,80,,0,1,nh0162,novela romántica,novela romántica,novela romántica,novela romántica,novela romántica,novela romántica,novela romántica,novela romántica,novela romántica,novela romántica,novela romántica
4057,subgenre-current,novela romántica,novela naturalista,80,,0,1,nh0163,novela naturalista,novela naturalista,novela naturalista,novela naturalista,novela naturalista,novela naturalista,novela naturalista,novela naturalista,novela naturalista,novela naturalista,novela naturalista
4058,subgenre-current,novela romántica,novela naturalista,80,,0,1,nh0164,novela naturalista,novela naturalista,novela naturalista,novela naturalista,novela naturalista,novela naturalista,novela naturalista,novela naturalista,novela naturalista,novela naturalista,novela naturalista
4059,subgenre-current,novela romántica,novela naturalista,80,,0,1,nh0167,novela romántica,novela romántica,novela romántica,novela romántica,novela romántica,novela romántica,novela romántica,novela romántica,novela romántica,novela romántica,novela romántica
4060,subgenre-current,novela romántica,novela naturalista,80,,0,1,nh0169,novela romántica,novela romántica,novela romántica,novela romántica,novela romántica,novela romántica,novela romántica,novela romántica,novela romántica,novela romántica,novela romántica
4061,subgenre-current,novela romántica,novela naturalista,80,,0,1,nh0172,novela romántica,novela romántica,novela romántica,novela romántica,novela romántica,novela romántica,novela romántica,novela romántica,novela romántica,novela romántica,novela romántica
4062,subgenre-current,novela romántica,novela naturalista,80,,0,1,nh0177,novela naturalista,novela naturalista,novela naturalista,novela naturalista,novela naturalista,novela naturalista,novela naturalista,novela naturalista,novela naturalista,novela naturalista,novela naturalista
4063,subgenre-current,novela romántica,novela naturalista,80,,0,1,nh0178,novela romántica,novela romántica,novela romántica,novela romántica,novela romántica,novela romántica,novela romántica,novela romántica,novela romántica,novela romántica,novela romántica
4064,subgenre-current,novela romántica,novela naturalista,80,,0,1,nh0179,novela naturalista,novela naturalista,novela naturalista,novela naturalista,novela naturalista,novela naturalista,novela naturalista,novela naturalista,novela naturalista,novela naturalista,novela naturalista
4065,subgenre-current,novela romántica,novela naturalista,80,,0,1,nh0181,novela romántica,novela romántica,novela romántica,novela romántica,novela romántica,novela romántica,novela romántica,novela romántica,novela romántica,novela romántica,novela romántica
4066,subgenre-current,novela romántica,novela naturalista,80,,0,1,nh0188,novela romántica,novela romántica,novela romántica,novela romántica,novela romántica,novela romántica,novela romántica,novela romántica,novela romántica,novela romántica,novela romántica
4067,subgenre-current,novela romántica,novela naturalista,80,,0,1,nh0189,novela naturalista,novela naturalista,novela naturalista,novela naturalista,novela naturalista,novela naturalista,novela naturalista,novela naturalista,novela naturalista,novela naturalista,novela naturalista
4068,subgenre-current,novela romántica,novela naturalista,80,,0,1,nh0190,novela naturalista,novela naturalista,novela naturalista,novela naturalista,novela naturalista,novela naturalista,novela naturalista,novela naturalista,novela naturalista,novela naturalista,novela naturalista
4069,subgenre-current,novela romántica,novela naturalista,80,,0,1,nh0191,novela naturalista,novela naturalista,novela naturalista,novela naturalista,novela naturalista,novela naturalista,novela naturalista,novela naturalista,novela naturalista,novela naturalista,novela naturalista
4070,subgenre-current,novela romántica,novela naturalista,80,,0,1,nh0192,novela naturalista,novela naturalista,novela naturalista,novela naturalista,novela naturalista,novela naturalista,novela naturalista,novela naturalista,novela naturalista,novela naturalista,novela naturalista
4071,subgenre-current,novela romántica,novela naturalista,80,,0,1,nh0193,novela naturalista,novela naturalista,novela naturalista,novela naturalista,novela naturalista,novela naturalista,novela naturalista,novela naturalista,novela naturalista,novela naturalista,novela naturalista
4072,subgenre-current,novela romántica,novela naturalista,80,,0,1,nh0194,novela naturalista,novela naturalista,novela naturalista,novela naturalista,novela naturalista,novela naturalista,novela naturalista,novela naturalista,novela naturalista,novela naturalista,novela naturalista
4073,subgenre-current,novela romántica,novela naturalista,80,,0,1,nh0201,novela romántica,novela romántica,novela romántica,novela romántica,novela romántica,novela romántica,novela romántica,novela romántica,novela naturalista,novela romántica,novela romántica
4074,subgenre-current,novela romántica,novela naturalista,80,,0,1,nh0205,novela naturalista,novela naturalista,novela naturalista,novela naturalista,novela naturalista,novela naturalista,novela naturalista,novela naturalista,novela naturalista,novela naturalista,novela naturalista
4075,subgenre-current,novela romántica,novela naturalista,80,,0,1,nh0206,novela naturalista,novela naturalista,novela naturalista,novela naturalista,novela naturalista,novela naturalista,novela naturalista,novela naturalista,novela naturalista,novela romántica,novela naturalista
4076,subgenre-current,novela romántica,novela naturalista,80,,0,1,nh0216,novela romántica,novela romántica,novela romántica,novela romántica,novela romántica,novela romántica,novela romántica,novela romántica,novela romántica,novela romántica,novela romántica
4077,subgenre-current,novela romántica,novela naturalista,80,,0,1,nh0217,novela naturalista,novela naturalista,novela naturalista,novela naturalista,novela naturalista,novela naturalista,novela naturalista,novela naturalista,novela naturalista,novela naturalista,novela naturalista
4078,subgenre-current,novela romántica,novela naturalista,80,,0,1,nh0223,novela naturalista,novela naturalista,novela naturalista,novela naturalista,novela naturalista,novela naturalista,novela naturalista,novela naturalista,novela naturalista,novela naturalista,novela naturalista
4079,subgenre-current,novela romántica,novela naturalista,80,,0,1,nh0224,novela romántica,novela romántica,novela romántica,novela romántica,novela romántica,novela romántica,novela romántica,novela romántica,novela romántica,novela romántica,novela romántica
4080,subgenre-current,novela romántica,novela naturalista,80,,0,1,nh0225,novela romántica,novela romántica,novela romántica,novela romántica,novela romántica,novela romántica,novela romántica,novela romántica,novela romántica,novela romántica,novela romántica
4081,subgenre-current,novela romántica,novela naturalista,80,,0,1,nh0229,novela naturalista,novela naturalista,novela naturalista,novela naturalista,novela naturalista,novela naturalista,novela naturalista,novela naturalista,novela naturalista,novela naturalista,novela naturalista
4082,subgenre-current,novela romántica,novela naturalista,80,,0,1,nh0234,novela romántica,novela romántica,novela romántica,novela romántica,novela romántica,novela romántica,novela romántica,novela romántica,novela romántica,novela romántica,novela romántica
4083,subgenre-current,novela romántica,novela naturalista,80,,0,1,nh0237,novela romántica,novela romántica,novela romántica,novela romántica,novela romántica,novela romántica,novela romántica,novela romántica,novela romántica,novela romántica,novela romántica
4084,subgenre-current,novela romántica,novela naturalista,80,,0,1,nh0238,novela romántica,novela romántica,novela romántica,novela romántica,novela romántica,novela romántica,novela romántica,novela romántica,novela romántica,novela romántica,novela romántica
4085,subgenre-current,novela romántica,novela naturalista,80,,0,1,nh0240,novela romántica,novela romántica,novela romántica,novela romántica,novela romántica,novela romántica,novela romántica,novela romántica,novela romántica,novela romántica,novela naturalista
4086,subgenre-current,novela romántica,novela naturalista,80,,0,1,nh0253,novela romántica,novela romántica,novela romántica,novela romántica,novela romántica,novela romántica,novela romántica,novela romántica,novela romántica,novela romántica,novela romántica
4087,subgenre-current,novela romántica,novela naturalista,80,,0,1,nh0254,novela naturalista,novela naturalista,novela naturalista,novela naturalista,novela naturalista,novela naturalista,novela naturalista,novela naturalista,novela naturalista,novela naturalista,novela naturalista
4088,subgenre-current,novela romántica,novela naturalista,80,,0,1,nh0255,novela naturalista,novela naturalista,novela naturalista,novela naturalista,novela naturalista,novela naturalista,novela naturalista,novela naturalista,novela naturalista,novela naturalista,novela naturalista
4089,subgenre-current,novela romántica,novela naturalista,80,,0,1,nh0256,novela naturalista,novela naturalista,novela naturalista,novela naturalista,novela naturalista,novela naturalista,novela naturalista,novela naturalista,novela naturalista,novela naturalista,novela naturalista
4090,subgenre-current,novela romántica,novela naturalista,80,,1,1,nh0003,novela romántica,novela romántica,novela romántica,novela romántica,novela romántica,novela romántica,novela romántica,novela romántica,novela romántica,novela romántica,novela romántica
4091,subgenre-current,novela romántica,novela naturalista,80,,1,1,nh0005,novela romántica,novela romántica,novela romántica,novela romántica,novela romántica,novela romántica,novela romántica,novela romántica,novela romántica,novela romántica,novela romántica
4092,subgenre-current,novela romántica,novela naturalista,80,,1,1,nh0007,novela romántica,novela romántica,novela romántica,novela romántica,novela romántica,novela romántica,novela romántica,novela romántica,novela romántica,novela romántica,novela romántica
4093,subgenre-current,novela romántica,novela naturalista,80,,1,1,nh0009,novela romántica,novela romántica,novela romántica,novela romántica,novela romántica,novela romántica,novela romántica,novela romántica,novela romántica,novela romántica,novela romántica
4094,subgenre-current,novela romántica,novela naturalista,80,,1,1,nh0011,novela naturalista,novela naturalista,novela naturalista,novela naturalista,novela naturalista,novela naturalista,novela naturalista,novela naturalista,novela naturalista,novela naturalista,novela naturalista
4095,subgenre-current,novela romántica,novela naturalista,80,,1,1,nh0012,novela naturalista,novela naturalista,novela naturalista,novela naturalista,novela naturalista,novela naturalista,novela naturalista,novela naturalista,novela naturalista,novela naturalista,novela naturalista
4096,subgenre-current,novela romántica,novela naturalista,80,,1,1,nh0013,novela naturalista,novela naturalista,novela naturalista,novela naturalista,novela naturalista,novela naturalista,novela naturalista,novela naturalista,novela naturalista,novela naturalista,novela naturalista
4097,subgenre-current,novela romántica,novela naturalista,80,,1,1,nh0019,novela naturalista,novela naturalista,novela naturalista,novela naturalista,novela naturalista,novela naturalista,novela naturalista,novela naturalista,novela naturalista,novela naturalista,novela naturalista
4098,subgenre-current,novela romántica,novela naturalista,80,,1,1,nh0022,novela naturalista,novela naturalista,novela romántica,novela naturalista,novela naturalista,novela naturalista,novela naturalista,novela naturalista,novela naturalista,novela naturalista,novela naturalista
4099,subgenre-current,novela romántica,novela naturalista,80,,1,1,nh0026,novela romántica,novela romántica,novela romántica,novela romántica,novela romántica,novela romántica,novela romántica,novela romántica,novela romántica,novela romántica,novela romántica
4100,subgenre-current,novela romántica,novela naturalista,80,,1,1,nh0028,novela naturalista,novela naturalista,novela romántica,novela naturalista,novela naturalista,novela naturalista,novela naturalista,novela naturalista,novela naturalista,novela naturalista,novela naturalista
4101,subgenre-current,novela romántica,novela naturalista,80,,1,1,nh0029,novela naturalista,novela naturalista,novela naturalista,novela naturalista,novela naturalista,novela naturalista,novela naturalista,novela naturalista,novela naturalista,novela naturalista,novela naturalista
4102,subgenre-current,novela romántica,novela naturalista,80,,1,1,nh0030,novela naturalista,novela naturalista,novela naturalista,novela naturalista,novela naturalista,novela naturalista,novela naturalista,novela naturalista,novela naturalista,novela naturalista,novela naturalista
4103,subgenre-current,novela romántica,novela naturalista,80,,1,1,nh0031,novela naturalista,novela naturalista,novela naturalista,novela naturalista,novela naturalista,novela naturalista,novela naturalista,novela naturalista,novela naturalista,novela naturalista,novela naturalista
4104,subgenre-current,novela romántica,novela naturalista,80,,1,1,nh0032,novela naturalista,novela naturalista,novela naturalista,novela naturalista,novela naturalista,novela naturalista,novela naturalista,novela naturalista,novela naturalista,novela naturalista,novela naturalista
4105,subgenre-current,novela romántica,novela naturalista,80,,1,1,nh0033,novela naturalista,novela naturalista,novela naturalista,novela naturalista,novela naturalista,novela naturalista,novela naturalista,novela naturalista,novela naturalista,novela naturalista,novela naturalista
4106,subgenre-current,novela romántica,novela naturalista,80,,1,1,nh0034,novela naturalista,novela naturalista,novela naturalista,novela naturalista,novela naturalista,novela naturalista,novela naturalista,novela naturalista,novela naturalista,novela naturalista,novela naturalista
4107,subgenre-current,novela romántica,novela naturalista,80,,1,1,nh0038,novela naturalista,novela naturalista,novela naturalista,novela naturalista,novela naturalista,novela naturalista,novela naturalista,novela naturalista,novela naturalista,novela naturalista,novela naturalista
4108,subgenre-current,novela romántica,novela naturalista,80,,1,1,nh0039,novela naturalista,novela naturalista,novela naturalista,novela naturalista,novela naturalista,novela naturalista,novela naturalista,novela naturalista,novela naturalista,novela naturalista,novela naturalista
4109,subgenre-current,novela romántica,novela naturalista,80,,1,1,nh0040,novela romántica,novela romántica,novela romántica,novela romántica,novela romántica,novela romántica,novela romántica,novela romántica,novela romántica,novela romántica,novela romántica
4110,subgenre-current,novela romántica,novela naturalista,80,,1,1,nh0053,novela romántica,novela romántica,novela romántica,novela romántica,novela romántica,novela romántica,novela romántica,novela romántica,novela romántica,novela romántica,novela romántica
4111,subgenre-current,novela romántica,novela naturalista,80,,1,1,nh0056,novela romántica,novela romántica,novela romántica,novela romántica,novela romántica,novela romántica,novela romántica,novela romántica,novela romántica,novela romántica,novela romántica
4112,subgenre-current,novela romántica,novela naturalista,80,,1,1,nh0057,novela naturalista,novela naturalista,novela naturalista,novela naturalista,novela naturalista,novela naturalista,novela naturalista,novela naturalista,novela naturalista,novela naturalista,novela naturalista
4113,subgenre-current,novela romántica,novela naturalista,80,,1,1,nh0058,novela naturalista,novela naturalista,novela naturalista,novela naturalista,novela naturalista,novela naturalista,novela naturalista,novela naturalista,novela naturalista,novela naturalista,novela naturalista
4114,subgenre-current,novela romántica,novela naturalista,80,,1,1,nh0059,novela naturalista,novela naturalista,novela naturalista,novela naturalista,novela naturalista,novela naturalista,novela naturalista,novela naturalista,novela naturalista,novela naturalista,novela naturalista
4115,subgenre-current,novela romántica,novela naturalista,80,,1,1,nh0060,novela naturalista,novela naturalista,novela naturalista,novela naturalista,novela naturalista,novela naturalista,novela naturalista,novela naturalista,novela naturalista,novela naturalista,novela naturalista
4116,subgenre-current,novela romántica,novela naturalista,80,,1,1,nh0063,novela romántica,novela romántica,novela naturalista,novela romántica,novela romántica,novela romántica,novela romántica,novela romántica,novela romántica,novela romántica,novela romántica
4117,subgenre-current,novela romántica,novela naturalista,80,,1,1,nh0072,novela romántica,novela romántica,novela romántica,novela romántica,novela romántica,novela romántica,novela romántica,novela romántica,novela romántica,novela romántica,novela romántica
4118,subgenre-current,novela romántica,novela naturalista,80,,1,1,nh0074,novela naturalista,novela naturalista,novela naturalista,novela naturalista,novela naturalista,novela naturalista,novela naturalista,novela naturalista,novela naturalista,novela naturalista,novela naturalista
4119,subgenre-current,novela romántica,novela naturalista,80,,1,1,nh0076,novela naturalista,novela naturalista,novela naturalista,novela naturalista,novela naturalista,novela naturalista,novela naturalista,novela naturalista,novela naturalista,novela naturalista,novela naturalista
4120,subgenre-current,novela romántica,novela naturalista,80,,1,1,nh0080,novela naturalista,novela naturalista,novela naturalista,novela naturalista,novela naturalista,novela naturalista,novela naturalista,novela naturalista,novela naturalista,novela naturalista,novela naturalista
4121,subgenre-current,novela romántica,novela naturalista,80,,1,1,nh0088,novela naturalista,novela naturalista,novela naturalista,novela naturalista,novela naturalista,novela naturalista,novela naturalista,novela naturalista,novela naturalista,novela naturalista,novela naturalista
4122,subgenre-current,novela romántica,novela naturalista,80,,1,1,nh0090,novela naturalista,novela naturalista,novela naturalista,novela naturalista,novela naturalista,novela naturalista,novela romántica,novela naturalista,novela naturalista,novela naturalista,novela naturalista
4123,subgenre-current,novela romántica,novela naturalista,80,,1,1,nh0095,novela romántica,novela romántica,novela romántica,novela romántica,novela romántica,novela romántica,novela romántica,novela romántica,novela romántica,novela romántica,novela romántica
4124,subgenre-current,novela romántica,novela naturalista,80,,1,1,nh0096,novela romántica,novela romántica,novela romántica,novela romántica,novela romántica,novela romántica,novela romántica,novela romántica,novela romántica,novela romántica,novela romántica
4125,subgenre-current,novela romántica,novela naturalista,80,,1,1,nh0097,novela romántica,novela romántica,novela romántica,novela romántica,novela romántica,novela romántica,novela romántica,novela romántica,novela romántica,novela romántica,novela romántica
4126,subgenre-current,novela romántica,novela naturalista,80,,1,1,nh0106,novela romántica,novela romántica,novela romántica,novela romántica,novela romántica,novela romántica,novela romántica,novela romántica,novela romántica,novela romántica,novela romántica
4127,subgenre-current,novela romántica,novela naturalista,80,,1,1,nh0108,novela romántica,novela romántica,novela romántica,novela romántica,novela romántica,novela romántica,novela romántica,novela romántica,novela romántica,novela romántica,novela romántica
4128,subgenre-current,novela romántica,novela naturalista,80,,1,1,nh0109,novela naturalista,novela naturalista,novela naturalista,novela naturalista,novela naturalista,novela naturalista,novela naturalista,novela naturalista,novela naturalista,novela naturalista,novela naturalista
4129,subgenre-current,novela romántica,novela naturalista,80,,1,1,nh0110,novela romántica,novela romántica,novela romántica,novela romántica,novela romántica,novela romántica,novela romántica,novela romántica,novela romántica,novela romántica,novela romántica
4130,subgenre-current,novela romántica,novela naturalista,80,,1,1,nh0111,novela romántica,novela romántica,novela romántica,novela romántica,novela romántica,novela romántica,novela romántica,novela romántica,novela romántica,novela romántica,novela romántica
4131,subgenre-current,novela romántica,novela naturalista,80,,1,1,nh0114,novela naturalista,novela naturalista,novela naturalista,novela naturalista,novela naturalista,novela naturalista,novela naturalista,novela naturalista,novela naturalista,novela naturalista,novela naturalista
4132,subgenre-current,novela romántica,novela naturalista,80,,1,1,nh0116,novela romántica,novela romántica,novela romántica,novela romántica,novela romántica,novela romántica,novela romántica,novela romántica,novela romántica,novela romántica,novela romántica
4133,subgenre-current,novela romántica,novela naturalista,80,,1,1,nh0117,novela romántica,novela romántica,novela romántica,novela romántica,novela romántica,novela romántica,novela romántica,novela romántica,novela romántica,novela romántica,novela romántica
4134,subgenre-current,novela romántica,novela naturalista,80,,1,1,nh0118,novela romántica,novela romántica,novela romántica,novela romántica,novela naturalista,novela romántica,novela romántica,novela romántica,novela romántica,novela romántica,novela romántica
4135,subgenre-current,novela romántica,novela naturalista,80,,1,1,nh0121,novela romántica,novela romántica,novela romántica,novela romántica,novela romántica,novela romántica,novela romántica,novela romántica,novela romántica,novela romántica,novela romántica
4136,subgenre-current,novela romántica,novela naturalista,80,,1,1,nh0122,novela romántica,novela romántica,novela romántica,novela romántica,novela romántica,novela romántica,novela romántica,novela romántica,novela romántica,novela romántica,novela romántica
4137,subgenre-current,novela romántica,novela naturalista,80,,1,1,nh0124,novela romántica,novela romántica,novela romántica,novela romántica,novela romántica,novela romántica,novela romántica,novela romántica,novela romántica,novela romántica,novela romántica
4138,subgenre-current,novela romántica,novela naturalista,80,,1,1,nh0125,novela romántica,novela romántica,novela romántica,novela romántica,novela romántica,novela romántica,novela romántica,novela romántica,novela romántica,novela romántica,novela romántica
4139,subgenre-current,novela romántica,novela naturalista,80,,1,1,nh0131,novela romántica,novela romántica,novela romántica,novela romántica,novela romántica,novela naturalista,novela romántica,novela romántica,novela romántica,novela romántica,novela romántica
4140,subgenre-current,novela romántica,novela naturalista,80,,1,1,nh0136,novela naturalista,novela naturalista,novela naturalista,novela naturalista,novela naturalista,novela naturalista,novela naturalista,novela naturalista,novela naturalista,novela naturalista,novela naturalista
4141,subgenre-current,novela romántica,novela naturalista,80,,1,1,nh0142,novela romántica,novela romántica,novela romántica,novela romántica,novela romántica,novela romántica,novela romántica,novela romántica,novela romántica,novela romántica,novela romántica
4142,subgenre-current,novela romántica,novela naturalista,80,,1,1,nh0146,novela romántica,novela romántica,novela romántica,novela romántica,novela romántica,novela romántica,novela romántica,novela romántica,novela romántica,novela romántica,novela romántica
4143,subgenre-current,novela romántica,novela naturalista,80,,1,1,nh0150,novela romántica,novela romántica,novela romántica,novela romántica,novela romántica,novela romántica,novela romántica,novela romántica,novela romántica,novela romántica,novela romántica
4144,subgenre-current,novela romántica,novela naturalista,80,,1,1,nh0151,novela romántica,novela romántica,novela romántica,novela romántica,novela romántica,novela romántica,novela romántica,novela romántica,novela romántica,novela romántica,novela romántica
4145,subgenre-current,novela romántica,novela naturalista,80,,1,1,nh0155,novela naturalista,novela naturalista,novela naturalista,novela naturalista,novela naturalista,novela naturalista,novela naturalista,novela naturalista,novela naturalista,novela naturalista,novela naturalista
4146,subgenre-current,novela romántica,novela naturalista,80,,1,1,nh0163,novela naturalista,novela naturalista,novela naturalista,novela naturalista,novela naturalista,novela naturalista,novela naturalista,novela naturalista,novela naturalista,novela naturalista,novela naturalista
4147,subgenre-current,novela romántica,novela naturalista,80,,1,1,nh0164,novela naturalista,novela naturalista,novela naturalista,novela naturalista,novela naturalista,novela naturalista,novela naturalista,novela naturalista,novela naturalista,novela naturalista,novela naturalista
4148,subgenre-current,novela romántica,novela naturalista,80,,1,1,nh0171,novela romántica,novela romántica,novela romántica,novela romántica,novela romántica,novela romántica,novela romántica,novela romántica,novela romántica,novela romántica,novela romántica
4149,subgenre-current,novela romántica,novela naturalista,80,,1,1,nh0177,novela naturalista,novela naturalista,novela naturalista,novela naturalista,novela naturalista,novela naturalista,novela naturalista,novela naturalista,novela naturalista,novela naturalista,novela naturalista
4150,subgenre-current,novela romántica,novela naturalista,80,,1,1,nh0179,novela naturalista,novela naturalista,novela naturalista,novela naturalista,novela naturalista,novela naturalista,novela naturalista,novela naturalista,novela naturalista,novela naturalista,novela naturalista
4151,subgenre-current,novela romántica,novela naturalista,80,,1,1,nh0180,novela romántica,novela romántica,novela romántica,novela romántica,novela romántica,novela romántica,novela romántica,novela romántica,novela romántica,novela romántica,novela romántica
4152,subgenre-current,novela romántica,novela naturalista,80,,1,1,nh0189,novela naturalista,novela naturalista,novela naturalista,novela naturalista,novela naturalista,novela naturalista,novela naturalista,novela naturalista,novela naturalista,novela naturalista,novela naturalista
4153,subgenre-current,novela romántica,novela naturalista,80,,1,1,nh0190,novela naturalista,novela naturalista,novela naturalista,novela naturalista,novela naturalista,novela naturalista,novela naturalista,novela naturalista,novela naturalista,novela naturalista,novela naturalista
4154,subgenre-current,novela romántica,novela naturalista,80,,1,1,nh0191,novela naturalista,novela naturalista,novela naturalista,novela naturalista,novela naturalista,novela naturalista,novela naturalista,novela naturalista,novela naturalista,novela naturalista,novela naturalista
4155,subgenre-current,novela romántica,novela naturalista,80,,1,1,nh0192,novela naturalista,novela naturalista,novela naturalista,novela naturalista,novela naturalista,novela naturalista,novela naturalista,novela naturalista,novela naturalista,novela naturalista,novela naturalista
4156,subgenre-current,novela romántica,novela naturalista,80,,1,1,nh0193,novela naturalista,novela naturalista,novela naturalista,novela naturalista,novela naturalista,novela naturalista,novela naturalista,novela naturalista,novela naturalista,novela naturalista,novela naturalista
4157,subgenre-current,novela romántica,novela naturalista,80,,1,1,nh0194,novela naturalista,novela naturalista,novela naturalista,novela naturalista,novela naturalista,novela naturalista,novela naturalista,novela naturalista,novela naturalista,novela naturalista,novela naturalista
4158,subgenre-current,novela romántica,novela naturalista,80,,1,1,nh0195,novela romántica,novela romántica,novela romántica,novela romántica,novela romántica,novela romántica,novela romántica,novela romántica,novela romántica,novela romántica,novela romántica
4159,subgenre-current,novela romántica,novela naturalista,80,,1,1,nh0203,novela romántica,novela romántica,novela romántica,novela romántica,novela romántica,novela romántica,novela romántica,novela romántica,novela romántica,novela romántica,novela romántica
4160,subgenre-current,novela romántica,novela naturalista,80,,1,1,nh0205,novela naturalista,novela naturalista,novela naturalista,novela naturalista,novela naturalista,novela naturalista,novela naturalista,novela naturalista,novela naturalista,novela naturalista,novela naturalista
4161,subgenre-current,novela romántica,novela naturalista,80,,1,1,nh0206,novela naturalista,novela naturalista,novela naturalista,novela naturalista,novela naturalista,novela naturalista,novela naturalista,novela naturalista,novela naturalista,novela romántica,novela naturalista
4162,subgenre-current,novela romántica,novela naturalista,80,,1,1,nh0216,novela romántica,novela romántica,novela romántica,novela romántica,novela romántica,novela romántica,novela romántica,novela romántica,novela romántica,novela romántica,novela romántica
4163,subgenre-current,novela romántica,novela naturalista,80,,1,1,nh0217,novela naturalista,novela naturalista,novela naturalista,novela naturalista,novela naturalista,novela naturalista,novela naturalista,novela naturalista,novela naturalista,novela naturalista,novela naturalista
4164,subgenre-current,novela romántica,novela naturalista,80,,1,1,nh0223,novela naturalista,novela naturalista,novela naturalista,novela naturalista,novela naturalista,novela naturalista,novela naturalista,novela naturalista,novela naturalista,novela naturalista,novela naturalista
4165,subgenre-current,novela romántica,novela naturalista,80,,1,1,nh0225,novela romántica,novela romántica,novela romántica,novela romántica,novela romántica,novela romántica,novela romántica,novela romántica,novela romántica,novela romántica,novela romántica
4166,subgenre-current,novela romántica,novela naturalista,80,,1,1,nh0226,novela romántica,novela romántica,novela romántica,novela romántica,novela romántica,novela romántica,novela romántica,novela romántica,novela romántica,novela romántica,novela romántica
4167,subgenre-current,novela romántica,novela naturalista,80,,1,1,nh0227,novela romántica,novela romántica,novela romántica,novela romántica,novela romántica,novela romántica,novela romántica,novela romántica,novela romántica,novela romántica,novela romántica
4168,subgenre-current,novela romántica,novela naturalista,80,,1,1,nh0229,novela naturalista,novela naturalista,novela naturalista,novela naturalista,novela naturalista,novela naturalista,novela naturalista,novela naturalista,novela naturalista,novela naturalista,novela naturalista
4169,subgenre-current,novela romántica,novela naturalista,80,,1,1,nh0234,novela romántica,novela romántica,novela romántica,novela romántica,novela romántica,novela romántica,novela romántica,novela romántica,novela romántica,novela naturalista,novela romántica
4170,subgenre-current,novela romántica,novela naturalista,80,,1,1,nh0237,novela romántica,novela romántica,novela romántica,novela romántica,novela romántica,novela romántica,novela romántica,novela romántica,novela romántica,novela romántica,novela romántica
4171,subgenre-current,novela romántica,novela naturalista,80,,1,1,nh0238,novela romántica,novela romántica,novela romántica,novela romántica,novela romántica,novela romántica,novela romántica,novela romántica,novela romántica,novela romántica,novela romántica
4172,subgenre-current,novela romántica,novela naturalista,80,,1,1,nh0244,novela romántica,novela romántica,novela romántica,novela romántica,novela romántica,novela romántica,novela romántica,novela romántica,novela romántica,novela romántica,novela romántica
4173,subgenre-current,novela romántica,novela naturalista,80,,1,1,nh0248,novela romántica,novela romántica,novela romántica,novela romántica,novela romántica,novela romántica,novela romántica,novela romántica,novela romántica,novela romántica,novela romántica
4174,subgenre-current,novela romántica,novela naturalista,80,,1,1,nh0249,novela romántica,novela romántica,novela romántica,novela romántica,novela romántica,novela romántica,novela romántica,novela romántica,novela romántica,novela romántica,novela romántica
4175,subgenre-current,novela romántica,novela naturalista,80,,1,1,nh0250,novela romántica,novela romántica,novela romántica,novela romántica,novela romántica,novela romántica,novela romántica,novela romántica,novela romántica,novela romántica,novela romántica
4176,subgenre-current,novela romántica,novela naturalista,80,,1,1,nh0252,novela romántica,novela romántica,novela romántica,novela romántica,novela romántica,novela romántica,novela romántica,novela romántica,novela romántica,novela romántica,novela romántica
4177,subgenre-current,novela romántica,novela naturalista,80,,1,1,nh0254,novela naturalista,novela naturalista,novela naturalista,novela naturalista,novela naturalista,novela naturalista,novela naturalista,novela naturalista,novela naturalista,novela naturalista,novela naturalista
4178,subgenre-current,novela romántica,novela naturalista,80,,1,1,nh0255,novela naturalista,novela naturalista,novela naturalista,novela naturalista,novela naturalista,novela naturalista,novela naturalista,novela naturalista,novela naturalista,novela naturalista,novela naturalista
4179,subgenre-current,novela romántica,novela naturalista,80,,1,1,nh0256,novela naturalista,novela naturalista,novela naturalista,novela naturalista,novela naturalista,novela naturalista,novela naturalista,novela naturalista,novela naturalista,novela naturalista,novela naturalista
4180,subgenre-current,novela romántica,novela naturalista,80,,2,1,nh0006,novela romántica,novela romántica,novela romántica,novela romántica,novela romántica,novela romántica,novela romántica,novela romántica,novela romántica,novela romántica,novela romántica
4181,subgenre-current,novela romántica,novela naturalista,80,,2,1,nh0011,novela naturalista,novela naturalista,novela naturalista,novela naturalista,novela naturalista,novela naturalista,novela naturalista,novela naturalista,novela naturalista,novela naturalista,novela naturalista
4182,subgenre-current,novela romántica,novela naturalista,80,,2,1,nh0012,novela naturalista,novela naturalista,novela naturalista,novela naturalista,novela naturalista,novela naturalista,novela naturalista,novela naturalista,novela naturalista,novela naturalista,novela naturalista
4183,subgenre-current,novela romántica,novela naturalista,80,,2,1,nh0013,novela naturalista,novela naturalista,novela naturalista,novela naturalista,novela naturalista,novela naturalista,novela naturalista,novela naturalista,novela naturalista,novela naturalista,novela naturalista
4184,subgenre-current,novela romántica,novela naturalista,80,,2,1,nh0016,novela romántica,novela romántica,novela romántica,novela romántica,novela romántica,novela romántica,novela romántica,novela romántica,novela romántica,novela romántica,novela romántica
4185,subgenre-current,novela romántica,novela naturalista,80,,2,1,nh0019,novela naturalista,novela naturalista,novela naturalista,novela naturalista,novela naturalista,novela naturalista,novela naturalista,novela naturalista,novela naturalista,novela naturalista,novela naturalista
4186,subgenre-current,novela romántica,novela naturalista,80,,2,1,nh0022,novela naturalista,novela naturalista,novela naturalista,novela naturalista,novela naturalista,novela naturalista,novela naturalista,novela naturalista,novela naturalista,novela naturalista,novela naturalista
4187,subgenre-current,novela romántica,novela naturalista,80,,2,1,nh0024,novela romántica,novela romántica,novela romántica,novela romántica,novela romántica,novela romántica,novela romántica,novela romántica,novela romántica,novela romántica,novela romántica
4188,subgenre-current,novela romántica,novela naturalista,80,,2,1,nh0025,novela romántica,novela romántica,novela romántica,novela romántica,novela romántica,novela romántica,novela romántica,novela romántica,novela romántica,novela romántica,novela romántica
4189,subgenre-current,novela romántica,novela naturalista,80,,2,1,nh0028,novela naturalista,novela naturalista,novela naturalista,novela naturalista,novela naturalista,novela naturalista,novela naturalista,novela naturalista,novela naturalista,novela naturalista,novela naturalista
4190,subgenre-current,novela romántica,novela naturalista,80,,2,1,nh0029,novela naturalista,novela naturalista,novela naturalista,novela naturalista,novela naturalista,novela naturalista,novela naturalista,novela naturalista,novela naturalista,novela naturalista,novela naturalista
4191,subgenre-current,novela romántica,novela naturalista,80,,2,1,nh0030,novela naturalista,novela naturalista,novela naturalista,novela naturalista,novela naturalista,novela naturalista,novela naturalista,novela naturalista,novela naturalista,novela naturalista,novela naturalista
4192,subgenre-current,novela romántica,novela naturalista,80,,2,1,nh0031,novela naturalista,novela naturalista,novela naturalista,novela naturalista,novela naturalista,novela naturalista,novela naturalista,novela naturalista,novela naturalista,novela naturalista,novela naturalista
4193,subgenre-current,novela romántica,novela naturalista,80,,2,1,nh0032,novela naturalista,novela naturalista,novela naturalista,novela naturalista,novela naturalista,novela naturalista,novela naturalista,novela naturalista,novela naturalista,novela naturalista,novela naturalista
4194,subgenre-current,novela romántica,novela naturalista,80,,2,1,nh0033,novela naturalista,novela naturalista,novela naturalista,novela naturalista,novela naturalista,novela naturalista,novela naturalista,novela naturalista,novela naturalista,novela naturalista,novela naturalista
4195,subgenre-current,novela romántica,novela naturalista,80,,2,1,nh0034,novela naturalista,novela naturalista,novela naturalista,novela naturalista,novela naturalista,novela naturalista,novela naturalista,novela naturalista,novela naturalista,novela naturalista,novela naturalista
4196,subgenre-current,novela romántica,novela naturalista,80,,2,1,nh0035,novela romántica,novela romántica,novela romántica,novela romántica,novela romántica,novela romántica,novela romántica,novela romántica,novela romántica,novela romántica,novela romántica
4197,subgenre-current,novela romántica,novela naturalista,80,,2,1,nh0038,novela naturalista,novela naturalista,novela naturalista,novela naturalista,novela naturalista,novela naturalista,novela naturalista,novela naturalista,novela naturalista,novela naturalista,novela naturalista
4198,subgenre-current,novela romántica,novela naturalista,80,,2,1,nh0039,novela naturalista,novela naturalista,novela naturalista,novela naturalista,novela naturalista,novela naturalista,novela naturalista,novela naturalista,novela naturalista,novela naturalista,novela naturalista
4199,subgenre-current,novela romántica,novela naturalista,80,,2,1,nh0049,novela romántica,novela romántica,novela romántica,novela romántica,novela romántica,novela romántica,novela romántica,novela romántica,novela romántica,novela romántica,novela romántica
4200,subgenre-current,novela romántica,novela naturalista,80,,2,1,nh0053,novela romántica,novela romántica,novela romántica,novela romántica,novela romántica,novela romántica,novela romántica,novela romántica,novela romántica,novela romántica,novela romántica
4201,subgenre-current,novela romántica,novela naturalista,80,,2,1,nh0054,novela romántica,novela romántica,novela romántica,novela romántica,novela romántica,novela romántica,novela romántica,novela romántica,novela romántica,novela romántica,novela romántica
4202,subgenre-current,novela romántica,novela naturalista,80,,2,1,nh0055,novela romántica,novela romántica,novela romántica,novela romántica,novela romántica,novela romántica,novela romántica,novela romántica,novela romántica,novela romántica,novela romántica
4203,subgenre-current,novela romántica,novela naturalista,80,,2,1,nh0056,novela romántica,novela romántica,novela romántica,novela romántica,novela romántica,novela romántica,novela romántica,novela romántica,novela romántica,novela romántica,novela romántica
4204,subgenre-current,novela romántica,novela naturalista,80,,2,1,nh0057,novela naturalista,novela naturalista,novela naturalista,novela naturalista,novela naturalista,novela naturalista,novela naturalista,novela naturalista,novela naturalista,novela naturalista,novela naturalista
4205,subgenre-current,novela romántica,novela naturalista,80,,2,1,nh0058,novela naturalista,novela naturalista,novela naturalista,novela naturalista,novela naturalista,novela naturalista,novela naturalista,novela naturalista,novela naturalista,novela naturalista,novela naturalista
4206,subgenre-current,novela romántica,novela naturalista,80,,2,1,nh0059,novela naturalista,novela naturalista,novela naturalista,novela naturalista,novela naturalista,novela naturalista,novela naturalista,novela naturalista,novela naturalista,novela naturalista,novela naturalista
4207,subgenre-current,novela romántica,novela naturalista,80,,2,1,nh0060,novela naturalista,novela naturalista,novela naturalista,novela naturalista,novela naturalista,novela naturalista,novela naturalista,novela naturalista,novela naturalista,novela naturalista,novela naturalista
4208,subgenre-current,novela romántica,novela naturalista,80,,2,1,nh0063,novela romántica,novela romántica,novela romántica,novela naturalista,novela romántica,novela romántica,novela romántica,novela romántica,novela romántica,novela romántica,novela romántica
4209,subgenre-current,novela romántica,novela naturalista,80,,2,1,nh0064,novela romántica,novela romántica,novela romántica,novela romántica,novela romántica,novela romántica,novela romántica,novela romántica,novela romántica,novela romántica,novela romántica
4210,subgenre-current,novela romántica,novela naturalista,80,,2,1,nh0072,novela romántica,novela romántica,novela romántica,novela romántica,novela romántica,novela romántica,novela romántica,novela romántica,novela romántica,novela romántica,novela romántica
4211,subgenre-current,novela romántica,novela naturalista,80,,2,1,nh0073,novela romántica,novela romántica,novela romántica,novela romántica,novela romántica,novela romántica,novela romántica,novela romántica,novela romántica,novela romántica,novela romántica
4212,subgenre-current,novela romántica,novela naturalista,80,,2,1,nh0074,novela naturalista,novela naturalista,novela naturalista,novela naturalista,novela naturalista,novela naturalista,novela naturalista,novela naturalista,novela naturalista,novela naturalista,novela naturalista
4213,subgenre-current,novela romántica,novela naturalista,80,,2,1,nh0076,novela naturalista,novela naturalista,novela naturalista,novela naturalista,novela naturalista,novela naturalista,novela naturalista,novela naturalista,novela naturalista,novela naturalista,novela naturalista
4214,subgenre-current,novela romántica,novela naturalista,80,,2,1,nh0080,novela naturalista,novela naturalista,novela naturalista,novela naturalista,novela naturalista,novela naturalista,novela naturalista,novela naturalista,novela naturalista,novela naturalista,novela naturalista
4215,subgenre-current,novela romántica,novela naturalista,80,,2,1,nh0087,novela romántica,novela romántica,novela romántica,novela romántica,novela romántica,novela romántica,novela romántica,novela romántica,novela romántica,novela romántica,novela romántica
4216,subgenre-current,novela romántica,novela naturalista,80,,2,1,nh0088,novela naturalista,novela naturalista,novela naturalista,novela naturalista,novela naturalista,novela naturalista,novela naturalista,novela naturalista,novela naturalista,novela naturalista,novela naturalista
4217,subgenre-current,novela romántica,novela naturalista,80,,2,1,nh0090,novela naturalista,novela naturalista,novela naturalista,novela naturalista,novela naturalista,novela naturalista,novela romántica,novela naturalista,novela naturalista,novela naturalista,novela naturalista
4218,subgenre-current,novela romántica,novela naturalista,80,,2,1,nh0094,novela romántica,novela romántica,novela romántica,novela romántica,novela romántica,novela romántica,novela romántica,novela romántica,novela romántica,novela romántica,novela romántica
4219,subgenre-current,novela romántica,novela naturalista,80,,2,1,nh0098,novela romántica,novela romántica,novela romántica,novela romántica,novela romántica,novela romántica,novela romántica,novela romántica,novela romántica,novela romántica,novela romántica
4220,subgenre-current,novela romántica,novela naturalista,80,,2,1,nh0102,novela romántica,novela romántica,novela romántica,novela romántica,novela romántica,novela romántica,novela romántica,novela romántica,novela romántica,novela romántica,novela romántica
4221,subgenre-current,novela romántica,novela naturalista,80,,2,1,nh0104,novela romántica,novela romántica,novela romántica,novela romántica,novela romántica,novela romántica,novela romántica,novela romántica,novela romántica,novela romántica,novela romántica
4222,subgenre-current,novela romántica,novela naturalista,80,,2,1,nh0105,novela romántica,novela romántica,novela romántica,novela romántica,novela naturalista,novela romántica,novela romántica,novela romántica,novela romántica,novela romántica,novela romántica
4223,subgenre-current,novela romántica,novela naturalista,80,,2,1,nh0106,novela romántica,novela romántica,novela romántica,novela romántica,novela romántica,novela romántica,novela romántica,novela romántica,novela romántica,novela romántica,novela romántica
4224,subgenre-current,novela romántica,novela naturalista,80,,2,1,nh0108,novela romántica,novela romántica,novela romántica,novela romántica,novela romántica,novela romántica,novela romántica,novela romántica,novela romántica,novela romántica,novela romántica
4225,subgenre-current,novela romántica,novela naturalista,80,,2,1,nh0109,novela naturalista,novela naturalista,novela naturalista,novela naturalista,novela naturalista,novela naturalista,novela naturalista,novela naturalista,novela naturalista,novela naturalista,novela naturalista
4226,subgenre-current,novela romántica,novela naturalista,80,,2,1,nh0110,novela romántica,novela romántica,novela romántica,novela romántica,novela romántica,novela romántica,novela romántica,novela romántica,novela romántica,novela romántica,novela romántica
4227,subgenre-current,novela romántica,novela naturalista,80,,2,1,nh0111,novela romántica,novela romántica,novela romántica,novela romántica,novela romántica,novela romántica,novela romántica,novela romántica,novela romántica,novela romántica,novela romántica
4228,subgenre-current,novela romántica,novela naturalista,80,,2,1,nh0113,novela romántica,novela romántica,novela romántica,novela romántica,novela romántica,novela romántica,novela romántica,novela romántica,novela romántica,novela romántica,novela romántica
4229,subgenre-current,novela romántica,novela naturalista,80,,2,1,nh0114,novela naturalista,novela naturalista,novela naturalista,novela naturalista,novela naturalista,novela naturalista,novela naturalista,novela naturalista,novela naturalista,novela naturalista,novela naturalista
4230,subgenre-current,novela romántica,novela naturalista,80,,2,1,nh0118,novela romántica,novela romántica,novela romántica,novela romántica,novela romántica,novela romántica,novela naturalista,novela romántica,novela romántica,novela romántica,novela romántica
4231,subgenre-current,novela romántica,novela naturalista,80,,2,1,nh0131,novela romántica,novela romántica,novela romántica,novela romántica,novela romántica,novela romántica,novela naturalista,novela romántica,novela romántica,novela romántica,novela romántica
4232,subgenre-current,novela romántica,novela naturalista,80,,2,1,nh0136,novela naturalista,novela naturalista,novela naturalista,novela naturalista,novela naturalista,novela naturalista,novela naturalista,novela naturalista,novela naturalista,novela naturalista,novela naturalista
4233,subgenre-current,novela romántica,novela naturalista,80,,2,1,nh0146,novela romántica,novela romántica,novela romántica,novela romántica,novela romántica,novela romántica,novela romántica,novela romántica,novela romántica,novela romántica,novela romántica
4234,subgenre-current,novela romántica,novela naturalista,80,,2,1,nh0147,novela romántica,novela romántica,novela romántica,novela romántica,novela romántica,novela romántica,novela naturalista,novela romántica,novela romántica,novela romántica,novela romántica
4235,subgenre-current,novela romántica,novela naturalista,80,,2,1,nh0150,novela romántica,novela romántica,novela romántica,novela romántica,novela romántica,novela romántica,novela romántica,novela romántica,novela romántica,novela romántica,novela romántica
4236,subgenre-current,novela romántica,novela naturalista,80,,2,1,nh0151,novela romántica,novela romántica,novela romántica,novela romántica,novela romántica,novela romántica,novela romántica,novela romántica,novela romántica,novela romántica,novela romántica
4237,subgenre-current,novela romántica,novela naturalista,80,,2,1,nh0152,novela romántica,novela romántica,novela romántica,novela romántica,novela romántica,novela romántica,novela romántica,novela romántica,novela romántica,novela romántica,novela romántica
4238,subgenre-current,novela romántica,novela naturalista,80,,2,1,nh0155,novela naturalista,novela naturalista,novela naturalista,novela naturalista,novela naturalista,novela naturalista,novela naturalista,novela naturalista,novela naturalista,novela naturalista,novela naturalista
4239,subgenre-current,novela romántica,novela naturalista,80,,2,1,nh0163,novela naturalista,novela naturalista,novela naturalista,novela naturalista,novela naturalista,novela naturalista,novela naturalista,novela naturalista,novela naturalista,novela naturalista,novela naturalista
4240,subgenre-current,novela romántica,novela naturalista,80,,2,1,nh0164,novela naturalista,novela naturalista,novela naturalista,novela naturalista,novela naturalista,novela naturalista,novela naturalista,novela naturalista,novela naturalista,novela naturalista,novela naturalista
4241,subgenre-current,novela romántica,novela naturalista,80,,2,1,nh0167,novela romántica,novela romántica,novela romántica,novela romántica,novela romántica,novela romántica,novela romántica,novela romántica,novela romántica,novela romántica,novela romántica
4242,subgenre-current,novela romántica,novela naturalista,80,,2,1,nh0177,novela naturalista,novela naturalista,novela naturalista,novela naturalista,novela naturalista,novela naturalista,novela naturalista,novela naturalista,novela naturalista,novela naturalista,novela naturalista
4243,subgenre-current,novela romántica,novela naturalista,80,,2,1,nh0178,novela romántica,novela romántica,novela romántica,novela romántica,novela romántica,novela romántica,novela romántica,novela romántica,novela romántica,novela romántica,novela romántica
4244,subgenre-current,novela romántica,novela naturalista,80,,2,1,nh0179,novela naturalista,novela naturalista,novela naturalista,novela naturalista,novela naturalista,novela naturalista,novela naturalista,novela naturalista,novela naturalista,novela naturalista,novela naturalista
4245,subgenre-current,novela romántica,novela naturalista,80,,2,1,nh0189,novela naturalista,novela naturalista,novela naturalista,novela naturalista,novela naturalista,novela naturalista,novela naturalista,novela naturalista,novela naturalista,novela naturalista,novela naturalista
4246,subgenre-current,novela romántica,novela naturalista,80,,2,1,nh0190,novela naturalista,novela naturalista,novela naturalista,novela naturalista,novela naturalista,novela naturalista,novela naturalista,novela naturalista,novela naturalista,novela naturalista,novela naturalista
4247,subgenre-current,novela romántica,novela naturalista,80,,2,1,nh0191,novela naturalista,novela naturalista,novela naturalista,novela naturalista,novela naturalista,novela naturalista,novela naturalista,novela naturalista,novela naturalista,novela naturalista,novela naturalista
4248,subgenre-current,novela romántica,novela naturalista,80,,2,1,nh0192,novela naturalista,novela naturalista,novela naturalista,novela naturalista,novela naturalista,novela naturalista,novela naturalista,novela naturalista,novela naturalista,novela naturalista,novela naturalista
4249,subgenre-current,novela romántica,novela naturalista,80,,2,1,nh0193,novela naturalista,novela naturalista,novela naturalista,novela naturalista,novela naturalista,novela naturalista,novela naturalista,novela naturalista,novela naturalista,novela naturalista,novela naturalista
4250,subgenre-current,novela romántica,novela naturalista,80,,2,1,nh0194,novela naturalista,novela naturalista,novela naturalista,novela naturalista,novela naturalista,novela naturalista,novela naturalista,novela naturalista,novela naturalista,novela naturalista,novela naturalista
4251,subgenre-current,novela romántica,novela naturalista,80,,2,1,nh0195,novela romántica,novela romántica,novela romántica,novela romántica,novela romántica,novela romántica,novela romántica,novela romántica,novela romántica,novela romántica,novela romántica
4252,subgenre-current,novela romántica,novela naturalista,80,,2,1,nh0201,novela romántica,novela romántica,novela romántica,novela romántica,novela romántica,novela romántica,novela romántica,novela romántica,novela naturalista,novela romántica,novela romántica
4253,subgenre-current,novela romántica,novela naturalista,80,,2,1,nh0203,novela romántica,novela romántica,novela romántica,novela romántica,novela romántica,novela romántica,novela romántica,novela romántica,novela romántica,novela romántica,novela romántica
4254,subgenre-current,novela romántica,novela naturalista,80,,2,1,nh0205,novela naturalista,novela naturalista,novela naturalista,novela naturalista,novela naturalista,novela naturalista,novela naturalista,novela naturalista,novela naturalista,novela naturalista,novela naturalista
4255,subgenre-current,novela romántica,novela naturalista,80,,2,1,nh0206,novela naturalista,novela naturalista,novela naturalista,novela naturalista,novela naturalista,novela naturalista,novela naturalista,novela naturalista,novela naturalista,novela romántica,novela naturalista
4256,subgenre-current,novela romántica,novela naturalista,80,,2,1,nh0216,novela romántica,novela romántica,novela romántica,novela romántica,novela romántica,novela romántica,novela romántica,novela romántica,novela romántica,novela romántica,novela romántica
4257,subgenre-current,novela romántica,novela naturalista,80,,2,1,nh0217,novela naturalista,novela naturalista,novela naturalista,novela naturalista,novela naturalista,novela naturalista,novela naturalista,novela naturalista,novela naturalista,novela naturalista,novela naturalista
4258,subgenre-current,novela romántica,novela naturalista,80,,2,1,nh0220,novela romántica,novela romántica,novela romántica,novela romántica,novela romántica,novela romántica,novela romántica,novela romántica,novela romántica,novela romántica,novela romántica
4259,subgenre-current,novela romántica,novela naturalista,80,,2,1,nh0223,novela naturalista,novela naturalista,novela naturalista,novela naturalista,novela naturalista,novela naturalista,novela naturalista,novela naturalista,novela naturalista,novela naturalista,novela naturalista
4260,subgenre-current,novela romántica,novela naturalista,80,,2,1,nh0226,novela romántica,novela romántica,novela romántica,novela romántica,novela romántica,novela romántica,novela romántica,novela romántica,novela romántica,novela romántica,novela romántica
4261,subgenre-current,novela romántica,novela naturalista,80,,2,1,nh0229,novela naturalista,novela naturalista,novela naturalista,novela naturalista,novela naturalista,novela naturalista,novela naturalista,novela naturalista,novela naturalista,novela naturalista,novela naturalista
4262,subgenre-current,novela romántica,novela naturalista,80,,2,1,nh0240,novela romántica,novela romántica,novela romántica,novela romántica,novela romántica,novela romántica,novela romántica,novela romántica,novela romántica,novela naturalista,novela romántica
4263,subgenre-current,novela romántica,novela naturalista,80,,2,1,nh0244,novela romántica,novela romántica,novela romántica,novela romántica,novela romántica,novela romántica,novela romántica,novela romántica,novela romántica,novela romántica,novela naturalista
4264,subgenre-current,novela romántica,novela naturalista,80,,2,1,nh0248,novela romántica,novela romántica,novela romántica,novela romántica,novela romántica,novela romántica,novela romántica,novela romántica,novela romántica,novela romántica,novela romántica
4265,subgenre-current,novela romántica,novela naturalista,80,,2,1,nh0250,novela romántica,novela romántica,novela romántica,novela romántica,novela romántica,novela romántica,novela romántica,novela romántica,novela romántica,novela romántica,novela romántica
4266,subgenre-current,novela romántica,novela naturalista,80,,2,1,nh0252,novela romántica,novela romántica,novela romántica,novela romántica,novela romántica,novela romántica,novela romántica,novela romántica,novela romántica,novela romántica,novela romántica
4267,subgenre-current,novela romántica,novela naturalista,80,,2,1,nh0254,novela naturalista,novela naturalista,novela naturalista,novela naturalista,novela naturalista,novela naturalista,novela naturalista,novela naturalista,novela naturalista,novela naturalista,novela naturalista
4268,subgenre-current,novela romántica,novela naturalista,80,,2,1,nh0255,novela naturalista,novela naturalista,novela naturalista,novela naturalista,novela naturalista,novela naturalista,novela naturalista,novela naturalista,novela naturalista,novela naturalista,novela naturalista
4269,subgenre-current,novela romántica,novela naturalista,80,,2,1,nh0256,novela naturalista,novela naturalista,novela naturalista,novela naturalista,novela naturalista,novela naturalista,novela naturalista,novela naturalista,novela naturalista,novela naturalista,novela naturalista
4270,subgenre-current,novela romántica,novela naturalista,80,,3,1,nh0003,novela romántica,novela romántica,novela romántica,novela romántica,novela romántica,novela romántica,novela romántica,novela romántica,novela romántica,novela romántica,novela romántica
4271,subgenre-current,novela romántica,novela naturalista,80,,3,1,nh0005,novela romántica,novela romántica,novela romántica,novela romántica,novela romántica,novela romántica,novela romántica,novela romántica,novela romántica,novela romántica,novela romántica
4272,subgenre-current,novela romántica,novela naturalista,80,,3,1,nh0011,novela naturalista,novela naturalista,novela naturalista,novela naturalista,novela naturalista,novela naturalista,novela naturalista,novela naturalista,novela naturalista,novela naturalista,novela naturalista
4273,subgenre-current,novela romántica,novela naturalista,80,,3,1,nh0012,novela naturalista,novela naturalista,novela naturalista,novela naturalista,novela naturalista,novela naturalista,novela naturalista,novela naturalista,novela naturalista,novela naturalista,novela naturalista
4274,subgenre-current,novela romántica,novela naturalista,80,,3,1,nh0013,novela naturalista,novela naturalista,novela naturalista,novela naturalista,novela naturalista,novela naturalista,novela naturalista,novela naturalista,novela naturalista,novela naturalista,novela naturalista
4275,subgenre-current,novela romántica,novela naturalista,80,,3,1,nh0016,novela romántica,novela romántica,novela romántica,novela romántica,novela romántica,novela romántica,novela romántica,novela romántica,novela romántica,novela romántica,novela romántica
4276,subgenre-current,novela romántica,novela naturalista,80,,3,1,nh0017,novela romántica,novela romántica,novela romántica,novela romántica,novela romántica,novela romántica,novela romántica,novela romántica,novela romántica,novela romántica,novela romántica
4277,subgenre-current,novela romántica,novela naturalista,80,,3,1,nh0019,novela naturalista,novela naturalista,novela naturalista,novela naturalista,novela naturalista,novela naturalista,novela naturalista,novela naturalista,novela naturalista,novela naturalista,novela naturalista
4278,subgenre-current,novela romántica,novela naturalista,80,,3,1,nh0022,novela naturalista,novela naturalista,novela naturalista,novela naturalista,novela naturalista,novela naturalista,novela naturalista,novela naturalista,novela naturalista,novela naturalista,novela naturalista
4279,subgenre-current,novela romántica,novela naturalista,80,,3,1,nh0025,novela romántica,novela romántica,novela romántica,novela romántica,novela romántica,novela romántica,novela romántica,novela romántica,novela romántica,novela romántica,novela romántica
4280,subgenre-current,novela romántica,novela naturalista,80,,3,1,nh0026,novela romántica,novela romántica,novela romántica,novela romántica,novela romántica,novela romántica,novela romántica,novela romántica,novela romántica,novela romántica,novela romántica
4281,subgenre-current,novela romántica,novela naturalista,80,,3,1,nh0028,novela naturalista,novela naturalista,novela romántica,novela naturalista,novela naturalista,novela naturalista,novela naturalista,novela naturalista,novela naturalista,novela naturalista,novela naturalista
4282,subgenre-current,novela romántica,novela naturalista,80,,3,1,nh0029,novela naturalista,novela naturalista,novela naturalista,novela naturalista,novela naturalista,novela naturalista,novela naturalista,novela naturalista,novela naturalista,novela naturalista,novela naturalista
4283,subgenre-current,novela romántica,novela naturalista,80,,3,1,nh0030,novela naturalista,novela naturalista,novela naturalista,novela naturalista,novela naturalista,novela naturalista,novela naturalista,novela naturalista,novela naturalista,novela naturalista,novela naturalista
4284,subgenre-current,novela romántica,novela naturalista,80,,3,1,nh0031,novela naturalista,novela naturalista,novela naturalista,novela naturalista,novela naturalista,novela naturalista,novela naturalista,novela naturalista,novela naturalista,novela naturalista,novela naturalista
4285,subgenre-current,novela romántica,novela naturalista,80,,3,1,nh0032,novela naturalista,novela naturalista,novela naturalista,novela naturalista,novela naturalista,novela naturalista,novela naturalista,novela naturalista,novela naturalista,novela naturalista,novela naturalista
4286,subgenre-current,novela romántica,novela naturalista,80,,3,1,nh0033,novela naturalista,novela naturalista,novela naturalista,novela naturalista,novela naturalista,novela naturalista,novela naturalista,novela naturalista,novela naturalista,novela naturalista,novela naturalista
4287,subgenre-current,novela romántica,novela naturalista,80,,3,1,nh0034,novela naturalista,novela naturalista,novela naturalista,novela naturalista,novela naturalista,novela naturalista,novela naturalista,novela naturalista,novela naturalista,novela naturalista,novela naturalista
4288,subgenre-current,novela romántica,novela naturalista,80,,3,1,nh0037,novela romántica,novela romántica,novela romántica,novela romántica,novela romántica,novela romántica,novela romántica,novela romántica,novela romántica,novela romántica,novela romántica
4289,subgenre-current,novela romántica,novela naturalista,80,,3,1,nh0038,novela naturalista,novela naturalista,novela naturalista,novela naturalista,novela naturalista,novela naturalista,novela naturalista,novela naturalista,novela naturalista,novela naturalista,novela naturalista
4290,subgenre-current,novela romántica,novela naturalista,80,,3,1,nh0039,novela naturalista,novela naturalista,novela naturalista,novela naturalista,novela naturalista,novela naturalista,novela naturalista,novela naturalista,novela naturalista,novela naturalista,novela naturalista
4291,subgenre-current,novela romántica,novela naturalista,80,,3,1,nh0040,novela romántica,novela romántica,novela romántica,novela romántica,novela romántica,novela romántica,novela romántica,novela romántica,novela romántica,novela romántica,novela romántica
4292,subgenre-current,novela romántica,novela naturalista,80,,3,1,nh0045,novela romántica,novela romántica,novela romántica,novela romántica,novela romántica,novela romántica,novela romántica,novela romántica,novela romántica,novela romántica,novela romántica
4293,subgenre-current,novela romántica,novela naturalista,80,,3,1,nh0049,novela romántica,novela romántica,novela romántica,novela romántica,novela romántica,novela romántica,novela romántica,novela romántica,novela romántica,novela romántica,novela romántica
4294,subgenre-current,novela romántica,novela naturalista,80,,3,1,nh0053,novela romántica,novela romántica,novela romántica,novela romántica,novela romántica,novela romántica,novela romántica,novela romántica,novela romántica,novela romántica,novela romántica
4295,subgenre-current,novela romántica,novela naturalista,80,,3,1,nh0055,novela romántica,novela romántica,novela romántica,novela romántica,novela romántica,novela romántica,novela romántica,novela romántica,novela romántica,novela romántica,novela romántica
4296,subgenre-current,novela romántica,novela naturalista,80,,3,1,nh0056,novela romántica,novela romántica,novela romántica,novela romántica,novela romántica,novela romántica,novela romántica,novela romántica,novela romántica,novela romántica,novela romántica
4297,subgenre-current,novela romántica,novela naturalista,80,,3,1,nh0057,novela naturalista,novela naturalista,novela naturalista,novela naturalista,novela naturalista,novela naturalista,novela naturalista,novela naturalista,novela naturalista,novela naturalista,novela naturalista
4298,subgenre-current,novela romántica,novela naturalista,80,,3,1,nh0058,novela naturalista,novela naturalista,novela naturalista,novela naturalista,novela naturalista,novela naturalista,novela naturalista,novela naturalista,novela naturalista,novela naturalista,novela naturalista
4299,subgenre-current,novela romántica,novela naturalista,80,,3,1,nh0059,novela naturalista,novela naturalista,novela naturalista,novela naturalista,novela naturalista,novela naturalista,novela naturalista,novela naturalista,novela naturalista,novela naturalista,novela naturalista
4300,subgenre-current,novela romántica,novela naturalista,80,,3,1,nh0060,novela naturalista,novela naturalista,novela naturalista,novela naturalista,novela naturalista,novela naturalista,novela naturalista,novela naturalista,novela naturalista,novela naturalista,novela naturalista
4301,subgenre-current,novela romántica,novela naturalista,80,,3,1,nh0061,novela romántica,novela romántica,novela romántica,novela romántica,novela romántica,novela romántica,novela romántica,novela romántica,novela romántica,novela romántica,novela romántica
4302,subgenre-current,novela romántica,novela naturalista,80,,3,1,nh0074,novela naturalista,novela naturalista,novela naturalista,novela naturalista,novela naturalista,novela naturalista,novela naturalista,novela naturalista,novela naturalista,novela naturalista,novela naturalista
4303,subgenre-current,novela romántica,novela naturalista,80,,3,1,nh0076,novela naturalista,novela naturalista,novela naturalista,novela naturalista,novela naturalista,novela naturalista,novela naturalista,novela naturalista,novela naturalista,novela naturalista,novela naturalista
4304,subgenre-current,novela romántica,novela naturalista,80,,3,1,nh0080,novela naturalista,novela naturalista,novela naturalista,novela naturalista,novela naturalista,novela naturalista,novela naturalista,novela naturalista,novela naturalista,novela naturalista,novela naturalista
4305,subgenre-current,novela romántica,novela naturalista,80,,3,1,nh0082,novela romántica,novela romántica,novela romántica,novela naturalista,novela romántica,novela romántica,novela romántica,novela romántica,novela romántica,novela romántica,novela romántica
4306,subgenre-current,novela romántica,novela naturalista,80,,3,1,nh0088,novela naturalista,novela naturalista,novela naturalista,novela naturalista,novela naturalista,novela naturalista,novela naturalista,novela naturalista,novela naturalista,novela naturalista,novela naturalista
4307,subgenre-current,novela romántica,novela naturalista,80,,3,1,nh0090,novela naturalista,novela naturalista,novela naturalista,novela naturalista,novela naturalista,novela naturalista,novela romántica,novela naturalista,novela naturalista,novela naturalista,novela naturalista
4308,subgenre-current,novela romántica,novela naturalista,80,,3,1,nh0102,novela romántica,novela romántica,novela romántica,novela romántica,novela romántica,novela romántica,novela romántica,novela romántica,novela romántica,novela romántica,novela romántica
4309,subgenre-current,novela romántica,novela naturalista,80,,3,1,nh0106,novela romántica,novela romántica,novela romántica,novela romántica,novela romántica,novela romántica,novela romántica,novela romántica,novela romántica,novela romántica,novela romántica
4310,subgenre-current,novela romántica,novela naturalista,80,,3,1,nh0109,novela naturalista,novela naturalista,novela naturalista,novela naturalista,novela naturalista,novela naturalista,novela naturalista,novela naturalista,novela naturalista,novela naturalista,novela naturalista
4311,subgenre-current,novela romántica,novela naturalista,80,,3,1,nh0114,novela naturalista,novela naturalista,novela naturalista,novela naturalista,novela naturalista,novela naturalista,novela naturalista,novela naturalista,novela naturalista,novela naturalista,novela naturalista
4312,subgenre-current,novela romántica,novela naturalista,80,,3,1,nh0115,novela romántica,novela romántica,novela romántica,novela romántica,novela romántica,novela romántica,novela romántica,novela romántica,novela romántica,novela romántica,novela romántica
4313,subgenre-current,novela romántica,novela naturalista,80,,3,1,nh0118,novela romántica,novela romántica,novela romántica,novela romántica,novela naturalista,novela romántica,novela romántica,novela romántica,novela romántica,novela romántica,novela romántica
4314,subgenre-current,novela romántica,novela naturalista,80,,3,1,nh0124,novela romántica,novela romántica,novela romántica,novela romántica,novela romántica,novela romántica,novela romántica,novela romántica,novela romántica,novela romántica,novela romántica
4315,subgenre-current,novela romántica,novela naturalista,80,,3,1,nh0126,novela romántica,novela romántica,novela romántica,novela romántica,novela romántica,novela naturalista,novela romántica,novela romántica,novela romántica,novela romántica,novela romántica
4316,subgenre-current,novela romántica,novela naturalista,80,,3,1,nh0129,novela romántica,novela romántica,novela romántica,novela romántica,novela romántica,novela romántica,novela romántica,novela romántica,novela romántica,novela romántica,novela romántica
4317,subgenre-current,novela romántica,novela naturalista,80,,3,1,nh0136,novela naturalista,novela naturalista,novela naturalista,novela naturalista,novela naturalista,novela naturalista,novela naturalista,novela naturalista,novela naturalista,novela naturalista,novela naturalista
4318,subgenre-current,novela romántica,novela naturalista,80,,3,1,nh0140,novela romántica,novela romántica,novela romántica,novela romántica,novela romántica,novela romántica,novela romántica,novela romántica,novela romántica,novela romántica,novela romántica
4319,subgenre-current,novela romántica,novela naturalista,80,,3,1,nh0144,novela romántica,novela romántica,novela romántica,novela romántica,novela romántica,novela romántica,novela romántica,novela romántica,novela romántica,novela romántica,novela romántica
4320,subgenre-current,novela romántica,novela naturalista,80,,3,1,nh0149,novela romántica,novela romántica,novela romántica,novela romántica,novela romántica,novela romántica,novela romántica,novela romántica,novela romántica,novela romántica,novela romántica
4321,subgenre-current,novela romántica,novela naturalista,80,,3,1,nh0155,novela naturalista,novela naturalista,novela naturalista,novela naturalista,novela naturalista,novela naturalista,novela naturalista,novela naturalista,novela naturalista,novela naturalista,novela naturalista
4322,subgenre-current,novela romántica,novela naturalista,80,,3,1,nh0157,novela romántica,novela romántica,novela romántica,novela romántica,novela romántica,novela romántica,novela romántica,novela romántica,novela romántica,novela romántica,novela romántica
4323,subgenre-current,novela romántica,novela naturalista,80,,3,1,nh0158,novela romántica,novela romántica,novela romántica,novela romántica,novela romántica,novela romántica,novela romántica,novela romántica,novela romántica,novela romántica,novela romántica
4324,subgenre-current,novela romántica,novela naturalista,80,,3,1,nh0162,novela romántica,novela romántica,novela romántica,novela romántica,novela romántica,novela romántica,novela naturalista,novela romántica,novela romántica,novela romántica,novela romántica
4325,subgenre-current,novela romántica,novela naturalista,80,,3,1,nh0163,novela naturalista,novela naturalista,novela naturalista,novela naturalista,novela naturalista,novela naturalista,novela naturalista,novela naturalista,novela naturalista,novela naturalista,novela naturalista
4326,subgenre-current,novela romántica,novela naturalista,80,,3,1,nh0164,novela naturalista,novela naturalista,novela naturalista,novela naturalista,novela naturalista,novela naturalista,novela naturalista,novela naturalista,novela naturalista,novela naturalista,novela naturalista
4327,subgenre-current,novela romántica,novela naturalista,80,,3,1,nh0169,novela romántica,novela romántica,novela romántica,novela romántica,novela romántica,novela romántica,novela romántica,novela romántica,novela romántica,novela romántica,novela romántica
4328,subgenre-current,novela romántica,novela naturalista,80,,3,1,nh0177,novela naturalista,novela naturalista,novela naturalista,novela naturalista,novela naturalista,novela naturalista,novela naturalista,novela naturalista,novela naturalista,novela naturalista,novela naturalista
4329,subgenre-current,novela romántica,novela naturalista,80,,3,1,nh0179,novela naturalista,novela naturalista,novela naturalista,novela naturalista,novela naturalista,novela naturalista,novela naturalista,novela naturalista,novela naturalista,novela naturalista,novela naturalista
4330,subgenre-current,novela romántica,novela naturalista,80,,3,1,nh0180,novela romántica,novela romántica,novela romántica,novela romántica,novela romántica,novela romántica,novela romántica,novela romántica,novela romántica,novela romántica,novela romántica
4331,subgenre-current,novela romántica,novela naturalista,80,,3,1,nh0181,novela romántica,novela romántica,novela romántica,novela romántica,novela romántica,novela romántica,novela romántica,novela romántica,novela romántica,novela romántica,novela romántica
4332,subgenre-current,novela romántica,novela naturalista,80,,3,1,nh0189,novela naturalista,novela naturalista,novela naturalista,novela naturalista,novela naturalista,novela naturalista,novela naturalista,novela naturalista,novela naturalista,novela naturalista,novela naturalista
4333,subgenre-current,novela romántica,novela naturalista,80,,3,1,nh0190,novela naturalista,novela naturalista,novela naturalista,novela naturalista,novela naturalista,novela naturalista,novela naturalista,novela naturalista,novela naturalista,novela naturalista,novela naturalista
4334,subgenre-current,novela romántica,novela naturalista,80,,3,1,nh0191,novela naturalista,novela naturalista,novela naturalista,novela naturalista,novela naturalista,novela naturalista,novela naturalista,novela naturalista,novela naturalista,novela naturalista,novela naturalista
4335,subgenre-current,novela romántica,novela naturalista,80,,3,1,nh0192,novela naturalista,novela naturalista,novela naturalista,novela naturalista,novela naturalista,novela naturalista,novela naturalista,novela naturalista,novela naturalista,novela naturalista,novela naturalista
4336,subgenre-current,novela romántica,novela naturalista,80,,3,1,nh0193,novela naturalista,novela naturalista,novela naturalista,novela naturalista,novela naturalista,novela naturalista,novela naturalista,novela naturalista,novela naturalista,novela naturalista,novela naturalista
4337,subgenre-current,novela romántica,novela naturalista,80,,3,1,nh0194,novela naturalista,novela naturalista,novela naturalista,novela naturalista,novela naturalista,novela naturalista,novela naturalista,novela naturalista,novela naturalista,novela naturalista,novela naturalista
4338,subgenre-current,novela romántica,novela naturalista,80,,3,1,nh0197,novela romántica,novela romántica,novela romántica,novela romántica,novela romántica,novela romántica,novela romántica,novela romántica,novela romántica,novela romántica,novela romántica
4339,subgenre-current,novela romántica,novela naturalista,80,,3,1,nh0199,novela romántica,novela romántica,novela romántica,novela romántica,novela romántica,novela romántica,novela romántica,novela naturalista,novela romántica,novela romántica,novela romántica
4340,subgenre-current,novela romántica,novela naturalista,80,,3,1,nh0203,novela romántica,novela romántica,novela romántica,novela romántica,novela romántica,novela romántica,novela romántica,novela romántica,novela romántica,novela romántica,novela romántica
4341,subgenre-current,novela romántica,novela naturalista,80,,3,1,nh0205,novela naturalista,novela naturalista,novela naturalista,novela naturalista,novela naturalista,novela naturalista,novela naturalista,novela naturalista,novela naturalista,novela naturalista,novela naturalista
4342,subgenre-current,novela romántica,novela naturalista,80,,3,1,nh0206,novela naturalista,novela naturalista,novela naturalista,novela naturalista,novela naturalista,novela naturalista,novela naturalista,novela naturalista,novela naturalista,novela romántica,novela naturalista
4343,subgenre-current,novela romántica,novela naturalista,80,,3,1,nh0217,novela naturalista,novela naturalista,novela naturalista,novela naturalista,novela naturalista,novela naturalista,novela naturalista,novela naturalista,novela naturalista,novela naturalista,novela naturalista
4344,subgenre-current,novela romántica,novela naturalista,80,,3,1,nh0223,novela naturalista,novela naturalista,novela naturalista,novela naturalista,novela naturalista,novela naturalista,novela naturalista,novela naturalista,novela naturalista,novela naturalista,novela naturalista
4345,subgenre-current,novela romántica,novela naturalista,80,,3,1,nh0225,novela romántica,novela romántica,novela romántica,novela romántica,novela romántica,novela romántica,novela romántica,novela romántica,novela romántica,novela romántica,novela romántica
4346,subgenre-current,novela romántica,novela naturalista,80,,3,1,nh0226,novela romántica,novela romántica,novela romántica,novela romántica,novela romántica,novela romántica,novela romántica,novela romántica,novela romántica,novela romántica,novela romántica
4347,subgenre-current,novela romántica,novela naturalista,80,,3,1,nh0227,novela romántica,novela romántica,novela romántica,novela romántica,novela romántica,novela romántica,novela romántica,novela romántica,novela romántica,novela romántica,novela romántica
4348,subgenre-current,novela romántica,novela naturalista,80,,3,1,nh0229,novela naturalista,novela naturalista,novela naturalista,novela naturalista,novela naturalista,novela naturalista,novela naturalista,novela naturalista,novela naturalista,novela naturalista,novela naturalista
4349,subgenre-current,novela romántica,novela naturalista,80,,3,1,nh0237,novela romántica,novela romántica,novela romántica,novela romántica,novela romántica,novela romántica,novela romántica,novela romántica,novela romántica,novela romántica,novela romántica
4350,subgenre-current,novela romántica,novela naturalista,80,,3,1,nh0238,novela romántica,novela romántica,novela romántica,novela romántica,novela romántica,novela romántica,novela romántica,novela romántica,novela romántica,novela romántica,novela romántica
4351,subgenre-current,novela romántica,novela naturalista,80,,3,1,nh0240,novela romántica,novela romántica,novela romántica,novela romántica,novela romántica,novela romántica,novela romántica,novela romántica,novela romántica,novela naturalista,novela romántica
4352,subgenre-current,novela romántica,novela naturalista,80,,3,1,nh0246,novela romántica,novela romántica,novela romántica,novela romántica,novela romántica,novela romántica,novela romántica,novela romántica,novela romántica,novela romántica,novela romántica
4353,subgenre-current,novela romántica,novela naturalista,80,,3,1,nh0247,novela romántica,novela romántica,novela romántica,novela romántica,novela romántica,novela romántica,novela romántica,novela romántica,novela romántica,novela romántica,novela romántica
4354,subgenre-current,novela romántica,novela naturalista,80,,3,1,nh0249,novela romántica,novela romántica,novela romántica,novela romántica,novela romántica,novela romántica,novela romántica,novela romántica,novela romántica,novela romántica,novela romántica
4355,subgenre-current,novela romántica,novela naturalista,80,,3,1,nh0250,novela romántica,novela romántica,novela romántica,novela romántica,novela romántica,novela romántica,novela romántica,novela romántica,novela romántica,novela romántica,novela romántica
4356,subgenre-current,novela romántica,novela naturalista,80,,3,1,nh0253,novela romántica,novela romántica,novela romántica,novela romántica,novela romántica,novela romántica,novela romántica,novela romántica,novela romántica,novela romántica,novela romántica
4357,subgenre-current,novela romántica,novela naturalista,80,,3,1,nh0254,novela naturalista,novela naturalista,novela naturalista,novela naturalista,novela naturalista,novela naturalista,novela naturalista,novela naturalista,novela naturalista,novela naturalista,novela naturalista
4358,subgenre-current,novela romántica,novela naturalista,80,,3,1,nh0255,novela naturalista,novela naturalista,novela naturalista,novela naturalista,novela naturalista,novela naturalista,novela naturalista,novela naturalista,novela naturalista,novela naturalista,novela naturalista
4359,subgenre-current,novela romántica,novela naturalista,80,,3,1,nh0256,novela naturalista,novela naturalista,novela naturalista,novela naturalista,novela naturalista,novela naturalista,novela naturalista,novela naturalista,novela naturalista,novela naturalista,novela naturalista
4360,subgenre-current,novela romántica,novela naturalista,80,,4,1,nh0006,novela romántica,novela romántica,novela romántica,novela romántica,novela romántica,novela romántica,novela romántica,novela romántica,novela romántica,novela romántica,novela romántica
4361,subgenre-current,novela romántica,novela naturalista,80,,4,1,nh0011,novela naturalista,novela naturalista,novela naturalista,novela naturalista,novela naturalista,novela naturalista,novela naturalista,novela naturalista,novela naturalista,novela naturalista,novela naturalista
4362,subgenre-current,novela romántica,novela naturalista,80,,4,1,nh0012,novela naturalista,novela naturalista,novela naturalista,novela naturalista,novela naturalista,novela naturalista,novela naturalista,novela naturalista,novela naturalista,novela naturalista,novela naturalista
4363,subgenre-current,novela romántica,novela naturalista,80,,4,1,nh0013,novela naturalista,novela naturalista,novela naturalista,novela naturalista,novela naturalista,novela naturalista,novela naturalista,novela naturalista,novela naturalista,novela naturalista,novela naturalista
4364,subgenre-current,novela romántica,novela naturalista,80,,4,1,nh0017,novela romántica,novela romántica,novela romántica,novela romántica,novela romántica,novela romántica,novela romántica,novela romántica,novela romántica,novela romántica,novela romántica
4365,subgenre-current,novela romántica,novela naturalista,80,,4,1,nh0019,novela naturalista,novela naturalista,novela naturalista,novela naturalista,novela naturalista,novela naturalista,novela naturalista,novela naturalista,novela naturalista,novela naturalista,novela naturalista
4366,subgenre-current,novela romántica,novela naturalista,80,,4,1,nh0022,novela naturalista,novela naturalista,novela naturalista,novela naturalista,novela naturalista,novela naturalista,novela naturalista,novela naturalista,novela naturalista,novela naturalista,novela naturalista
4367,subgenre-current,novela romántica,novela naturalista,80,,4,1,nh0024,novela romántica,novela romántica,novela romántica,novela romántica,novela romántica,novela romántica,novela romántica,novela romántica,novela romántica,novela romántica,novela romántica
4368,subgenre-current,novela romántica,novela naturalista,80,,4,1,nh0028,novela naturalista,novela naturalista,novela romántica,novela naturalista,novela naturalista,novela naturalista,novela naturalista,novela naturalista,novela naturalista,novela naturalista,novela naturalista
4369,subgenre-current,novela romántica,novela naturalista,80,,4,1,nh0029,novela naturalista,novela naturalista,novela naturalista,novela naturalista,novela naturalista,novela naturalista,novela naturalista,novela naturalista,novela naturalista,novela naturalista,novela naturalista
4370,subgenre-current,novela romántica,novela naturalista,80,,4,1,nh0030,novela naturalista,novela naturalista,novela naturalista,novela naturalista,novela naturalista,novela naturalista,novela naturalista,novela naturalista,novela naturalista,novela naturalista,novela naturalista
4371,subgenre-current,novela romántica,novela naturalista,80,,4,1,nh0031,novela naturalista,novela naturalista,novela naturalista,novela naturalista,novela naturalista,novela naturalista,novela naturalista,novela naturalista,novela naturalista,novela naturalista,novela naturalista
4372,subgenre-current,novela romántica,novela naturalista,80,,4,1,nh0032,novela naturalista,novela naturalista,novela naturalista,novela naturalista,novela naturalista,novela naturalista,novela naturalista,novela naturalista,novela naturalista,novela naturalista,novela naturalista
4373,subgenre-current,novela romántica,novela naturalista,80,,4,1,nh0033,novela naturalista,novela naturalista,novela naturalista,novela naturalista,novela naturalista,novela naturalista,novela naturalista,novela naturalista,novela naturalista,novela naturalista,novela naturalista
4374,subgenre-current,novela romántica,novela naturalista,80,,4,1,nh0034,novela naturalista,novela naturalista,novela naturalista,novela naturalista,novela naturalista,novela naturalista,novela naturalista,novela naturalista,novela naturalista,novela naturalista,novela naturalista
4375,subgenre-current,novela romántica,novela naturalista,80,,4,1,nh0035,novela romántica,novela naturalista,novela romántica,novela romántica,novela romántica,novela romántica,novela romántica,novela romántica,novela romántica,novela romántica,novela romántica
4376,subgenre-current,novela romántica,novela naturalista,80,,4,1,nh0038,novela naturalista,novela naturalista,novela naturalista,novela naturalista,novela naturalista,novela naturalista,novela naturalista,novela naturalista,novela naturalista,novela naturalista,novela naturalista
4377,subgenre-current,novela romántica,novela naturalista,80,,4,1,nh0039,novela naturalista,novela naturalista,novela naturalista,novela naturalista,novela naturalista,novela naturalista,novela naturalista,novela naturalista,novela naturalista,novela naturalista,novela naturalista
4378,subgenre-current,novela romántica,novela naturalista,80,,4,1,nh0057,novela naturalista,novela naturalista,novela naturalista,novela naturalista,novela naturalista,novela naturalista,novela naturalista,novela naturalista,novela naturalista,novela naturalista,novela naturalista
4379,subgenre-current,novela romántica,novela naturalista,80,,4,1,nh0058,novela naturalista,novela naturalista,novela naturalista,novela naturalista,novela naturalista,novela naturalista,novela naturalista,novela naturalista,novela naturalista,novela naturalista,novela naturalista
4380,subgenre-current,novela romántica,novela naturalista,80,,4,1,nh0059,novela naturalista,novela naturalista,novela naturalista,novela naturalista,novela naturalista,novela naturalista,novela naturalista,novela naturalista,novela naturalista,novela naturalista,novela naturalista
4381,subgenre-current,novela romántica,novela naturalista,80,,4,1,nh0060,novela naturalista,novela naturalista,novela naturalista,novela naturalista,novela naturalista,novela naturalista,novela naturalista,novela naturalista,novela naturalista,novela naturalista,novela naturalista
4382,subgenre-current,novela romántica,novela naturalista,80,,4,1,nh0061,novela romántica,novela romántica,novela romántica,novela romántica,novela romántica,novela romántica,novela romántica,novela romántica,novela romántica,novela romántica,novela romántica
4383,subgenre-current,novela romántica,novela naturalista,80,,4,1,nh0063,novela romántica,novela romántica,novela romántica,novela romántica,novela romántica,novela romántica,novela romántica,novela romántica,novela romántica,novela romántica,novela romántica
4384,subgenre-current,novela romántica,novela naturalista,80,,4,1,nh0065,novela romántica,novela romántica,novela romántica,novela romántica,novela romántica,novela romántica,novela romántica,novela romántica,novela romántica,novela romántica,novela romántica
4385,subgenre-current,novela romántica,novela naturalista,80,,4,1,nh0071,novela romántica,novela romántica,novela romántica,novela romántica,novela romántica,novela romántica,novela romántica,novela romántica,novela romántica,novela romántica,novela romántica
4386,subgenre-current,novela romántica,novela naturalista,80,,4,1,nh0072,novela romántica,novela romántica,novela romántica,novela romántica,novela romántica,novela romántica,novela romántica,novela romántica,novela romántica,novela romántica,novela romántica
4387,subgenre-current,novela romántica,novela naturalista,80,,4,1,nh0073,novela romántica,novela romántica,novela romántica,novela romántica,novela romántica,novela romántica,novela romántica,novela romántica,novela romántica,novela romántica,novela romántica
4388,subgenre-current,novela romántica,novela naturalista,80,,4,1,nh0074,novela naturalista,novela naturalista,novela naturalista,novela naturalista,novela naturalista,novela naturalista,novela naturalista,novela naturalista,novela naturalista,novela naturalista,novela naturalista
4389,subgenre-current,novela romántica,novela naturalista,80,,4,1,nh0076,novela naturalista,novela naturalista,novela naturalista,novela naturalista,novela naturalista,novela naturalista,novela naturalista,novela naturalista,novela naturalista,novela naturalista,novela naturalista
4390,subgenre-current,novela romántica,novela naturalista,80,,4,1,nh0080,novela naturalista,novela naturalista,novela naturalista,novela naturalista,novela naturalista,novela naturalista,novela naturalista,novela naturalista,novela naturalista,novela naturalista,novela naturalista
4391,subgenre-current,novela romántica,novela naturalista,80,,4,1,nh0085,novela romántica,novela romántica,novela romántica,novela romántica,novela romántica,novela romántica,novela romántica,novela romántica,novela romántica,novela romántica,novela romántica
4392,subgenre-current,novela romántica,novela naturalista,80,,4,1,nh0088,novela naturalista,novela naturalista,novela naturalista,novela naturalista,novela naturalista,novela naturalista,novela naturalista,novela naturalista,novela naturalista,novela naturalista,novela naturalista
4393,subgenre-current,novela romántica,novela naturalista,80,,4,1,nh0090,novela naturalista,novela naturalista,novela naturalista,novela naturalista,novela naturalista,novela naturalista,novela romántica,novela naturalista,novela naturalista,novela naturalista,novela naturalista
4394,subgenre-current,novela romántica,novela naturalista,80,,4,1,nh0096,novela romántica,novela romántica,novela romántica,novela romántica,novela romántica,novela romántica,novela romántica,novela romántica,novela romántica,novela romántica,novela romántica
4395,subgenre-current,novela romántica,novela naturalista,80,,4,1,nh0097,novela romántica,novela romántica,novela romántica,novela romántica,novela romántica,novela romántica,novela romántica,novela romántica,novela romántica,novela romántica,novela romántica
4396,subgenre-current,novela romántica,novela naturalista,80,,4,1,nh0102,novela romántica,novela romántica,novela romántica,novela romántica,novela romántica,novela romántica,novela romántica,novela romántica,novela romántica,novela romántica,novela romántica
4397,subgenre-current,novela romántica,novela naturalista,80,,4,1,nh0106,novela romántica,novela romántica,novela romántica,novela romántica,novela romántica,novela romántica,novela romántica,novela romántica,novela romántica,novela romántica,novela romántica
4398,subgenre-current,novela romántica,novela naturalista,80,,4,1,nh0108,novela romántica,novela romántica,novela romántica,novela romántica,novela romántica,novela romántica,novela romántica,novela romántica,novela romántica,novela romántica,novela romántica
4399,subgenre-current,novela romántica,novela naturalista,80,,4,1,nh0109,novela naturalista,novela naturalista,novela naturalista,novela naturalista,novela naturalista,novela naturalista,novela naturalista,novela naturalista,novela naturalista,novela naturalista,novela naturalista
4400,subgenre-current,novela romántica,novela naturalista,80,,4,1,nh0110,novela romántica,novela romántica,novela romántica,novela romántica,novela romántica,novela romántica,novela romántica,novela romántica,novela romántica,novela romántica,novela romántica
4401,subgenre-current,novela romántica,novela naturalista,80,,4,1,nh0114,novela naturalista,novela naturalista,novela naturalista,novela naturalista,novela naturalista,novela naturalista,novela naturalista,novela naturalista,novela naturalista,novela naturalista,novela naturalista
4402,subgenre-current,novela romántica,novela naturalista,80,,4,1,nh0117,novela romántica,novela romántica,novela romántica,novela romántica,novela romántica,novela romántica,novela romántica,novela romántica,novela romántica,novela romántica,novela romántica
4403,subgenre-current,novela romántica,novela naturalista,80,,4,1,nh0120,novela romántica,novela romántica,novela romántica,novela romántica,novela romántica,novela romántica,novela romántica,novela romántica,novela romántica,novela romántica,novela romántica
4404,subgenre-current,novela romántica,novela naturalista,80,,4,1,nh0121,novela romántica,novela romántica,novela romántica,novela romántica,novela romántica,novela romántica,novela romántica,novela romántica,novela romántica,novela romántica,novela romántica
4405,subgenre-current,novela romántica,novela naturalista,80,,4,1,nh0124,novela romántica,novela romántica,novela romántica,novela romántica,novela romántica,novela romántica,novela romántica,novela romántica,novela romántica,novela romántica,novela romántica
4406,subgenre-current,novela romántica,novela naturalista,80,,4,1,nh0125,novela romántica,novela romántica,novela romántica,novela romántica,novela romántica,novela romántica,novela romántica,novela romántica,novela romántica,novela romántica,novela romántica
4407,subgenre-current,novela romántica,novela naturalista,80,,4,1,nh0126,novela romántica,novela romántica,novela romántica,novela romántica,novela romántica,novela romántica,novela romántica,novela romántica,novela romántica,novela romántica,novela romántica
4408,subgenre-current,novela romántica,novela naturalista,80,,4,1,nh0131,novela romántica,novela romántica,novela romántica,novela romántica,novela romántica,novela naturalista,novela romántica,novela romántica,novela romántica,novela romántica,novela romántica
4409,subgenre-current,novela romántica,novela naturalista,80,,4,1,nh0136,novela naturalista,novela naturalista,novela naturalista,novela naturalista,novela naturalista,novela naturalista,novela naturalista,novela naturalista,novela naturalista,novela naturalista,novela naturalista
4410,subgenre-current,novela romántica,novela naturalista,80,,4,1,nh0138,novela romántica,novela romántica,novela romántica,novela romántica,novela romántica,novela romántica,novela romántica,novela romántica,novela romántica,novela romántica,novela romántica
4411,subgenre-current,novela romántica,novela naturalista,80,,4,1,nh0141,novela romántica,novela romántica,novela romántica,novela romántica,novela romántica,novela romántica,novela romántica,novela romántica,novela romántica,novela romántica,novela romántica
4412,subgenre-current,novela romántica,novela naturalista,80,,4,1,nh0146,novela romántica,novela romántica,novela romántica,novela romántica,novela romántica,novela romántica,novela romántica,novela romántica,novela romántica,novela romántica,novela romántica
4413,subgenre-current,novela romántica,novela naturalista,80,,4,1,nh0147,novela romántica,novela romántica,novela romántica,novela romántica,novela romántica,novela romántica,novela naturalista,novela romántica,novela romántica,novela romántica,novela romántica
4414,subgenre-current,novela romántica,novela naturalista,80,,4,1,nh0150,novela romántica,novela romántica,novela romántica,novela romántica,novela romántica,novela romántica,novela romántica,novela romántica,novela romántica,novela romántica,novela romántica
4415,subgenre-current,novela romántica,novela naturalista,80,,4,1,nh0155,novela naturalista,novela naturalista,novela naturalista,novela naturalista,novela naturalista,novela naturalista,novela naturalista,novela naturalista,novela naturalista,novela naturalista,novela naturalista
4416,subgenre-current,novela romántica,novela naturalista,80,,4,1,nh0156,novela romántica,novela romántica,novela romántica,novela romántica,novela romántica,novela romántica,novela romántica,novela romántica,novela romántica,novela romántica,novela romántica
4417,subgenre-current,novela romántica,novela naturalista,80,,4,1,nh0158,novela romántica,novela romántica,novela romántica,novela romántica,novela romántica,novela romántica,novela romántica,novela romántica,novela romántica,novela romántica,novela romántica
4418,subgenre-current,novela romántica,novela naturalista,80,,4,1,nh0159,novela romántica,novela romántica,novela romántica,novela romántica,novela romántica,novela romántica,novela romántica,novela romántica,novela romántica,novela romántica,novela romántica
4419,subgenre-current,novela romántica,novela naturalista,80,,4,1,nh0161,novela romántica,novela romántica,novela romántica,novela romántica,novela romántica,novela romántica,novela romántica,novela romántica,novela romántica,novela romántica,novela romántica
4420,subgenre-current,novela romántica,novela naturalista,80,,4,1,nh0162,novela romántica,novela romántica,novela romántica,novela romántica,novela romántica,novela romántica,novela romántica,novela romántica,novela romántica,novela romántica,novela romántica
4421,subgenre-current,novela romántica,novela naturalista,80,,4,1,nh0163,novela naturalista,novela naturalista,novela naturalista,novela naturalista,novela naturalista,novela naturalista,novela naturalista,novela naturalista,novela naturalista,novela naturalista,novela naturalista
4422,subgenre-current,novela romántica,novela naturalista,80,,4,1,nh0164,novela naturalista,novela naturalista,novela naturalista,novela naturalista,novela naturalista,novela naturalista,novela naturalista,novela naturalista,novela naturalista,novela naturalista,novela naturalista
4423,subgenre-current,novela romántica,novela naturalista,80,,4,1,nh0177,novela naturalista,novela naturalista,novela naturalista,novela naturalista,novela naturalista,novela naturalista,novela naturalista,novela naturalista,novela naturalista,novela naturalista,novela naturalista
4424,subgenre-current,novela romántica,novela naturalista,80,,4,1,nh0179,novela naturalista,novela naturalista,novela naturalista,novela naturalista,novela naturalista,novela naturalista,novela naturalista,novela naturalista,novela naturalista,novela naturalista,novela naturalista
4425,subgenre-current,novela romántica,novela naturalista,80,,4,1,nh0189,novela naturalista,novela naturalista,novela naturalista,novela naturalista,novela naturalista,novela naturalista,novela naturalista,novela naturalista,novela naturalista,novela naturalista,novela naturalista
4426,subgenre-current,novela romántica,novela naturalista,80,,4,1,nh0190,novela naturalista,novela naturalista,novela naturalista,novela naturalista,novela naturalista,novela naturalista,novela naturalista,novela naturalista,novela naturalista,novela naturalista,novela naturalista
4427,subgenre-current,novela romántica,novela naturalista,80,,4,1,nh0191,novela naturalista,novela naturalista,novela naturalista,novela naturalista,novela naturalista,novela naturalista,novela naturalista,novela naturalista,novela naturalista,novela naturalista,novela naturalista
4428,subgenre-current,novela romántica,novela naturalista,80,,4,1,nh0192,novela naturalista,novela naturalista,novela naturalista,novela naturalista,novela naturalista,novela naturalista,novela naturalista,novela naturalista,novela naturalista,novela naturalista,novela naturalista
4429,subgenre-current,novela romántica,novela naturalista,80,,4,1,nh0193,novela naturalista,novela naturalista,novela naturalista,novela naturalista,novela naturalista,novela naturalista,novela naturalista,novela naturalista,novela naturalista,novela naturalista,novela naturalista
4430,subgenre-current,novela romántica,novela naturalista,80,,4,1,nh0194,novela naturalista,novela naturalista,novela naturalista,novela naturalista,novela naturalista,novela naturalista,novela naturalista,novela naturalista,novela naturalista,novela naturalista,novela naturalista
4431,subgenre-current,novela romántica,novela naturalista,80,,4,1,nh0195,novela romántica,novela romántica,novela romántica,novela romántica,novela romántica,novela romántica,novela romántica,novela romántica,novela romántica,novela romántica,novela romántica
4432,subgenre-current,novela romántica,novela naturalista,80,,4,1,nh0197,novela romántica,novela romántica,novela romántica,novela romántica,novela romántica,novela romántica,novela romántica,novela romántica,novela romántica,novela romántica,novela romántica
4433,subgenre-current,novela romántica,novela naturalista,80,,4,1,nh0205,novela naturalista,novela naturalista,novela naturalista,novela naturalista,novela naturalista,novela naturalista,novela naturalista,novela naturalista,novela naturalista,novela naturalista,novela naturalista
4434,subgenre-current,novela romántica,novela naturalista,80,,4,1,nh0206,novela naturalista,novela naturalista,novela naturalista,novela naturalista,novela naturalista,novela naturalista,novela naturalista,novela naturalista,novela naturalista,novela romántica,novela naturalista
4435,subgenre-current,novela romántica,novela naturalista,80,,4,1,nh0217,novela naturalista,novela naturalista,novela naturalista,novela naturalista,novela naturalista,novela naturalista,novela naturalista,novela naturalista,novela naturalista,novela naturalista,novela naturalista
4436,subgenre-current,novela romántica,novela naturalista,80,,4,1,nh0219,novela romántica,novela romántica,novela romántica,novela romántica,novela romántica,novela romántica,novela romántica,novela romántica,novela romántica,novela romántica,novela romántica
4437,subgenre-current,novela romántica,novela naturalista,80,,4,1,nh0223,novela naturalista,novela naturalista,novela naturalista,novela naturalista,novela naturalista,novela naturalista,novela naturalista,novela naturalista,novela naturalista,novela naturalista,novela naturalista
4438,subgenre-current,novela romántica,novela naturalista,80,,4,1,nh0224,novela romántica,novela romántica,novela romántica,novela romántica,novela romántica,novela romántica,novela romántica,novela romántica,novela romántica,novela romántica,novela romántica
4439,subgenre-current,novela romántica,novela naturalista,80,,4,1,nh0226,novela romántica,novela romántica,novela romántica,novela romántica,novela romántica,novela romántica,novela romántica,novela romántica,novela romántica,novela romántica,novela romántica
4440,subgenre-current,novela romántica,novela naturalista,80,,4,1,nh0229,novela naturalista,novela naturalista,novela naturalista,novela naturalista,novela naturalista,novela naturalista,novela naturalista,novela naturalista,novela naturalista,novela naturalista,novela naturalista
4441,subgenre-current,novela romántica,novela naturalista,80,,4,1,nh0234,novela romántica,novela romántica,novela romántica,novela romántica,novela romántica,novela romántica,novela romántica,novela romántica,novela romántica,novela romántica,novela romántica
4442,subgenre-current,novela romántica,novela naturalista,80,,4,1,nh0240,novela romántica,novela romántica,novela romántica,novela romántica,novela romántica,novela romántica,novela romántica,novela romántica,novela romántica,novela naturalista,novela romántica
4443,subgenre-current,novela romántica,novela naturalista,80,,4,1,nh0244,novela romántica,novela romántica,novela romántica,novela romántica,novela romántica,novela romántica,novela romántica,novela romántica,novela romántica,novela romántica,novela romántica
4444,subgenre-current,novela romántica,novela naturalista,80,,4,1,nh0248,novela romántica,novela romántica,novela romántica,novela romántica,novela romántica,novela romántica,novela romántica,novela romántica,novela romántica,novela romántica,novela romántica
4445,subgenre-current,novela romántica,novela naturalista,80,,4,1,nh0250,novela romántica,novela romántica,novela romántica,novela romántica,novela romántica,novela romántica,novela romántica,novela romántica,novela romántica,novela romántica,novela romántica
4446,subgenre-current,novela romántica,novela naturalista,80,,4,1,nh0252,novela romántica,novela romántica,novela romántica,novela romántica,novela romántica,novela romántica,novela romántica,novela romántica,novela romántica,novela romántica,novela romántica
4447,subgenre-current,novela romántica,novela naturalista,80,,4,1,nh0254,novela naturalista,novela naturalista,novela naturalista,novela naturalista,novela naturalista,novela naturalista,novela naturalista,novela naturalista,novela naturalista,novela naturalista,novela naturalista
4448,subgenre-current,novela romántica,novela naturalista,80,,4,1,nh0255,novela naturalista,novela naturalista,novela naturalista,novela naturalista,novela naturalista,novela naturalista,novela naturalista,novela naturalista,novela naturalista,novela naturalista,novela naturalista
4449,subgenre-current,novela romántica,novela naturalista,80,,4,1,nh0256,novela naturalista,novela naturalista,novela naturalista,novela naturalista,novela naturalista,novela naturalista,novela naturalista,novela naturalista,novela naturalista,novela naturalista,novela naturalista
4450,subgenre-current,novela romántica,novela naturalista,80,,5,1,nh0001,novela romántica,novela romántica,novela romántica,novela romántica,novela romántica,novela romántica,novela romántica,novela romántica,novela romántica,novela romántica,novela romántica
4451,subgenre-current,novela romántica,novela naturalista,80,,5,1,nh0007,novela romántica,novela romántica,novela romántica,novela romántica,novela romántica,novela romántica,novela romántica,novela romántica,novela romántica,novela romántica,novela romántica
4452,subgenre-current,novela romántica,novela naturalista,80,,5,1,nh0011,novela naturalista,novela naturalista,novela naturalista,novela naturalista,novela naturalista,novela naturalista,novela naturalista,novela naturalista,novela naturalista,novela naturalista,novela naturalista
4453,subgenre-current,novela romántica,novela naturalista,80,,5,1,nh0012,novela naturalista,novela naturalista,novela naturalista,novela naturalista,novela naturalista,novela naturalista,novela naturalista,novela naturalista,novela naturalista,novela naturalista,novela naturalista
4454,subgenre-current,novela romántica,novela naturalista,80,,5,1,nh0013,novela naturalista,novela naturalista,novela naturalista,novela naturalista,novela naturalista,novela naturalista,novela naturalista,novela naturalista,novela naturalista,novela naturalista,novela naturalista
4455,subgenre-current,novela romántica,novela naturalista,80,,5,1,nh0016,novela romántica,novela romántica,novela romántica,novela romántica,novela romántica,novela romántica,novela romántica,novela romántica,novela romántica,novela romántica,novela romántica
4456,subgenre-current,novela romántica,novela naturalista,80,,5,1,nh0019,novela naturalista,novela naturalista,novela naturalista,novela naturalista,novela naturalista,novela naturalista,novela naturalista,novela naturalista,novela naturalista,novela naturalista,novela naturalista
4457,subgenre-current,novela romántica,novela naturalista,80,,5,1,nh0022,novela naturalista,novela naturalista,novela naturalista,novela naturalista,novela naturalista,novela naturalista,novela naturalista,novela naturalista,novela naturalista,novela naturalista,novela naturalista
4458,subgenre-current,novela romántica,novela naturalista,80,,5,1,nh0024,novela romántica,novela romántica,novela romántica,novela romántica,novela romántica,novela romántica,novela romántica,novela romántica,novela romántica,novela romántica,novela romántica
4459,subgenre-current,novela romántica,novela naturalista,80,,5,1,nh0025,novela romántica,novela romántica,novela romántica,novela romántica,novela romántica,novela romántica,novela romántica,novela romántica,novela romántica,novela romántica,novela romántica
4460,subgenre-current,novela romántica,novela naturalista,80,,5,1,nh0028,novela naturalista,novela naturalista,novela naturalista,novela naturalista,novela naturalista,novela naturalista,novela naturalista,novela naturalista,novela naturalista,novela naturalista,novela naturalista
4461,subgenre-current,novela romántica,novela naturalista,80,,5,1,nh0029,novela naturalista,novela naturalista,novela naturalista,novela naturalista,novela naturalista,novela naturalista,novela naturalista,novela naturalista,novela naturalista,novela naturalista,novela naturalista
4462,subgenre-current,novela romántica,novela naturalista,80,,5,1,nh0030,novela naturalista,novela naturalista,novela naturalista,novela naturalista,novela naturalista,novela naturalista,novela naturalista,novela naturalista,novela naturalista,novela naturalista,novela naturalista
4463,subgenre-current,novela romántica,novela naturalista,80,,5,1,nh0031,novela naturalista,novela naturalista,novela naturalista,novela naturalista,novela naturalista,novela naturalista,novela naturalista,novela naturalista,novela naturalista,novela naturalista,novela naturalista
4464,subgenre-current,novela romántica,novela naturalista,80,,5,1,nh0032,novela naturalista,novela naturalista,novela naturalista,novela naturalista,novela naturalista,novela naturalista,novela naturalista,novela naturalista,novela naturalista,novela naturalista,novela naturalista
4465,subgenre-current,novela romántica,novela naturalista,80,,5,1,nh0033,novela naturalista,novela naturalista,novela naturalista,novela naturalista,novela naturalista,novela naturalista,novela naturalista,novela naturalista,novela naturalista,novela naturalista,novela naturalista
4466,subgenre-current,novela romántica,novela naturalista,80,,5,1,nh0034,novela naturalista,novela naturalista,novela naturalista,novela naturalista,novela naturalista,novela naturalista,novela naturalista,novela naturalista,novela naturalista,novela naturalista,novela naturalista
4467,subgenre-current,novela romántica,novela naturalista,80,,5,1,nh0038,novela naturalista,novela naturalista,novela naturalista,novela naturalista,novela naturalista,novela naturalista,novela naturalista,novela naturalista,novela naturalista,novela naturalista,novela naturalista
4468,subgenre-current,novela romántica,novela naturalista,80,,5,1,nh0039,novela naturalista,novela naturalista,novela naturalista,novela naturalista,novela naturalista,novela naturalista,novela naturalista,novela naturalista,novela naturalista,novela naturalista,novela naturalista
4469,subgenre-current,novela romántica,novela naturalista,80,,5,1,nh0041,novela romántica,novela romántica,novela romántica,novela romántica,novela romántica,novela romántica,novela romántica,novela romántica,novela romántica,novela romántica,novela romántica
4470,subgenre-current,novela romántica,novela naturalista,80,,5,1,nh0049,novela romántica,novela romántica,novela romántica,novela romántica,novela romántica,novela romántica,novela romántica,novela romántica,novela romántica,novela romántica,novela romántica
4471,subgenre-current,novela romántica,novela naturalista,80,,5,1,nh0050,novela romántica,novela romántica,novela romántica,novela romántica,novela romántica,novela romántica,novela romántica,novela romántica,novela romántica,novela romántica,novela romántica
4472,subgenre-current,novela romántica,novela naturalista,80,,5,1,nh0053,novela romántica,novela romántica,novela romántica,novela romántica,novela romántica,novela romántica,novela romántica,novela romántica,novela romántica,novela romántica,novela romántica
4473,subgenre-current,novela romántica,novela naturalista,80,,5,1,nh0055,novela romántica,novela romántica,novela romántica,novela romántica,novela romántica,novela romántica,novela romántica,novela romántica,novela romántica,novela romántica,novela romántica
4474,subgenre-current,novela romántica,novela naturalista,80,,5,1,nh0057,novela naturalista,novela naturalista,novela naturalista,novela naturalista,novela naturalista,novela naturalista,novela naturalista,novela naturalista,novela naturalista,novela naturalista,novela naturalista
4475,subgenre-current,novela romántica,novela naturalista,80,,5,1,nh0058,novela naturalista,novela naturalista,novela naturalista,novela naturalista,novela naturalista,novela naturalista,novela naturalista,novela naturalista,novela naturalista,novela naturalista,novela naturalista
4476,subgenre-current,novela romántica,novela naturalista,80,,5,1,nh0059,novela naturalista,novela naturalista,novela naturalista,novela naturalista,novela naturalista,novela naturalista,novela naturalista,novela naturalista,novela naturalista,novela naturalista,novela naturalista
4477,subgenre-current,novela romántica,novela naturalista,80,,5,1,nh0060,novela naturalista,novela naturalista,novela naturalista,novela naturalista,novela naturalista,novela naturalista,novela naturalista,novela naturalista,novela naturalista,novela naturalista,novela naturalista
4478,subgenre-current,novela romántica,novela naturalista,80,,5,1,nh0063,novela romántica,novela romántica,novela romántica,novela romántica,novela romántica,novela romántica,novela romántica,novela romántica,novela romántica,novela romántica,novela romántica
4479,subgenre-current,novela romántica,novela naturalista,80,,5,1,nh0064,novela romántica,novela romántica,novela romántica,novela romántica,novela romántica,novela romántica,novela romántica,novela romántica,novela romántica,novela romántica,novela romántica
4480,subgenre-current,novela romántica,novela naturalista,80,,5,1,nh0069,novela romántica,novela romántica,novela romántica,novela romántica,novela romántica,novela romántica,novela romántica,novela romántica,novela romántica,novela romántica,novela romántica
4481,subgenre-current,novela romántica,novela naturalista,80,,5,1,nh0071,novela romántica,novela romántica,novela romántica,novela romántica,novela romántica,novela romántica,novela romántica,novela romántica,novela romántica,novela romántica,novela romántica
4482,subgenre-current,novela romántica,novela naturalista,80,,5,1,nh0072,novela romántica,novela romántica,novela romántica,novela romántica,novela romántica,novela romántica,novela romántica,novela romántica,novela romántica,novela romántica,novela romántica
4483,subgenre-current,novela romántica,novela naturalista,80,,5,1,nh0074,novela naturalista,novela naturalista,novela naturalista,novela naturalista,novela naturalista,novela naturalista,novela naturalista,novela naturalista,novela naturalista,novela naturalista,novela naturalista
4484,subgenre-current,novela romántica,novela naturalista,80,,5,1,nh0076,novela naturalista,novela naturalista,novela naturalista,novela naturalista,novela naturalista,novela naturalista,novela naturalista,novela naturalista,novela naturalista,novela naturalista,novela naturalista
4485,subgenre-current,novela romántica,novela naturalista,80,,5,1,nh0080,novela naturalista,novela naturalista,novela naturalista,novela naturalista,novela naturalista,novela naturalista,novela naturalista,novela naturalista,novela naturalista,novela naturalista,novela naturalista
4486,subgenre-current,novela romántica,novela naturalista,80,,5,1,nh0085,novela romántica,novela romántica,novela romántica,novela romántica,novela romántica,novela romántica,novela romántica,novela romántica,novela romántica,novela romántica,novela romántica
4487,subgenre-current,novela romántica,novela naturalista,80,,5,1,nh0088,novela naturalista,novela naturalista,novela naturalista,novela naturalista,novela naturalista,novela naturalista,novela naturalista,novela naturalista,novela naturalista,novela naturalista,novela naturalista
4488,subgenre-current,novela romántica,novela naturalista,80,,5,1,nh0090,novela naturalista,novela naturalista,novela naturalista,novela naturalista,novela naturalista,novela naturalista,novela romántica,novela naturalista,novela naturalista,novela naturalista,novela naturalista
4489,subgenre-current,novela romántica,novela naturalista,80,,5,1,nh0092,novela romántica,novela romántica,novela romántica,novela romántica,novela romántica,novela romántica,novela romántica,novela romántica,novela romántica,novela romántica,novela romántica
4490,subgenre-current,novela romántica,novela naturalista,80,,5,1,nh0094,novela romántica,novela romántica,novela romántica,novela romántica,novela romántica,novela romántica,novela romántica,novela romántica,novela romántica,novela romántica,novela romántica
4491,subgenre-current,novela romántica,novela naturalista,80,,5,1,nh0098,novela romántica,novela romántica,novela romántica,novela romántica,novela romántica,novela romántica,novela romántica,novela romántica,novela romántica,novela romántica,novela romántica
4492,subgenre-current,novela romántica,novela naturalista,80,,5,1,nh0102,novela romántica,novela romántica,novela romántica,novela romántica,novela romántica,novela romántica,novela romántica,novela romántica,novela romántica,novela romántica,novela romántica
4493,subgenre-current,novela romántica,novela naturalista,80,,5,1,nh0105,novela romántica,novela romántica,novela romántica,novela romántica,novela romántica,novela naturalista,novela romántica,novela romántica,novela romántica,novela romántica,novela romántica
4494,subgenre-current,novela romántica,novela naturalista,80,,5,1,nh0108,novela romántica,novela romántica,novela romántica,novela romántica,novela romántica,novela romántica,novela romántica,novela romántica,novela romántica,novela romántica,novela romántica
4495,subgenre-current,novela romántica,novela naturalista,80,,5,1,nh0109,novela naturalista,novela naturalista,novela naturalista,novela naturalista,novela naturalista,novela naturalista,novela naturalista,novela naturalista,novela naturalista,novela naturalista,novela naturalista
4496,subgenre-current,novela romántica,novela naturalista,80,,5,1,nh0110,novela romántica,novela romántica,novela romántica,novela romántica,novela romántica,novela romántica,novela romántica,novela romántica,novela romántica,novela romántica,novela romántica
4497,subgenre-current,novela romántica,novela naturalista,80,,5,1,nh0111,novela romántica,novela romántica,novela romántica,novela romántica,novela romántica,novela romántica,novela romántica,novela romántica,novela romántica,novela romántica,novela romántica
4498,subgenre-current,novela romántica,novela naturalista,80,,5,1,nh0114,novela naturalista,novela naturalista,novela naturalista,novela naturalista,novela naturalista,novela naturalista,novela naturalista,novela naturalista,novela naturalista,novela naturalista,novela naturalista
4499,subgenre-current,novela romántica,novela naturalista,80,,5,1,nh0117,novela romántica,novela romántica,novela romántica,novela romántica,novela romántica,novela romántica,novela romántica,novela romántica,novela romántica,novela romántica,novela romántica
4500,subgenre-current,novela romántica,novela naturalista,80,,5,1,nh0124,novela romántica,novela romántica,novela romántica,novela romántica,novela romántica,novela romántica,novela romántica,novela romántica,novela romántica,novela romántica,novela romántica
4501,subgenre-current,novela romántica,novela naturalista,80,,5,1,nh0136,novela naturalista,novela naturalista,novela naturalista,novela naturalista,novela naturalista,novela naturalista,novela naturalista,novela naturalista,novela naturalista,novela naturalista,novela naturalista
4502,subgenre-current,novela romántica,novela naturalista,80,,5,1,nh0140,novela romántica,novela romántica,novela romántica,novela romántica,novela romántica,novela romántica,novela romántica,novela romántica,novela romántica,novela romántica,novela romántica
4503,subgenre-current,novela romántica,novela naturalista,80,,5,1,nh0141,novela romántica,novela romántica,novela romántica,novela romántica,novela romántica,novela romántica,novela romántica,novela romántica,novela romántica,novela romántica,novela romántica
4504,subgenre-current,novela romántica,novela naturalista,80,,5,1,nh0147,novela romántica,novela romántica,novela romántica,novela romántica,novela romántica,novela romántica,novela naturalista,novela romántica,novela romántica,novela romántica,novela romántica
4505,subgenre-current,novela romántica,novela naturalista,80,,5,1,nh0150,novela romántica,novela romántica,novela romántica,novela romántica,novela romántica,novela romántica,novela romántica,novela romántica,novela romántica,novela romántica,novela romántica
4506,subgenre-current,novela romántica,novela naturalista,80,,5,1,nh0155,novela naturalista,novela naturalista,novela naturalista,novela naturalista,novela naturalista,novela naturalista,novela naturalista,novela naturalista,novela naturalista,novela naturalista,novela naturalista
4507,subgenre-current,novela romántica,novela naturalista,80,,5,1,nh0159,novela romántica,novela romántica,novela romántica,novela romántica,novela romántica,novela romántica,novela romántica,novela romántica,novela romántica,novela romántica,novela romántica
4508,subgenre-current,novela romántica,novela naturalista,80,,5,1,nh0161,novela romántica,novela romántica,novela romántica,novela romántica,novela romántica,novela romántica,novela romántica,novela romántica,novela romántica,novela romántica,novela romántica
4509,subgenre-current,novela romántica,novela naturalista,80,,5,1,nh0163,novela naturalista,novela naturalista,novela naturalista,novela naturalista,novela naturalista,novela naturalista,novela naturalista,novela naturalista,novela naturalista,novela naturalista,novela naturalista
4510,subgenre-current,novela romántica,novela naturalista,80,,5,1,nh0164,novela naturalista,novela naturalista,novela naturalista,novela naturalista,novela naturalista,novela naturalista,novela naturalista,novela naturalista,novela naturalista,novela naturalista,novela naturalista
4511,subgenre-current,novela romántica,novela naturalista,80,,5,1,nh0177,novela naturalista,novela naturalista,novela naturalista,novela naturalista,novela naturalista,novela naturalista,novela naturalista,novela naturalista,novela naturalista,novela naturalista,novela naturalista
4512,subgenre-current,novela romántica,novela naturalista,80,,5,1,nh0178,novela romántica,novela romántica,novela romántica,novela romántica,novela romántica,novela romántica,novela romántica,novela romántica,novela romántica,novela romántica,novela romántica
4513,subgenre-current,novela romántica,novela naturalista,80,,5,1,nh0179,novela naturalista,novela naturalista,novela naturalista,novela naturalista,novela naturalista,novela naturalista,novela naturalista,novela naturalista,novela naturalista,novela naturalista,novela naturalista
4514,subgenre-current,novela romántica,novela naturalista,80,,5,1,nh0180,novela romántica,novela romántica,novela romántica,novela romántica,novela romántica,novela romántica,novela romántica,novela romántica,novela romántica,novela romántica,novela romántica
4515,subgenre-current,novela romántica,novela naturalista,80,,5,1,nh0181,novela romántica,novela romántica,novela romántica,novela romántica,novela romántica,novela romántica,novela romántica,novela romántica,novela romántica,novela romántica,novela romántica
4516,subgenre-current,novela romántica,novela naturalista,80,,5,1,nh0183,novela romántica,novela romántica,novela romántica,novela romántica,novela romántica,novela romántica,novela romántica,novela romántica,novela romántica,novela romántica,novela romántica
4517,subgenre-current,novela romántica,novela naturalista,80,,5,1,nh0189,novela naturalista,novela naturalista,novela naturalista,novela naturalista,novela naturalista,novela naturalista,novela naturalista,novela naturalista,novela naturalista,novela naturalista,novela naturalista
4518,subgenre-current,novela romántica,novela naturalista,80,,5,1,nh0190,novela naturalista,novela naturalista,novela naturalista,novela naturalista,novela naturalista,novela naturalista,novela naturalista,novela naturalista,novela naturalista,novela naturalista,novela naturalista
4519,subgenre-current,novela romántica,novela naturalista,80,,5,1,nh0191,novela naturalista,novela naturalista,novela naturalista,novela naturalista,novela naturalista,novela naturalista,novela naturalista,novela naturalista,novela naturalista,novela naturalista,novela naturalista
4520,subgenre-current,novela romántica,novela naturalista,80,,5,1,nh0192,novela naturalista,novela naturalista,novela naturalista,novela naturalista,novela naturalista,novela naturalista,novela naturalista,novela naturalista,novela naturalista,novela naturalista,novela naturalista
4521,subgenre-current,novela romántica,novela naturalista,80,,5,1,nh0193,novela naturalista,novela naturalista,novela naturalista,novela naturalista,novela naturalista,novela naturalista,novela naturalista,novela naturalista,novela naturalista,novela naturalista,novela naturalista
4522,subgenre-current,novela romántica,novela naturalista,80,,5,1,nh0194,novela naturalista,novela naturalista,novela naturalista,novela naturalista,novela naturalista,novela naturalista,novela naturalista,novela naturalista,novela naturalista,novela naturalista,novela naturalista
4523,subgenre-current,novela romántica,novela naturalista,80,,5,1,nh0195,novela romántica,novela romántica,novela romántica,novela romántica,novela romántica,novela romántica,novela romántica,novela romántica,novela romántica,novela romántica,novela romántica
4524,subgenre-current,novela romántica,novela naturalista,80,,5,1,nh0196,novela romántica,novela romántica,novela romántica,novela romántica,novela romántica,novela romántica,novela romántica,novela romántica,novela romántica,novela romántica,novela romántica
4525,subgenre-current,novela romántica,novela naturalista,80,,5,1,nh0199,novela romántica,novela romántica,novela romántica,novela romántica,novela romántica,novela romántica,novela romántica,novela romántica,novela romántica,novela romántica,novela romántica
4526,subgenre-current,novela romántica,novela naturalista,80,,5,1,nh0203,novela romántica,novela romántica,novela romántica,novela romántica,novela romántica,novela romántica,novela romántica,novela romántica,novela romántica,novela romántica,novela romántica
4527,subgenre-current,novela romántica,novela naturalista,80,,5,1,nh0205,novela naturalista,novela naturalista,novela naturalista,novela naturalista,novela naturalista,novela naturalista,novela naturalista,novela naturalista,novela naturalista,novela naturalista,novela naturalista
4528,subgenre-current,novela romántica,novela naturalista,80,,5,1,nh0206,novela naturalista,novela naturalista,novela naturalista,novela naturalista,novela naturalista,novela naturalista,novela naturalista,novela naturalista,novela naturalista,novela romántica,novela naturalista
4529,subgenre-current,novela romántica,novela naturalista,80,,5,1,nh0216,novela romántica,novela romántica,novela romántica,novela romántica,novela romántica,novela romántica,novela romántica,novela romántica,novela romántica,novela romántica,novela romántica
4530,subgenre-current,novela romántica,novela naturalista,80,,5,1,nh0217,novela naturalista,novela naturalista,novela naturalista,novela naturalista,novela naturalista,novela naturalista,novela naturalista,novela naturalista,novela naturalista,novela naturalista,novela naturalista
4531,subgenre-current,novela romántica,novela naturalista,80,,5,1,nh0220,novela romántica,novela romántica,novela romántica,novela romántica,novela romántica,novela romántica,novela romántica,novela romántica,novela romántica,novela romántica,novela romántica
4532,subgenre-current,novela romántica,novela naturalista,80,,5,1,nh0223,novela naturalista,novela naturalista,novela naturalista,novela naturalista,novela naturalista,novela naturalista,novela naturalista,novela naturalista,novela naturalista,novela naturalista,novela naturalista
4533,subgenre-current,novela romántica,novela naturalista,80,,5,1,nh0229,novela naturalista,novela naturalista,novela naturalista,novela naturalista,novela naturalista,novela naturalista,novela naturalista,novela naturalista,novela naturalista,novela naturalista,novela naturalista
4534,subgenre-current,novela romántica,novela naturalista,80,,5,1,nh0234,novela romántica,novela romántica,novela romántica,novela romántica,novela romántica,novela romántica,novela romántica,novela romántica,novela romántica,novela romántica,novela romántica
4535,subgenre-current,novela romántica,novela naturalista,80,,5,1,nh0246,novela romántica,novela romántica,novela romántica,novela romántica,novela romántica,novela romántica,novela romántica,novela romántica,novela romántica,novela romántica,novela romántica
4536,subgenre-current,novela romántica,novela naturalista,80,,5,1,nh0251,novela romántica,novela romántica,novela romántica,novela romántica,novela romántica,novela romántica,novela romántica,novela romántica,novela romántica,novela romántica,novela romántica
4537,subgenre-current,novela romántica,novela naturalista,80,,5,1,nh0254,novela naturalista,novela naturalista,novela naturalista,novela naturalista,novela naturalista,novela naturalista,novela naturalista,novela naturalista,novela naturalista,novela naturalista,novela naturalista
4538,subgenre-current,novela romántica,novela naturalista,80,,5,1,nh0255,novela naturalista,novela naturalista,novela naturalista,novela naturalista,novela naturalista,novela naturalista,novela naturalista,novela naturalista,novela naturalista,novela naturalista,novela naturalista
4539,subgenre-current,novela romántica,novela naturalista,80,,5,1,nh0256,novela naturalista,novela naturalista,novela naturalista,novela naturalista,novela naturalista,novela naturalista,novela naturalista,novela naturalista,novela naturalista,novela naturalista,novela naturalista
4540,subgenre-current,novela romántica,novela naturalista,80,,6,1,nh0005,novela romántica,novela romántica,novela romántica,novela romántica,novela romántica,novela romántica,novela romántica,novela romántica,novela romántica,novela romántica,novela romántica
4541,subgenre-current,novela romántica,novela naturalista,80,,6,1,nh0007,novela romántica,novela romántica,novela romántica,novela romántica,novela romántica,novela romántica,novela romántica,novela romántica,novela romántica,novela romántica,novela romántica
4542,subgenre-current,novela romántica,novela naturalista,80,,6,1,nh0011,novela naturalista,novela naturalista,novela naturalista,novela naturalista,novela naturalista,novela naturalista,novela naturalista,novela naturalista,novela naturalista,novela naturalista,novela naturalista
4543,subgenre-current,novela romántica,novela naturalista,80,,6,1,nh0012,novela naturalista,novela naturalista,novela naturalista,novela naturalista,novela naturalista,novela naturalista,novela naturalista,novela naturalista,novela naturalista,novela naturalista,novela naturalista
4544,subgenre-current,novela romántica,novela naturalista,80,,6,1,nh0013,novela naturalista,novela naturalista,novela naturalista,novela naturalista,novela naturalista,novela naturalista,novela naturalista,novela naturalista,novela naturalista,novela naturalista,novela naturalista
4545,subgenre-current,novela romántica,novela naturalista,80,,6,1,nh0019,novela naturalista,novela naturalista,novela naturalista,novela naturalista,novela naturalista,novela naturalista,novela naturalista,novela naturalista,novela naturalista,novela naturalista,novela naturalista
4546,subgenre-current,novela romántica,novela naturalista,80,,6,1,nh0021,novela romántica,novela romántica,novela romántica,novela romántica,novela romántica,novela romántica,novela romántica,novela romántica,novela romántica,novela romántica,novela romántica
4547,subgenre-current,novela romántica,novela naturalista,80,,6,1,nh0022,novela naturalista,novela naturalista,novela naturalista,novela naturalista,novela naturalista,novela naturalista,novela naturalista,novela naturalista,novela naturalista,novela naturalista,novela naturalista
4548,subgenre-current,novela romántica,novela naturalista,80,,6,1,nh0025,novela romántica,novela romántica,novela romántica,novela romántica,novela romántica,novela romántica,novela romántica,novela romántica,novela romántica,novela romántica,novela romántica
4549,subgenre-current,novela romántica,novela naturalista,80,,6,1,nh0028,novela naturalista,novela naturalista,novela naturalista,novela naturalista,novela naturalista,novela naturalista,novela naturalista,novela naturalista,novela naturalista,novela naturalista,novela naturalista
4550,subgenre-current,novela romántica,novela naturalista,80,,6,1,nh0029,novela naturalista,novela naturalista,novela naturalista,novela naturalista,novela naturalista,novela naturalista,novela naturalista,novela naturalista,novela naturalista,novela naturalista,novela naturalista
4551,subgenre-current,novela romántica,novela naturalista,80,,6,1,nh0030,novela naturalista,novela naturalista,novela naturalista,novela naturalista,novela naturalista,novela naturalista,novela naturalista,novela naturalista,novela naturalista,novela naturalista,novela naturalista
4552,subgenre-current,novela romántica,novela naturalista,80,,6,1,nh0031,novela naturalista,novela naturalista,novela naturalista,novela naturalista,novela naturalista,novela naturalista,novela naturalista,novela naturalista,novela naturalista,novela naturalista,novela naturalista
4553,subgenre-current,novela romántica,novela naturalista,80,,6,1,nh0032,novela naturalista,novela naturalista,novela naturalista,novela naturalista,novela naturalista,novela naturalista,novela naturalista,novela naturalista,novela naturalista,novela naturalista,novela naturalista
4554,subgenre-current,novela romántica,novela naturalista,80,,6,1,nh0033,novela naturalista,novela naturalista,novela naturalista,novela naturalista,novela naturalista,novela naturalista,novela naturalista,novela naturalista,novela naturalista,novela naturalista,novela naturalista
4555,subgenre-current,novela romántica,novela naturalista,80,,6,1,nh0034,novela naturalista,novela naturalista,novela naturalista,novela naturalista,novela naturalista,novela naturalista,novela naturalista,novela naturalista,novela naturalista,novela naturalista,novela naturalista
4556,subgenre-current,novela romántica,novela naturalista,80,,6,1,nh0035,novela romántica,novela romántica,novela romántica,novela romántica,novela romántica,novela romántica,novela romántica,novela romántica,novela romántica,novela romántica,novela romántica
4557,subgenre-current,novela romántica,novela naturalista,80,,6,1,nh0037,novela romántica,novela romántica,novela romántica,novela romántica,novela romántica,novela romántica,novela romántica,novela romántica,novela romántica,novela romántica,novela romántica
4558,subgenre-current,novela romántica,novela naturalista,80,,6,1,nh0038,novela naturalista,novela naturalista,novela naturalista,novela naturalista,novela naturalista,novela naturalista,novela naturalista,novela naturalista,novela naturalista,novela naturalista,novela naturalista
4559,subgenre-current,novela romántica,novela naturalista,80,,6,1,nh0039,novela naturalista,novela naturalista,novela naturalista,novela naturalista,novela naturalista,novela naturalista,novela naturalista,novela naturalista,novela naturalista,novela naturalista,novela naturalista
4560,subgenre-current,novela romántica,novela naturalista,80,,6,1,nh0041,novela romántica,novela romántica,novela romántica,novela romántica,novela romántica,novela romántica,novela romántica,novela romántica,novela romántica,novela romántica,novela romántica
4561,subgenre-current,novela romántica,novela naturalista,80,,6,1,nh0050,novela romántica,novela romántica,novela romántica,novela romántica,novela romántica,novela romántica,novela romántica,novela romántica,novela romántica,novela romántica,novela romántica
4562,subgenre-current,novela romántica,novela naturalista,80,,6,1,nh0054,novela romántica,novela romántica,novela romántica,novela romántica,novela romántica,novela romántica,novela romántica,novela romántica,novela romántica,novela romántica,novela romántica
4563,subgenre-current,novela romántica,novela naturalista,80,,6,1,nh0055,novela romántica,novela romántica,novela romántica,novela romántica,novela romántica,novela romántica,novela romántica,novela romántica,novela romántica,novela romántica,novela romántica
4564,subgenre-current,novela romántica,novela naturalista,80,,6,1,nh0057,novela naturalista,novela naturalista,novela naturalista,novela naturalista,novela naturalista,novela naturalista,novela naturalista,novela naturalista,novela naturalista,novela naturalista,novela naturalista
4565,subgenre-current,novela romántica,novela naturalista,80,,6,1,nh0058,novela naturalista,novela naturalista,novela naturalista,novela naturalista,novela naturalista,novela naturalista,novela naturalista,novela naturalista,novela naturalista,novela naturalista,novela naturalista
4566,subgenre-current,novela romántica,novela naturalista,80,,6,1,nh0059,novela naturalista,novela naturalista,novela naturalista,novela naturalista,novela naturalista,novela naturalista,novela naturalista,novela naturalista,novela naturalista,novela naturalista,novela naturalista
4567,subgenre-current,novela romántica,novela naturalista,80,,6,1,nh0060,novela naturalista,novela naturalista,novela naturalista,novela naturalista,novela naturalista,novela naturalista,novela naturalista,novela naturalista,novela naturalista,novela naturalista,novela naturalista
4568,subgenre-current,novela romántica,novela naturalista,80,,6,1,nh0061,novela romántica,novela romántica,novela romántica,novela romántica,novela romántica,novela romántica,novela romántica,novela romántica,novela romántica,novela romántica,novela romántica
4569,subgenre-current,novela romántica,novela naturalista,80,,6,1,nh0064,novela romántica,novela romántica,novela romántica,novela romántica,novela romántica,novela romántica,novela romántica,novela romántica,novela romántica,novela romántica,novela romántica
4570,subgenre-current,novela romántica,novela naturalista,80,,6,1,nh0072,novela romántica,novela romántica,novela romántica,novela romántica,novela romántica,novela romántica,novela romántica,novela romántica,novela romántica,novela romántica,novela romántica
4571,subgenre-current,novela romántica,novela naturalista,80,,6,1,nh0074,novela naturalista,novela naturalista,novela naturalista,novela naturalista,novela naturalista,novela naturalista,novela naturalista,novela naturalista,novela naturalista,novela naturalista,novela naturalista
4572,subgenre-current,novela romántica,novela naturalista,80,,6,1,nh0076,novela naturalista,novela naturalista,novela naturalista,novela naturalista,novela naturalista,novela naturalista,novela naturalista,novela naturalista,novela naturalista,novela naturalista,novela naturalista
4573,subgenre-current,novela romántica,novela naturalista,80,,6,1,nh0080,novela naturalista,novela naturalista,novela naturalista,novela naturalista,novela naturalista,novela naturalista,novela naturalista,novela naturalista,novela naturalista,novela naturalista,novela naturalista
4574,subgenre-current,novela romántica,novela naturalista,80,,6,1,nh0088,novela naturalista,novela naturalista,novela naturalista,novela naturalista,novela naturalista,novela naturalista,novela naturalista,novela naturalista,novela naturalista,novela naturalista,novela naturalista
4575,subgenre-current,novela romántica,novela naturalista,80,,6,1,nh0090,novela naturalista,novela naturalista,novela naturalista,novela naturalista,novela naturalista,novela naturalista,novela romántica,novela naturalista,novela naturalista,novela naturalista,novela naturalista
4576,subgenre-current,novela romántica,novela naturalista,80,,6,1,nh0092,novela romántica,novela romántica,novela romántica,novela naturalista,novela romántica,novela romántica,novela romántica,novela romántica,novela romántica,novela romántica,novela romántica
4577,subgenre-current,novela romántica,novela naturalista,80,,6,1,nh0095,novela romántica,novela romántica,novela romántica,novela romántica,novela romántica,novela romántica,novela romántica,novela romántica,novela romántica,novela romántica,novela romántica
4578,subgenre-current,novela romántica,novela naturalista,80,,6,1,nh0108,novela romántica,novela romántica,novela romántica,novela romántica,novela romántica,novela romántica,novela romántica,novela romántica,novela romántica,novela romántica,novela romántica
4579,subgenre-current,novela romántica,novela naturalista,80,,6,1,nh0109,novela naturalista,novela naturalista,novela naturalista,novela naturalista,novela naturalista,novela naturalista,novela naturalista,novela naturalista,novela naturalista,novela naturalista,novela naturalista
4580,subgenre-current,novela romántica,novela naturalista,80,,6,1,nh0111,novela romántica,novela romántica,novela romántica,novela romántica,novela romántica,novela romántica,novela romántica,novela romántica,novela romántica,novela romántica,novela romántica
4581,subgenre-current,novela romántica,novela naturalista,80,,6,1,nh0114,novela naturalista,novela naturalista,novela naturalista,novela naturalista,novela naturalista,novela naturalista,novela naturalista,novela naturalista,novela naturalista,novela naturalista,novela naturalista
4582,subgenre-current,novela romántica,novela naturalista,80,,6,1,nh0117,novela romántica,novela romántica,novela romántica,novela romántica,novela romántica,novela romántica,novela romántica,novela romántica,novela romántica,novela romántica,novela romántica
4583,subgenre-current,novela romántica,novela naturalista,80,,6,1,nh0118,novela romántica,novela romántica,novela romántica,novela romántica,novela naturalista,novela romántica,novela romántica,novela romántica,novela romántica,novela romántica,novela romántica
4584,subgenre-current,novela romántica,novela naturalista,80,,6,1,nh0121,novela romántica,novela romántica,novela romántica,novela romántica,novela romántica,novela romántica,novela romántica,novela romántica,novela romántica,novela romántica,novela romántica
4585,subgenre-current,novela romántica,novela naturalista,80,,6,1,nh0122,novela romántica,novela romántica,novela romántica,novela romántica,novela romántica,novela romántica,novela romántica,novela romántica,novela romántica,novela romántica,novela romántica
4586,subgenre-current,novela romántica,novela naturalista,80,,6,1,nh0124,novela romántica,novela romántica,novela romántica,novela romántica,novela romántica,novela romántica,novela romántica,novela romántica,novela romántica,novela romántica,novela romántica
4587,subgenre-current,novela romántica,novela naturalista,80,,6,1,nh0136,novela naturalista,novela naturalista,novela naturalista,novela naturalista,novela naturalista,novela naturalista,novela naturalista,novela naturalista,novela naturalista,novela naturalista,novela naturalista
4588,subgenre-current,novela romántica,novela naturalista,80,,6,1,nh0141,novela romántica,novela romántica,novela romántica,novela romántica,novela romántica,novela romántica,novela romántica,novela romántica,novela romántica,novela romántica,novela romántica
4589,subgenre-current,novela romántica,novela naturalista,80,,6,1,nh0144,novela romántica,novela romántica,novela romántica,novela romántica,novela romántica,novela romántica,novela romántica,novela romántica,novela romántica,novela romántica,novela romántica
4590,subgenre-current,novela romántica,novela naturalista,80,,6,1,nh0145,novela romántica,novela romántica,novela romántica,novela romántica,novela romántica,novela naturalista,novela romántica,novela romántica,novela romántica,novela romántica,novela romántica
4591,subgenre-current,novela romántica,novela naturalista,80,,6,1,nh0149,novela romántica,novela romántica,novela romántica,novela romántica,novela romántica,novela romántica,novela romántica,novela romántica,novela romántica,novela romántica,novela romántica
4592,subgenre-current,novela romántica,novela naturalista,80,,6,1,nh0155,novela naturalista,novela naturalista,novela naturalista,novela naturalista,novela naturalista,novela naturalista,novela naturalista,novela naturalista,novela naturalista,novela naturalista,novela naturalista
4593,subgenre-current,novela romántica,novela naturalista,80,,6,1,nh0157,novela romántica,novela romántica,novela romántica,novela romántica,novela romántica,novela romántica,novela romántica,novela romántica,novela romántica,novela romántica,novela romántica
4594,subgenre-current,novela romántica,novela naturalista,80,,6,1,nh0162,novela romántica,novela romántica,novela romántica,novela romántica,novela romántica,novela romántica,novela naturalista,novela romántica,novela romántica,novela romántica,novela romántica
4595,subgenre-current,novela romántica,novela naturalista,80,,6,1,nh0163,novela naturalista,novela naturalista,novela naturalista,novela naturalista,novela naturalista,novela naturalista,novela naturalista,novela naturalista,novela naturalista,novela naturalista,novela naturalista
4596,subgenre-current,novela romántica,novela naturalista,80,,6,1,nh0164,novela naturalista,novela naturalista,novela naturalista,novela naturalista,novela naturalista,novela naturalista,novela naturalista,novela naturalista,novela naturalista,novela naturalista,novela naturalista
4597,subgenre-current,novela romántica,novela naturalista,80,,6,1,nh0171,novela romántica,novela romántica,novela romántica,novela romántica,novela romántica,novela romántica,novela romántica,novela romántica,novela romántica,novela romántica,novela romántica
4598,subgenre-current,novela romántica,novela naturalista,80,,6,1,nh0172,novela romántica,novela romántica,novela romántica,novela romántica,novela romántica,novela romántica,novela romántica,novela romántica,novela romántica,novela romántica,novela romántica
4599,subgenre-current,novela romántica,novela naturalista,80,,6,1,nh0177,novela naturalista,novela naturalista,novela naturalista,novela naturalista,novela naturalista,novela naturalista,novela naturalista,novela naturalista,novela naturalista,novela naturalista,novela naturalista
4600,subgenre-current,novela romántica,novela naturalista,80,,6,1,nh0178,novela romántica,novela romántica,novela romántica,novela romántica,novela romántica,novela romántica,novela romántica,novela romántica,novela romántica,novela romántica,novela romántica
4601,subgenre-current,novela romántica,novela naturalista,80,,6,1,nh0179,novela naturalista,novela naturalista,novela naturalista,novela naturalista,novela naturalista,novela naturalista,novela naturalista,novela naturalista,novela naturalista,novela naturalista,novela naturalista
4602,subgenre-current,novela romántica,novela naturalista,80,,6,1,nh0182,novela romántica,novela romántica,novela romántica,novela romántica,novela romántica,novela romántica,novela romántica,novela romántica,novela romántica,novela romántica,novela romántica
4603,subgenre-current,novela romántica,novela naturalista,80,,6,1,nh0188,novela romántica,novela romántica,novela romántica,novela romántica,novela romántica,novela romántica,novela romántica,novela romántica,novela romántica,novela romántica,novela romántica
4604,subgenre-current,novela romántica,novela naturalista,80,,6,1,nh0189,novela naturalista,novela naturalista,novela naturalista,novela naturalista,novela naturalista,novela naturalista,novela naturalista,novela naturalista,novela naturalista,novela naturalista,novela naturalista
4605,subgenre-current,novela romántica,novela naturalista,80,,6,1,nh0190,novela naturalista,novela naturalista,novela naturalista,novela naturalista,novela naturalista,novela naturalista,novela naturalista,novela naturalista,novela naturalista,novela naturalista,novela naturalista
4606,subgenre-current,novela romántica,novela naturalista,80,,6,1,nh0191,novela naturalista,novela naturalista,novela naturalista,novela naturalista,novela naturalista,novela naturalista,novela naturalista,novela naturalista,novela naturalista,novela naturalista,novela naturalista
4607,subgenre-current,novela romántica,novela naturalista,80,,6,1,nh0192,novela naturalista,novela naturalista,novela naturalista,novela naturalista,novela naturalista,novela naturalista,novela naturalista,novela naturalista,novela naturalista,novela naturalista,novela naturalista
4608,subgenre-current,novela romántica,novela naturalista,80,,6,1,nh0193,novela naturalista,novela naturalista,novela naturalista,novela naturalista,novela naturalista,novela naturalista,novela naturalista,novela naturalista,novela naturalista,novela naturalista,novela naturalista
4609,subgenre-current,novela romántica,novela naturalista,80,,6,1,nh0194,novela naturalista,novela naturalista,novela naturalista,novela naturalista,novela naturalista,novela naturalista,novela naturalista,novela naturalista,novela naturalista,novela naturalista,novela naturalista
4610,subgenre-current,novela romántica,novela naturalista,80,,6,1,nh0195,novela romántica,novela romántica,novela romántica,novela romántica,novela romántica,novela romántica,novela romántica,novela romántica,novela romántica,novela romántica,novela romántica
4611,subgenre-current,novela romántica,novela naturalista,80,,6,1,nh0197,novela romántica,novela romántica,novela romántica,novela romántica,novela romántica,novela romántica,novela romántica,novela romántica,novela romántica,novela romántica,novela romántica
4612,subgenre-current,novela romántica,novela naturalista,80,,6,1,nh0199,novela romántica,novela romántica,novela romántica,novela romántica,novela romántica,novela romántica,novela romántica,novela romántica,novela naturalista,novela romántica,novela romántica
4613,subgenre-current,novela romántica,novela naturalista,80,,6,1,nh0205,novela naturalista,novela naturalista,novela naturalista,novela naturalista,novela naturalista,novela naturalista,novela naturalista,novela naturalista,novela naturalista,novela naturalista,novela naturalista
4614,subgenre-current,novela romántica,novela naturalista,80,,6,1,nh0206,novela naturalista,novela naturalista,novela naturalista,novela naturalista,novela naturalista,novela naturalista,novela naturalista,novela naturalista,novela naturalista,novela romántica,novela naturalista
4615,subgenre-current,novela romántica,novela naturalista,80,,6,1,nh0217,novela naturalista,novela naturalista,novela naturalista,novela naturalista,novela naturalista,novela naturalista,novela naturalista,novela naturalista,novela naturalista,novela naturalista,novela naturalista
4616,subgenre-current,novela romántica,novela naturalista,80,,6,1,nh0219,novela romántica,novela romántica,novela romántica,novela romántica,novela romántica,novela romántica,novela romántica,novela romántica,novela romántica,novela romántica,novela romántica
4617,subgenre-current,novela romántica,novela naturalista,80,,6,1,nh0220,novela romántica,novela romántica,novela romántica,novela romántica,novela romántica,novela romántica,novela romántica,novela romántica,novela romántica,novela romántica,novela romántica
4618,subgenre-current,novela romántica,novela naturalista,80,,6,1,nh0223,novela naturalista,novela naturalista,novela naturalista,novela naturalista,novela naturalista,novela naturalista,novela naturalista,novela naturalista,novela naturalista,novela naturalista,novela naturalista
4619,subgenre-current,novela romántica,novela naturalista,80,,6,1,nh0224,novela romántica,novela romántica,novela romántica,novela romántica,novela romántica,novela romántica,novela romántica,novela romántica,novela romántica,novela romántica,novela romántica
4620,subgenre-current,novela romántica,novela naturalista,80,,6,1,nh0225,novela romántica,novela romántica,novela romántica,novela romántica,novela romántica,novela romántica,novela romántica,novela romántica,novela romántica,novela romántica,novela romántica
4621,subgenre-current,novela romántica,novela naturalista,80,,6,1,nh0226,novela romántica,novela romántica,novela romántica,novela romántica,novela romántica,novela romántica,novela romántica,novela romántica,novela romántica,novela romántica,novela romántica
4622,subgenre-current,novela romántica,novela naturalista,80,,6,1,nh0227,novela romántica,novela romántica,novela romántica,novela romántica,novela romántica,novela romántica,novela romántica,novela romántica,novela romántica,novela romántica,novela romántica
4623,subgenre-current,novela romántica,novela naturalista,80,,6,1,nh0229,novela naturalista,novela naturalista,novela naturalista,novela naturalista,novela naturalista,novela naturalista,novela naturalista,novela naturalista,novela naturalista,novela naturalista,novela naturalista
4624,subgenre-current,novela romántica,novela naturalista,80,,6,1,nh0238,novela romántica,novela romántica,novela romántica,novela romántica,novela romántica,novela romántica,novela romántica,novela romántica,novela romántica,novela romántica,novela romántica
4625,subgenre-current,novela romántica,novela naturalista,80,,6,1,nh0247,novela romántica,novela romántica,novela romántica,novela romántica,novela romántica,novela romántica,novela romántica,novela romántica,novela romántica,novela romántica,novela romántica
4626,subgenre-current,novela romántica,novela naturalista,80,,6,1,nh0249,novela romántica,novela romántica,novela romántica,novela romántica,novela romántica,novela romántica,novela romántica,novela romántica,novela romántica,novela romántica,novela romántica
4627,subgenre-current,novela romántica,novela naturalista,80,,6,1,nh0254,novela naturalista,novela naturalista,novela naturalista,novela naturalista,novela naturalista,novela naturalista,novela naturalista,novela naturalista,novela naturalista,novela naturalista,novela naturalista
4628,subgenre-current,novela romántica,novela naturalista,80,,6,1,nh0255,novela naturalista,novela naturalista,novela naturalista,novela naturalista,novela naturalista,novela naturalista,novela naturalista,novela naturalista,novela naturalista,novela naturalista,novela naturalista
4629,subgenre-current,novela romántica,novela naturalista,80,,6,1,nh0256,novela naturalista,novela naturalista,novela naturalista,novela naturalista,novela naturalista,novela naturalista,novela naturalista,novela naturalista,novela naturalista,novela naturalista,novela naturalista
4630,subgenre-current,novela romántica,novela naturalista,80,,7,1,nh0011,novela naturalista,novela naturalista,novela naturalista,novela naturalista,novela naturalista,novela naturalista,novela naturalista,novela naturalista,novela naturalista,novela naturalista,novela naturalista
4631,subgenre-current,novela romántica,novela naturalista,80,,7,1,nh0012,novela naturalista,novela naturalista,novela naturalista,novela naturalista,novela naturalista,novela naturalista,novela naturalista,novela naturalista,novela naturalista,novela naturalista,novela naturalista
4632,subgenre-current,novela romántica,novela naturalista,80,,7,1,nh0013,novela naturalista,novela naturalista,novela naturalista,novela naturalista,novela naturalista,novela naturalista,novela naturalista,novela naturalista,novela naturalista,novela naturalista,novela naturalista
4633,subgenre-current,novela romántica,novela naturalista,80,,7,1,nh0019,novela naturalista,novela naturalista,novela naturalista,novela naturalista,novela naturalista,novela naturalista,novela naturalista,novela naturalista,novela naturalista,novela naturalista,novela naturalista
4634,subgenre-current,novela romántica,novela naturalista,80,,7,1,nh0022,novela naturalista,novela naturalista,novela naturalista,novela naturalista,novela naturalista,novela naturalista,novela naturalista,novela naturalista,novela naturalista,novela naturalista,novela naturalista
4635,subgenre-current,novela romántica,novela naturalista,80,,7,1,nh0025,novela romántica,novela romántica,novela romántica,novela romántica,novela romántica,novela romántica,novela romántica,novela romántica,novela romántica,novela romántica,novela romántica
4636,subgenre-current,novela romántica,novela naturalista,80,,7,1,nh0026,novela romántica,novela romántica,novela romántica,novela romántica,novela romántica,novela romántica,novela romántica,novela romántica,novela romántica,novela romántica,novela romántica
4637,subgenre-current,novela romántica,novela naturalista,80,,7,1,nh0028,novela naturalista,novela naturalista,novela naturalista,novela naturalista,novela naturalista,novela naturalista,novela naturalista,novela naturalista,novela naturalista,novela naturalista,novela naturalista
4638,subgenre-current,novela romántica,novela naturalista,80,,7,1,nh0029,novela naturalista,novela naturalista,novela naturalista,novela naturalista,novela naturalista,novela naturalista,novela naturalista,novela naturalista,novela naturalista,novela naturalista,novela naturalista
4639,subgenre-current,novela romántica,novela naturalista,80,,7,1,nh0030,novela naturalista,novela naturalista,novela naturalista,novela naturalista,novela naturalista,novela naturalista,novela naturalista,novela naturalista,novela naturalista,novela naturalista,novela naturalista
4640,subgenre-current,novela romántica,novela naturalista,80,,7,1,nh0031,novela naturalista,novela naturalista,novela naturalista,novela naturalista,novela naturalista,novela naturalista,novela naturalista,novela naturalista,novela naturalista,novela naturalista,novela naturalista
4641,subgenre-current,novela romántica,novela naturalista,80,,7,1,nh0032,novela naturalista,novela naturalista,novela naturalista,novela naturalista,novela naturalista,novela naturalista,novela naturalista,novela naturalista,novela naturalista,novela naturalista,novela naturalista
4642,subgenre-current,novela romántica,novela naturalista,80,,7,1,nh0033,novela naturalista,novela naturalista,novela naturalista,novela naturalista,novela naturalista,novela naturalista,novela naturalista,novela naturalista,novela naturalista,novela naturalista,novela naturalista
4643,subgenre-current,novela romántica,novela naturalista,80,,7,1,nh0034,novela naturalista,novela naturalista,novela naturalista,novela naturalista,novela naturalista,novela naturalista,novela naturalista,novela naturalista,novela naturalista,novela naturalista,novela naturalista
4644,subgenre-current,novela romántica,novela naturalista,80,,7,1,nh0035,novela romántica,novela romántica,novela romántica,novela romántica,novela romántica,novela romántica,novela romántica,novela romántica,novela romántica,novela romántica,novela romántica
4645,subgenre-current,novela romántica,novela naturalista,80,,7,1,nh0038,novela naturalista,novela naturalista,novela naturalista,novela naturalista,novela naturalista,novela naturalista,novela naturalista,novela naturalista,novela naturalista,novela naturalista,novela naturalista
4646,subgenre-current,novela romántica,novela naturalista,80,,7,1,nh0039,novela naturalista,novela naturalista,novela naturalista,novela naturalista,novela naturalista,novela naturalista,novela naturalista,novela naturalista,novela naturalista,novela naturalista,novela naturalista
4647,subgenre-current,novela romántica,novela naturalista,80,,7,1,nh0045,novela romántica,novela romántica,novela romántica,novela romántica,novela romántica,novela romántica,novela romántica,novela romántica,novela romántica,novela romántica,novela romántica
4648,subgenre-current,novela romántica,novela naturalista,80,,7,1,nh0049,novela romántica,novela romántica,novela romántica,novela romántica,novela romántica,novela romántica,novela romántica,novela romántica,novela romántica,novela romántica,novela romántica
4649,subgenre-current,novela romántica,novela naturalista,80,,7,1,nh0057,novela naturalista,novela naturalista,novela naturalista,novela naturalista,novela naturalista,novela naturalista,novela naturalista,novela naturalista,novela naturalista,novela naturalista,novela naturalista
4650,subgenre-current,novela romántica,novela naturalista,80,,7,1,nh0058,novela naturalista,novela naturalista,novela naturalista,novela naturalista,novela naturalista,novela naturalista,novela naturalista,novela naturalista,novela naturalista,novela naturalista,novela naturalista
4651,subgenre-current,novela romántica,novela naturalista,80,,7,1,nh0059,novela naturalista,novela naturalista,novela naturalista,novela naturalista,novela naturalista,novela naturalista,novela naturalista,novela naturalista,novela naturalista,novela naturalista,novela naturalista
4652,subgenre-current,novela romántica,novela naturalista,80,,7,1,nh0060,novela naturalista,novela naturalista,novela naturalista,novela naturalista,novela naturalista,novela naturalista,novela naturalista,novela naturalista,novela naturalista,novela naturalista,novela naturalista
4653,subgenre-current,novela romántica,novela naturalista,80,,7,1,nh0061,novela romántica,novela romántica,novela romántica,novela romántica,novela romántica,novela romántica,novela romántica,novela romántica,novela romántica,novela romántica,novela romántica
4654,subgenre-current,novela romántica,novela naturalista,80,,7,1,nh0063,novela romántica,novela romántica,novela naturalista,novela romántica,novela romántica,novela romántica,novela romántica,novela romántica,novela romántica,novela romántica,novela romántica
4655,subgenre-current,novela romántica,novela naturalista,80,,7,1,nh0065,novela romántica,novela romántica,novela romántica,novela romántica,novela romántica,novela romántica,novela romántica,novela romántica,novela romántica,novela romántica,novela romántica
4656,subgenre-current,novela romántica,novela naturalista,80,,7,1,nh0071,novela romántica,novela romántica,novela romántica,novela romántica,novela romántica,novela romántica,novela romántica,novela romántica,novela romántica,novela romántica,novela romántica
4657,subgenre-current,novela romántica,novela naturalista,80,,7,1,nh0073,novela romántica,novela romántica,novela romántica,novela romántica,novela romántica,novela romántica,novela romántica,novela romántica,novela romántica,novela romántica,novela romántica
4658,subgenre-current,novela romántica,novela naturalista,80,,7,1,nh0074,novela naturalista,novela naturalista,novela naturalista,novela naturalista,novela naturalista,novela naturalista,novela naturalista,novela naturalista,novela naturalista,novela naturalista,novela naturalista
4659,subgenre-current,novela romántica,novela naturalista,80,,7,1,nh0076,novela naturalista,novela naturalista,novela naturalista,novela naturalista,novela naturalista,novela naturalista,novela naturalista,novela naturalista,novela naturalista,novela naturalista,novela naturalista
4660,subgenre-current,novela romántica,novela naturalista,80,,7,1,nh0080,novela naturalista,novela naturalista,novela naturalista,novela naturalista,novela naturalista,novela naturalista,novela naturalista,novela naturalista,novela naturalista,novela naturalista,novela naturalista
4661,subgenre-current,novela romántica,novela naturalista,80,,7,1,nh0088,novela naturalista,novela naturalista,novela naturalista,novela naturalista,novela naturalista,novela naturalista,novela naturalista,novela naturalista,novela naturalista,novela naturalista,novela naturalista
4662,subgenre-current,novela romántica,novela naturalista,80,,7,1,nh0090,novela naturalista,novela naturalista,novela naturalista,novela naturalista,novela naturalista,novela romántica,novela naturalista,novela naturalista,novela naturalista,novela naturalista,novela naturalista
4663,subgenre-current,novela romántica,novela naturalista,80,,7,1,nh0095,novela romántica,novela romántica,novela romántica,novela romántica,novela romántica,novela romántica,novela romántica,novela romántica,novela romántica,novela romántica,novela romántica
4664,subgenre-current,novela romántica,novela naturalista,80,,7,1,nh0098,novela romántica,novela romántica,novela romántica,novela romántica,novela romántica,novela romántica,novela romántica,novela romántica,novela romántica,novela romántica,novela romántica
4665,subgenre-current,novela romántica,novela naturalista,80,,7,1,nh0102,novela romántica,novela romántica,novela romántica,novela romántica,novela romántica,novela romántica,novela romántica,novela romántica,novela romántica,novela romántica,novela romántica
4666,subgenre-current,novela romántica,novela naturalista,80,,7,1,nh0104,novela romántica,novela romántica,novela romántica,novela romántica,novela romántica,novela romántica,novela romántica,novela romántica,novela romántica,novela romántica,novela romántica
4667,subgenre-current,novela romántica,novela naturalista,80,,7,1,nh0105,novela romántica,novela romántica,novela romántica,novela romántica,novela naturalista,novela romántica,novela romántica,novela romántica,novela romántica,novela romántica,novela romántica
4668,subgenre-current,novela romántica,novela naturalista,80,,7,1,nh0108,novela romántica,novela romántica,novela romántica,novela romántica,novela romántica,novela romántica,novela romántica,novela romántica,novela romántica,novela romántica,novela romántica
4669,subgenre-current,novela romántica,novela naturalista,80,,7,1,nh0109,novela naturalista,novela naturalista,novela naturalista,novela naturalista,novela naturalista,novela naturalista,novela naturalista,novela naturalista,novela naturalista,novela naturalista,novela naturalista
4670,subgenre-current,novela romántica,novela naturalista,80,,7,1,nh0114,novela naturalista,novela naturalista,novela naturalista,novela naturalista,novela naturalista,novela naturalista,novela naturalista,novela naturalista,novela naturalista,novela naturalista,novela naturalista
4671,subgenre-current,novela romántica,novela naturalista,80,,7,1,nh0117,novela romántica,novela romántica,novela romántica,novela romántica,novela romántica,novela romántica,novela romántica,novela romántica,novela romántica,novela romántica,novela romántica
4672,subgenre-current,novela romántica,novela naturalista,80,,7,1,nh0122,novela romántica,novela romántica,novela romántica,novela romántica,novela romántica,novela romántica,novela romántica,novela romántica,novela romántica,novela romántica,novela romántica
4673,subgenre-current,novela romántica,novela naturalista,80,,7,1,nh0124,novela romántica,novela romántica,novela romántica,novela romántica,novela romántica,novela romántica,novela romántica,novela romántica,novela romántica,novela romántica,novela romántica
4674,subgenre-current,novela romántica,novela naturalista,80,,7,1,nh0136,novela naturalista,novela naturalista,novela naturalista,novela naturalista,novela naturalista,novela naturalista,novela naturalista,novela naturalista,novela naturalista,novela naturalista,novela naturalista
4675,subgenre-current,novela romántica,novela naturalista,80,,7,1,nh0141,novela romántica,novela romántica,novela romántica,novela romántica,novela romántica,novela romántica,novela romántica,novela romántica,novela romántica,novela romántica,novela romántica
4676,subgenre-current,novela romántica,novela naturalista,80,,7,1,nh0142,novela romántica,novela romántica,novela romántica,novela romántica,novela romántica,novela romántica,novela romántica,novela romántica,novela romántica,novela romántica,novela romántica
4677,subgenre-current,novela romántica,novela naturalista,80,,7,1,nh0143,novela romántica,novela romántica,novela romántica,novela romántica,novela romántica,novela romántica,novela romántica,novela romántica,novela romántica,novela romántica,novela romántica
4678,subgenre-current,novela romántica,novela naturalista,80,,7,1,nh0147,novela romántica,novela romántica,novela romántica,novela romántica,novela romántica,novela romántica,novela naturalista,novela romántica,novela romántica,novela romántica,novela romántica
4679,subgenre-current,novela romántica,novela naturalista,80,,7,1,nh0150,novela romántica,novela romántica,novela romántica,novela romántica,novela romántica,novela romántica,novela romántica,novela romántica,novela romántica,novela romántica,novela romántica
4680,subgenre-current,novela romántica,novela naturalista,80,,7,1,nh0151,novela romántica,novela romántica,novela romántica,novela romántica,novela romántica,novela romántica,novela romántica,novela romántica,novela romántica,novela romántica,novela romántica
4681,subgenre-current,novela romántica,novela naturalista,80,,7,1,nh0155,novela naturalista,novela naturalista,novela naturalista,novela naturalista,novela naturalista,novela naturalista,novela naturalista,novela naturalista,novela naturalista,novela naturalista,novela naturalista
4682,subgenre-current,novela romántica,novela naturalista,80,,7,1,nh0156,novela romántica,novela romántica,novela romántica,novela romántica,novela romántica,novela romántica,novela romántica,novela romántica,novela romántica,novela romántica,novela romántica
4683,subgenre-current,novela romántica,novela naturalista,80,,7,1,nh0157,novela romántica,novela romántica,novela romántica,novela romántica,novela romántica,novela romántica,novela romántica,novela romántica,novela romántica,novela romántica,novela romántica
4684,subgenre-current,novela romántica,novela naturalista,80,,7,1,nh0159,novela romántica,novela romántica,novela romántica,novela romántica,novela romántica,novela romántica,novela romántica,novela romántica,novela romántica,novela romántica,novela romántica
4685,subgenre-current,novela romántica,novela naturalista,80,,7,1,nh0161,novela romántica,novela romántica,novela romántica,novela romántica,novela romántica,novela romántica,novela romántica,novela romántica,novela romántica,novela romántica,novela romántica
4686,subgenre-current,novela romántica,novela naturalista,80,,7,1,nh0163,novela naturalista,novela naturalista,novela naturalista,novela naturalista,novela naturalista,novela naturalista,novela naturalista,novela naturalista,novela naturalista,novela naturalista,novela naturalista
4687,subgenre-current,novela romántica,novela naturalista,80,,7,1,nh0164,novela naturalista,novela naturalista,novela naturalista,novela naturalista,novela naturalista,novela naturalista,novela naturalista,novela naturalista,novela naturalista,novela naturalista,novela naturalista
4688,subgenre-current,novela romántica,novela naturalista,80,,7,1,nh0167,novela romántica,novela romántica,novela romántica,novela romántica,novela romántica,novela romántica,novela romántica,novela romántica,novela romántica,novela romántica,novela romántica
4689,subgenre-current,novela romántica,novela naturalista,80,,7,1,nh0169,novela romántica,novela romántica,novela romántica,novela romántica,novela romántica,novela romántica,novela romántica,novela romántica,novela romántica,novela romántica,novela romántica
4690,subgenre-current,novela romántica,novela naturalista,80,,7,1,nh0172,novela romántica,novela romántica,novela romántica,novela romántica,novela romántica,novela romántica,novela romántica,novela romántica,novela romántica,novela romántica,novela romántica
4691,subgenre-current,novela romántica,novela naturalista,80,,7,1,nh0177,novela naturalista,novela naturalista,novela naturalista,novela naturalista,novela naturalista,novela naturalista,novela naturalista,novela naturalista,novela naturalista,novela naturalista,novela naturalista
4692,subgenre-current,novela romántica,novela naturalista,80,,7,1,nh0178,novela romántica,novela romántica,novela romántica,novela romántica,novela romántica,novela romántica,novela romántica,novela romántica,novela romántica,novela romántica,novela romántica
4693,subgenre-current,novela romántica,novela naturalista,80,,7,1,nh0179,novela naturalista,novela naturalista,novela naturalista,novela naturalista,novela naturalista,novela naturalista,novela naturalista,novela naturalista,novela naturalista,novela naturalista,novela naturalista
4694,subgenre-current,novela romántica,novela naturalista,80,,7,1,nh0180,novela romántica,novela romántica,novela romántica,novela romántica,novela romántica,novela romántica,novela romántica,novela romántica,novela romántica,novela romántica,novela romántica
4695,subgenre-current,novela romántica,novela naturalista,80,,7,1,nh0181,novela romántica,novela romántica,novela romántica,novela romántica,novela romántica,novela romántica,novela romántica,novela romántica,novela romántica,novela romántica,novela romántica
4696,subgenre-current,novela romántica,novela naturalista,80,,7,1,nh0182,novela romántica,novela romántica,novela romántica,novela romántica,novela romántica,novela romántica,novela romántica,novela romántica,novela romántica,novela romántica,novela romántica
4697,subgenre-current,novela romántica,novela naturalista,80,,7,1,nh0189,novela naturalista,novela naturalista,novela naturalista,novela naturalista,novela naturalista,novela naturalista,novela naturalista,novela naturalista,novela naturalista,novela naturalista,novela naturalista
4698,subgenre-current,novela romántica,novela naturalista,80,,7,1,nh0190,novela naturalista,novela naturalista,novela naturalista,novela naturalista,novela naturalista,novela naturalista,novela naturalista,novela naturalista,novela naturalista,novela naturalista,novela naturalista
4699,subgenre-current,novela romántica,novela naturalista,80,,7,1,nh0191,novela naturalista,novela naturalista,novela naturalista,novela naturalista,novela naturalista,novela naturalista,novela naturalista,novela naturalista,novela naturalista,novela naturalista,novela naturalista
4700,subgenre-current,novela romántica,novela naturalista,80,,7,1,nh0192,novela naturalista,novela naturalista,novela naturalista,novela naturalista,novela naturalista,novela naturalista,novela naturalista,novela naturalista,novela naturalista,novela naturalista,novela naturalista
4701,subgenre-current,novela romántica,novela naturalista,80,,7,1,nh0193,novela naturalista,novela naturalista,novela naturalista,novela naturalista,novela naturalista,novela naturalista,novela naturalista,novela naturalista,novela naturalista,novela naturalista,novela naturalista
4702,subgenre-current,novela romántica,novela naturalista,80,,7,1,nh0194,novela naturalista,novela naturalista,novela naturalista,novela naturalista,novela naturalista,novela naturalista,novela naturalista,novela naturalista,novela naturalista,novela naturalista,novela naturalista
4703,subgenre-current,novela romántica,novela naturalista,80,,7,1,nh0201,novela romántica,novela romántica,novela romántica,novela romántica,novela romántica,novela romántica,novela romántica,novela romántica,novela romántica,novela naturalista,novela romántica
4704,subgenre-current,novela romántica,novela naturalista,80,,7,1,nh0205,novela naturalista,novela naturalista,novela naturalista,novela naturalista,novela naturalista,novela naturalista,novela naturalista,novela naturalista,novela naturalista,novela naturalista,novela naturalista
4705,subgenre-current,novela romántica,novela naturalista,80,,7,1,nh0206,novela naturalista,novela naturalista,novela naturalista,novela naturalista,novela naturalista,novela naturalista,novela naturalista,novela naturalista,novela naturalista,novela romántica,novela naturalista
4706,subgenre-current,novela romántica,novela naturalista,80,,7,1,nh0216,novela romántica,novela romántica,novela romántica,novela romántica,novela romántica,novela romántica,novela romántica,novela romántica,novela romántica,novela romántica,novela romántica
4707,subgenre-current,novela romántica,novela naturalista,80,,7,1,nh0217,novela naturalista,novela naturalista,novela naturalista,novela naturalista,novela naturalista,novela naturalista,novela naturalista,novela naturalista,novela naturalista,novela naturalista,novela naturalista
4708,subgenre-current,novela romántica,novela naturalista,80,,7,1,nh0220,novela romántica,novela romántica,novela romántica,novela romántica,novela romántica,novela romántica,novela romántica,novela romántica,novela romántica,novela romántica,novela romántica
4709,subgenre-current,novela romántica,novela naturalista,80,,7,1,nh0223,novela naturalista,novela naturalista,novela naturalista,novela naturalista,novela naturalista,novela naturalista,novela naturalista,novela naturalista,novela naturalista,novela naturalista,novela naturalista
4710,subgenre-current,novela romántica,novela naturalista,80,,7,1,nh0225,novela romántica,novela romántica,novela romántica,novela romántica,novela romántica,novela romántica,novela romántica,novela romántica,novela romántica,novela romántica,novela romántica
4711,subgenre-current,novela romántica,novela naturalista,80,,7,1,nh0226,novela romántica,novela romántica,novela romántica,novela romántica,novela romántica,novela romántica,novela romántica,novela romántica,novela romántica,novela romántica,novela romántica
4712,subgenre-current,novela romántica,novela naturalista,80,,7,1,nh0227,novela romántica,novela romántica,novela romántica,novela romántica,novela romántica,novela romántica,novela romántica,novela romántica,novela romántica,novela romántica,novela romántica
4713,subgenre-current,novela romántica,novela naturalista,80,,7,1,nh0229,novela naturalista,novela naturalista,novela naturalista,novela naturalista,novela naturalista,novela naturalista,novela naturalista,novela naturalista,novela naturalista,novela naturalista,novela naturalista
4714,subgenre-current,novela romántica,novela naturalista,80,,7,1,nh0246,novela romántica,novela romántica,novela romántica,novela romántica,novela romántica,novela romántica,novela romántica,novela romántica,novela romántica,novela romántica,novela romántica
4715,subgenre-current,novela romántica,novela naturalista,80,,7,1,nh0249,novela romántica,novela romántica,novela romántica,novela romántica,novela romántica,novela romántica,novela romántica,novela romántica,novela romántica,novela romántica,novela romántica
4716,subgenre-current,novela romántica,novela naturalista,80,,7,1,nh0253,novela romántica,novela romántica,novela romántica,novela romántica,novela romántica,novela romántica,novela romántica,novela romántica,novela romántica,novela romántica,novela romántica
4717,subgenre-current,novela romántica,novela naturalista,80,,7,1,nh0254,novela naturalista,novela naturalista,novela naturalista,novela naturalista,novela naturalista,novela naturalista,novela naturalista,novela naturalista,novela naturalista,novela naturalista,novela naturalista
4718,subgenre-current,novela romántica,novela naturalista,80,,7,1,nh0255,novela naturalista,novela naturalista,novela naturalista,novela naturalista,novela naturalista,novela naturalista,novela naturalista,novela naturalista,novela naturalista,novela naturalista,novela naturalista
4719,subgenre-current,novela romántica,novela naturalista,80,,7,1,nh0256,novela naturalista,novela naturalista,novela naturalista,novela naturalista,novela naturalista,novela naturalista,novela naturalista,novela naturalista,novela naturalista,novela naturalista,novela naturalista
4720,subgenre-current,novela romántica,novela naturalista,80,,8,1,nh0007,novela romántica,novela romántica,novela romántica,novela romántica,novela romántica,novela romántica,novela romántica,novela romántica,novela romántica,novela romántica,novela romántica
4721,subgenre-current,novela romántica,novela naturalista,80,,8,1,nh0009,novela romántica,novela romántica,novela romántica,novela romántica,novela romántica,novela romántica,novela romántica,novela romántica,novela romántica,novela romántica,novela romántica
4722,subgenre-current,novela romántica,novela naturalista,80,,8,1,nh0011,novela naturalista,novela naturalista,novela naturalista,novela naturalista,novela naturalista,novela naturalista,novela naturalista,novela naturalista,novela naturalista,novela naturalista,novela naturalista
4723,subgenre-current,novela romántica,novela naturalista,80,,8,1,nh0012,novela naturalista,novela naturalista,novela naturalista,novela naturalista,novela naturalista,novela naturalista,novela naturalista,novela naturalista,novela naturalista,novela naturalista,novela naturalista
4724,subgenre-current,novela romántica,novela naturalista,80,,8,1,nh0013,novela naturalista,novela naturalista,novela naturalista,novela naturalista,novela naturalista,novela naturalista,novela naturalista,novela naturalista,novela naturalista,novela naturalista,novela naturalista
4725,subgenre-current,novela romántica,novela naturalista,80,,8,1,nh0016,novela romántica,novela romántica,novela romántica,novela romántica,novela romántica,novela romántica,novela romántica,novela romántica,novela romántica,novela romántica,novela romántica
4726,subgenre-current,novela romántica,novela naturalista,80,,8,1,nh0017,novela romántica,novela romántica,novela romántica,novela romántica,novela romántica,novela romántica,novela romántica,novela romántica,novela romántica,novela romántica,novela romántica
4727,subgenre-current,novela romántica,novela naturalista,80,,8,1,nh0019,novela naturalista,novela naturalista,novela naturalista,novela naturalista,novela naturalista,novela naturalista,novela naturalista,novela naturalista,novela naturalista,novela naturalista,novela naturalista
4728,subgenre-current,novela romántica,novela naturalista,80,,8,1,nh0022,novela naturalista,novela naturalista,novela romántica,novela naturalista,novela naturalista,novela naturalista,novela naturalista,novela naturalista,novela naturalista,novela naturalista,novela naturalista
4729,subgenre-current,novela romántica,novela naturalista,80,,8,1,nh0024,novela romántica,novela romántica,novela romántica,novela romántica,novela romántica,novela romántica,novela romántica,novela romántica,novela romántica,novela romántica,novela romántica
4730,subgenre-current,novela romántica,novela naturalista,80,,8,1,nh0026,novela romántica,novela romántica,novela romántica,novela romántica,novela romántica,novela romántica,novela romántica,novela romántica,novela romántica,novela romántica,novela romántica
4731,subgenre-current,novela romántica,novela naturalista,80,,8,1,nh0028,novela naturalista,novela naturalista,novela romántica,novela naturalista,novela naturalista,novela naturalista,novela naturalista,novela naturalista,novela naturalista,novela naturalista,novela naturalista
4732,subgenre-current,novela romántica,novela naturalista,80,,8,1,nh0029,novela naturalista,novela naturalista,novela naturalista,novela naturalista,novela naturalista,novela naturalista,novela naturalista,novela naturalista,novela naturalista,novela naturalista,novela naturalista
4733,subgenre-current,novela romántica,novela naturalista,80,,8,1,nh0030,novela naturalista,novela naturalista,novela naturalista,novela naturalista,novela naturalista,novela naturalista,novela naturalista,novela naturalista,novela naturalista,novela naturalista,novela naturalista
4734,subgenre-current,novela romántica,novela naturalista,80,,8,1,nh0031,novela naturalista,novela naturalista,novela naturalista,novela naturalista,novela naturalista,novela naturalista,novela naturalista,novela naturalista,novela naturalista,novela naturalista,novela naturalista
4735,subgenre-current,novela romántica,novela naturalista,80,,8,1,nh0032,novela naturalista,novela naturalista,novela naturalista,novela naturalista,novela naturalista,novela naturalista,novela naturalista,novela naturalista,novela naturalista,novela naturalista,novela naturalista
4736,subgenre-current,novela romántica,novela naturalista,80,,8,1,nh0033,novela naturalista,novela naturalista,novela naturalista,novela naturalista,novela naturalista,novela naturalista,novela naturalista,novela naturalista,novela naturalista,novela naturalista,novela naturalista
4737,subgenre-current,novela romántica,novela naturalista,80,,8,1,nh0034,novela naturalista,novela naturalista,novela naturalista,novela naturalista,novela naturalista,novela naturalista,novela naturalista,novela naturalista,novela naturalista,novela naturalista,novela naturalista
4738,subgenre-current,novela romántica,novela naturalista,80,,8,1,nh0037,novela romántica,novela romántica,novela romántica,novela romántica,novela romántica,novela romántica,novela romántica,novela romántica,novela romántica,novela romántica,novela romántica
4739,subgenre-current,novela romántica,novela naturalista,80,,8,1,nh0038,novela naturalista,novela naturalista,novela naturalista,novela naturalista,novela naturalista,novela naturalista,novela naturalista,novela naturalista,novela naturalista,novela naturalista,novela naturalista
4740,subgenre-current,novela romántica,novela naturalista,80,,8,1,nh0039,novela naturalista,novela naturalista,novela naturalista,novela naturalista,novela naturalista,novela naturalista,novela naturalista,novela naturalista,novela naturalista,novela naturalista,novela naturalista
4741,subgenre-current,novela romántica,novela naturalista,80,,8,1,nh0045,novela romántica,novela romántica,novela romántica,novela romántica,novela romántica,novela romántica,novela romántica,novela romántica,novela romántica,novela romántica,novela romántica
4742,subgenre-current,novela romántica,novela naturalista,80,,8,1,nh0050,novela romántica,novela romántica,novela romántica,novela romántica,novela romántica,novela romántica,novela romántica,novela romántica,novela romántica,novela romántica,novela romántica
4743,subgenre-current,novela romántica,novela naturalista,80,,8,1,nh0057,novela naturalista,novela naturalista,novela naturalista,novela naturalista,novela naturalista,novela naturalista,novela naturalista,novela naturalista,novela naturalista,novela naturalista,novela naturalista
4744,subgenre-current,novela romántica,novela naturalista,80,,8,1,nh0058,novela naturalista,novela naturalista,novela naturalista,novela naturalista,novela naturalista,novela naturalista,novela naturalista,novela naturalista,novela naturalista,novela naturalista,novela naturalista
4745,subgenre-current,novela romántica,novela naturalista,80,,8,1,nh0059,novela naturalista,novela naturalista,novela naturalista,novela naturalista,novela naturalista,novela naturalista,novela naturalista,novela naturalista,novela naturalista,novela naturalista,novela naturalista
4746,subgenre-current,novela romántica,novela naturalista,80,,8,1,nh0060,novela naturalista,novela naturalista,novela naturalista,novela naturalista,novela naturalista,novela naturalista,novela naturalista,novela naturalista,novela naturalista,novela naturalista,novela naturalista
4747,subgenre-current,novela romántica,novela naturalista,80,,8,1,nh0065,novela romántica,novela romántica,novela romántica,novela romántica,novela romántica,novela romántica,novela romántica,novela romántica,novela romántica,novela romántica,novela romántica
4748,subgenre-current,novela romántica,novela naturalista,80,,8,1,nh0069,novela romántica,novela romántica,novela romántica,novela romántica,novela romántica,novela romántica,novela romántica,novela romántica,novela romántica,novela romántica,novela romántica
4749,subgenre-current,novela romántica,novela naturalista,80,,8,1,nh0072,novela romántica,novela romántica,novela romántica,novela romántica,novela romántica,novela romántica,novela romántica,novela romántica,novela romántica,novela romántica,novela romántica
4750,subgenre-current,novela romántica,novela naturalista,80,,8,1,nh0074,novela naturalista,novela naturalista,novela naturalista,novela naturalista,novela naturalista,novela naturalista,novela naturalista,novela naturalista,novela naturalista,novela naturalista,novela naturalista
4751,subgenre-current,novela romántica,novela naturalista,80,,8,1,nh0076,novela naturalista,novela naturalista,novela naturalista,novela naturalista,novela naturalista,novela naturalista,novela naturalista,novela naturalista,novela naturalista,novela naturalista,novela naturalista
4752,subgenre-current,novela romántica,novela naturalista,80,,8,1,nh0080,novela naturalista,novela naturalista,novela naturalista,novela naturalista,novela naturalista,novela naturalista,novela naturalista,novela naturalista,novela naturalista,novela naturalista,novela naturalista
4753,subgenre-current,novela romántica,novela naturalista,80,,8,1,nh0088,novela naturalista,novela naturalista,novela naturalista,novela naturalista,novela naturalista,novela naturalista,novela naturalista,novela naturalista,novela naturalista,novela naturalista,novela naturalista
4754,subgenre-current,novela romántica,novela naturalista,80,,8,1,nh0090,novela naturalista,novela naturalista,novela naturalista,novela naturalista,novela naturalista,novela naturalista,novela romántica,novela naturalista,novela naturalista,novela naturalista,novela naturalista
4755,subgenre-current,novela romántica,novela naturalista,80,,8,1,nh0095,novela romántica,novela romántica,novela romántica,novela romántica,novela romántica,novela romántica,novela romántica,novela romántica,novela romántica,novela romántica,novela romántica
4756,subgenre-current,novela romántica,novela naturalista,80,,8,1,nh0102,novela romántica,novela romántica,novela romántica,novela romántica,novela romántica,novela romántica,novela romántica,novela romántica,novela romántica,novela romántica,novela romántica
4757,subgenre-current,novela romántica,novela naturalista,80,,8,1,nh0105,novela romántica,novela romántica,novela romántica,novela romántica,novela romántica,novela romántica,novela romántica,novela romántica,novela romántica,novela romántica,novela romántica
4758,subgenre-current,novela romántica,novela naturalista,80,,8,1,nh0108,novela romántica,novela romántica,novela romántica,novela romántica,novela romántica,novela romántica,novela romántica,novela romántica,novela romántica,novela romántica,novela romántica
4759,subgenre-current,novela romántica,novela naturalista,80,,8,1,nh0109,novela naturalista,novela naturalista,novela naturalista,novela naturalista,novela naturalista,novela naturalista,novela naturalista,novela naturalista,novela naturalista,novela naturalista,novela naturalista
4760,subgenre-current,novela romántica,novela naturalista,80,,8,1,nh0111,novela romántica,novela romántica,novela romántica,novela romántica,novela romántica,novela romántica,novela romántica,novela romántica,novela romántica,novela romántica,novela romántica
4761,subgenre-current,novela romántica,novela naturalista,80,,8,1,nh0114,novela naturalista,novela naturalista,novela naturalista,novela naturalista,novela naturalista,novela naturalista,novela naturalista,novela naturalista,novela naturalista,novela naturalista,novela naturalista
4762,subgenre-current,novela romántica,novela naturalista,80,,8,1,nh0116,novela romántica,novela romántica,novela romántica,novela romántica,novela romántica,novela romántica,novela romántica,novela romántica,novela romántica,novela romántica,novela romántica
4763,subgenre-current,novela romántica,novela naturalista,80,,8,1,nh0120,novela romántica,novela romántica,novela romántica,novela romántica,novela romántica,novela romántica,novela romántica,novela romántica,novela romántica,novela romántica,novela romántica
4764,subgenre-current,novela romántica,novela naturalista,80,,8,1,nh0122,novela romántica,novela romántica,novela romántica,novela romántica,novela romántica,novela romántica,novela romántica,novela romántica,novela romántica,novela romántica,novela romántica
4765,subgenre-current,novela romántica,novela naturalista,80,,8,1,nh0125,novela romántica,novela romántica,novela romántica,novela romántica,novela romántica,novela romántica,novela romántica,novela romántica,novela romántica,novela romántica,novela romántica
4766,subgenre-current,novela romántica,novela naturalista,80,,8,1,nh0131,novela romántica,novela romántica,novela romántica,novela romántica,novela romántica,novela romántica,novela romántica,novela romántica,novela romántica,novela romántica,novela romántica
4767,subgenre-current,novela romántica,novela naturalista,80,,8,1,nh0136,novela naturalista,novela naturalista,novela naturalista,novela naturalista,novela naturalista,novela naturalista,novela naturalista,novela naturalista,novela naturalista,novela naturalista,novela naturalista
4768,subgenre-current,novela romántica,novela naturalista,80,,8,1,nh0138,novela romántica,novela romántica,novela romántica,novela romántica,novela romántica,novela romántica,novela romántica,novela romántica,novela romántica,novela romántica,novela romántica
4769,subgenre-current,novela romántica,novela naturalista,80,,8,1,nh0144,novela romántica,novela romántica,novela romántica,novela romántica,novela romántica,novela romántica,novela romántica,novela romántica,novela romántica,novela romántica,novela romántica
4770,subgenre-current,novela romántica,novela naturalista,80,,8,1,nh0149,novela romántica,novela romántica,novela romántica,novela romántica,novela romántica,novela romántica,novela romántica,novela romántica,novela romántica,novela romántica,novela romántica
4771,subgenre-current,novela romántica,novela naturalista,80,,8,1,nh0151,novela romántica,novela romántica,novela romántica,novela romántica,novela romántica,novela romántica,novela romántica,novela romántica,novela romántica,novela romántica,novela romántica
4772,subgenre-current,novela romántica,novela naturalista,80,,8,1,nh0152,novela romántica,novela romántica,novela romántica,novela romántica,novela romántica,novela romántica,novela romántica,novela romántica,novela romántica,novela romántica,novela romántica
4773,subgenre-current,novela romántica,novela naturalista,80,,8,1,nh0155,novela naturalista,novela naturalista,novela naturalista,novela naturalista,novela naturalista,novela naturalista,novela naturalista,novela naturalista,novela naturalista,novela naturalista,novela naturalista
4774,subgenre-current,novela romántica,novela naturalista,80,,8,1,nh0156,novela romántica,novela romántica,novela romántica,novela romántica,novela romántica,novela romántica,novela romántica,novela romántica,novela romántica,novela romántica,novela romántica
4775,subgenre-current,novela romántica,novela naturalista,80,,8,1,nh0162,novela romántica,novela romántica,novela romántica,novela romántica,novela romántica,novela romántica,novela romántica,novela romántica,novela romántica,novela romántica,novela romántica
4776,subgenre-current,novela romántica,novela naturalista,80,,8,1,nh0163,novela naturalista,novela naturalista,novela naturalista,novela naturalista,novela naturalista,novela naturalista,novela naturalista,novela naturalista,novela naturalista,novela naturalista,novela naturalista
4777,subgenre-current,novela romántica,novela naturalista,80,,8,1,nh0164,novela naturalista,novela naturalista,novela naturalista,novela naturalista,novela naturalista,novela naturalista,novela naturalista,novela naturalista,novela naturalista,novela naturalista,novela naturalista
4778,subgenre-current,novela romántica,novela naturalista,80,,8,1,nh0167,novela romántica,novela romántica,novela romántica,novela romántica,novela romántica,novela romántica,novela romántica,novela romántica,novela romántica,novela romántica,novela romántica
4779,subgenre-current,novela romántica,novela naturalista,80,,8,1,nh0171,novela romántica,novela romántica,novela romántica,novela romántica,novela romántica,novela romántica,novela romántica,novela romántica,novela romántica,novela romántica,novela romántica
4780,subgenre-current,novela romántica,novela naturalista,80,,8,1,nh0177,novela naturalista,novela naturalista,novela naturalista,novela naturalista,novela naturalista,novela naturalista,novela naturalista,novela naturalista,novela naturalista,novela naturalista,novela naturalista
4781,subgenre-current,novela romántica,novela naturalista,80,,8,1,nh0178,novela romántica,novela romántica,novela romántica,novela romántica,novela romántica,novela romántica,novela romántica,novela romántica,novela romántica,novela romántica,novela romántica
4782,subgenre-current,novela romántica,novela naturalista,80,,8,1,nh0179,novela naturalista,novela naturalista,novela naturalista,novela naturalista,novela naturalista,novela naturalista,novela naturalista,novela naturalista,novela naturalista,novela naturalista,novela naturalista
4783,subgenre-current,novela romántica,novela naturalista,80,,8,1,nh0181,novela romántica,novela romántica,novela romántica,novela romántica,novela romántica,novela romántica,novela romántica,novela romántica,novela romántica,novela romántica,novela romántica
4784,subgenre-current,novela romántica,novela naturalista,80,,8,1,nh0188,novela romántica,novela romántica,novela romántica,novela romántica,novela romántica,novela romántica,novela romántica,novela romántica,novela romántica,novela romántica,novela romántica
4785,subgenre-current,novela romántica,novela naturalista,80,,8,1,nh0189,novela naturalista,novela naturalista,novela naturalista,novela naturalista,novela naturalista,novela naturalista,novela naturalista,novela naturalista,novela naturalista,novela naturalista,novela naturalista
4786,subgenre-current,novela romántica,novela naturalista,80,,8,1,nh0190,novela naturalista,novela naturalista,novela naturalista,novela naturalista,novela naturalista,novela naturalista,novela naturalista,novela naturalista,novela naturalista,novela naturalista,novela naturalista
4787,subgenre-current,novela romántica,novela naturalista,80,,8,1,nh0191,novela naturalista,novela naturalista,novela naturalista,novela naturalista,novela naturalista,novela naturalista,novela naturalista,novela naturalista,novela naturalista,novela naturalista,novela naturalista
4788,subgenre-current,novela romántica,novela naturalista,80,,8,1,nh0192,novela naturalista,novela naturalista,novela naturalista,novela naturalista,novela naturalista,novela naturalista,novela naturalista,novela naturalista,novela naturalista,novela naturalista,novela naturalista
4789,subgenre-current,novela romántica,novela naturalista,80,,8,1,nh0193,novela naturalista,novela naturalista,novela naturalista,novela naturalista,novela naturalista,novela naturalista,novela naturalista,novela naturalista,novela naturalista,novela naturalista,novela naturalista
4790,subgenre-current,novela romántica,novela naturalista,80,,8,1,nh0194,novela naturalista,novela naturalista,novela naturalista,novela naturalista,novela naturalista,novela naturalista,novela naturalista,novela naturalista,novela naturalista,novela naturalista,novela naturalista
4791,subgenre-current,novela romántica,novela naturalista,80,,8,1,nh0195,novela romántica,novela romántica,novela romántica,novela romántica,novela romántica,novela romántica,novela romántica,novela romántica,novela romántica,novela romántica,novela romántica
4792,subgenre-current,novela romántica,novela naturalista,80,,8,1,nh0196,novela romántica,novela romántica,novela romántica,novela romántica,novela romántica,novela romántica,novela romántica,novela romántica,novela romántica,novela romántica,novela romántica
4793,subgenre-current,novela romántica,novela naturalista,80,,8,1,nh0197,novela romántica,novela romántica,novela romántica,novela romántica,novela romántica,novela romántica,novela romántica,novela romántica,novela romántica,novela romántica,novela romántica
4794,subgenre-current,novela romántica,novela naturalista,80,,8,1,nh0201,novela romántica,novela romántica,novela romántica,novela romántica,novela romántica,novela romántica,novela romántica,novela romántica,novela romántica,novela naturalista,novela romántica
4795,subgenre-current,novela romántica,novela naturalista,80,,8,1,nh0203,novela romántica,novela romántica,novela romántica,novela romántica,novela romántica,novela romántica,novela romántica,novela romántica,novela romántica,novela romántica,novela romántica
4796,subgenre-current,novela romántica,novela naturalista,80,,8,1,nh0205,novela naturalista,novela naturalista,novela naturalista,novela naturalista,novela naturalista,novela naturalista,novela naturalista,novela naturalista,novela naturalista,novela naturalista,novela naturalista
4797,subgenre-current,novela romántica,novela naturalista,80,,8,1,nh0206,novela naturalista,novela naturalista,novela naturalista,novela naturalista,novela naturalista,novela naturalista,novela naturalista,novela naturalista,novela naturalista,novela romántica,novela naturalista
4798,subgenre-current,novela romántica,novela naturalista,80,,8,1,nh0217,novela naturalista,novela naturalista,novela naturalista,novela naturalista,novela naturalista,novela naturalista,novela naturalista,novela naturalista,novela naturalista,novela naturalista,novela naturalista
4799,subgenre-current,novela romántica,novela naturalista,80,,8,1,nh0219,novela romántica,novela romántica,novela romántica,novela romántica,novela romántica,novela romántica,novela romántica,novela romántica,novela romántica,novela romántica,novela romántica
4800,subgenre-current,novela romántica,novela naturalista,80,,8,1,nh0223,novela naturalista,novela naturalista,novela naturalista,novela naturalista,novela naturalista,novela naturalista,novela naturalista,novela naturalista,novela naturalista,novela naturalista,novela naturalista
4801,subgenre-current,novela romántica,novela naturalista,80,,8,1,nh0226,novela romántica,novela romántica,novela romántica,novela romántica,novela romántica,novela romántica,novela romántica,novela romántica,novela romántica,novela romántica,novela romántica
4802,subgenre-current,novela romántica,novela naturalista,80,,8,1,nh0227,novela romántica,novela romántica,novela romántica,novela romántica,novela romántica,novela romántica,novela romántica,novela romántica,novela romántica,novela romántica,novela romántica
4803,subgenre-current,novela romántica,novela naturalista,80,,8,1,nh0229,novela naturalista,novela naturalista,novela naturalista,novela naturalista,novela naturalista,novela naturalista,novela naturalista,novela naturalista,novela naturalista,novela naturalista,novela naturalista
4804,subgenre-current,novela romántica,novela naturalista,80,,8,1,nh0247,novela romántica,novela romántica,novela romántica,novela romántica,novela romántica,novela romántica,novela romántica,novela romántica,novela romántica,novela romántica,novela romántica
4805,subgenre-current,novela romántica,novela naturalista,80,,8,1,nh0248,novela romántica,novela romántica,novela romántica,novela romántica,novela romántica,novela romántica,novela romántica,novela romántica,novela romántica,novela romántica,novela naturalista
4806,subgenre-current,novela romántica,novela naturalista,80,,8,1,nh0253,novela romántica,novela romántica,novela romántica,novela romántica,novela romántica,novela romántica,novela romántica,novela romántica,novela romántica,novela romántica,novela romántica
4807,subgenre-current,novela romántica,novela naturalista,80,,8,1,nh0254,novela naturalista,novela naturalista,novela naturalista,novela naturalista,novela naturalista,novela naturalista,novela naturalista,novela naturalista,novela naturalista,novela naturalista,novela naturalista
4808,subgenre-current,novela romántica,novela naturalista,80,,8,1,nh0255,novela naturalista,novela naturalista,novela naturalista,novela naturalista,novela naturalista,novela naturalista,novela naturalista,novela naturalista,novela naturalista,novela naturalista,novela naturalista
4809,subgenre-current,novela romántica,novela naturalista,80,,8,1,nh0256,novela naturalista,novela naturalista,novela naturalista,novela naturalista,novela naturalista,novela naturalista,novela naturalista,novela naturalista,novela naturalista,novela naturalista,novela naturalista
4810,subgenre-current,novela romántica,novela naturalista,80,,9,1,nh0003,novela romántica,novela romántica,novela romántica,novela romántica,novela romántica,novela romántica,novela romántica,novela romántica,novela romántica,novela romántica,novela romántica
4811,subgenre-current,novela romántica,novela naturalista,80,,9,1,nh0005,novela romántica,novela romántica,novela romántica,novela romántica,novela romántica,novela romántica,novela romántica,novela romántica,novela romántica,novela romántica,novela romántica
4812,subgenre-current,novela romántica,novela naturalista,80,,9,1,nh0006,novela romántica,novela romántica,novela romántica,novela romántica,novela romántica,novela romántica,novela romántica,novela romántica,novela romántica,novela romántica,novela romántica
4813,subgenre-current,novela romántica,novela naturalista,80,,9,1,nh0007,novela romántica,novela romántica,novela romántica,novela romántica,novela romántica,novela romántica,novela romántica,novela romántica,novela romántica,novela romántica,novela romántica
4814,subgenre-current,novela romántica,novela naturalista,80,,9,1,nh0011,novela naturalista,novela naturalista,novela naturalista,novela naturalista,novela naturalista,novela naturalista,novela naturalista,novela naturalista,novela naturalista,novela naturalista,novela naturalista
4815,subgenre-current,novela romántica,novela naturalista,80,,9,1,nh0012,novela naturalista,novela naturalista,novela naturalista,novela naturalista,novela naturalista,novela naturalista,novela naturalista,novela naturalista,novela naturalista,novela naturalista,novela naturalista
4816,subgenre-current,novela romántica,novela naturalista,80,,9,1,nh0013,novela naturalista,novela naturalista,novela naturalista,novela naturalista,novela naturalista,novela naturalista,novela naturalista,novela naturalista,novela naturalista,novela naturalista,novela naturalista
4817,subgenre-current,novela romántica,novela naturalista,80,,9,1,nh0017,novela romántica,novela romántica,novela romántica,novela romántica,novela romántica,novela romántica,novela romántica,novela romántica,novela romántica,novela romántica,novela romántica
4818,subgenre-current,novela romántica,novela naturalista,80,,9,1,nh0019,novela naturalista,novela naturalista,novela naturalista,novela naturalista,novela naturalista,novela naturalista,novela naturalista,novela naturalista,novela naturalista,novela naturalista,novela naturalista
4819,subgenre-current,novela romántica,novela naturalista,80,,9,1,nh0021,novela romántica,novela romántica,novela naturalista,novela romántica,novela romántica,novela romántica,novela romántica,novela romántica,novela romántica,novela romántica,novela romántica
4820,subgenre-current,novela romántica,novela naturalista,80,,9,1,nh0022,novela naturalista,novela naturalista,novela naturalista,novela naturalista,novela naturalista,novela naturalista,novela naturalista,novela naturalista,novela naturalista,novela naturalista,novela naturalista
4821,subgenre-current,novela romántica,novela naturalista,80,,9,1,nh0024,novela romántica,novela romántica,novela romántica,novela romántica,novela romántica,novela romántica,novela romántica,novela romántica,novela romántica,novela romántica,novela romántica
4822,subgenre-current,novela romántica,novela naturalista,80,,9,1,nh0025,novela romántica,novela romántica,novela romántica,novela romántica,novela romántica,novela romántica,novela romántica,novela romántica,novela romántica,novela romántica,novela romántica
4823,subgenre-current,novela romántica,novela naturalista,80,,9,1,nh0026,novela romántica,novela romántica,novela romántica,novela romántica,novela romántica,novela romántica,novela romántica,novela romántica,novela romántica,novela romántica,novela romántica
4824,subgenre-current,novela romántica,novela naturalista,80,,9,1,nh0028,novela naturalista,novela naturalista,novela romántica,novela naturalista,novela naturalista,novela naturalista,novela naturalista,novela naturalista,novela naturalista,novela naturalista,novela naturalista
4825,subgenre-current,novela romántica,novela naturalista,80,,9,1,nh0029,novela naturalista,novela naturalista,novela naturalista,novela naturalista,novela naturalista,novela naturalista,novela naturalista,novela naturalista,novela naturalista,novela naturalista,novela naturalista
4826,subgenre-current,novela romántica,novela naturalista,80,,9,1,nh0030,novela naturalista,novela naturalista,novela naturalista,novela naturalista,novela naturalista,novela naturalista,novela naturalista,novela naturalista,novela naturalista,novela naturalista,novela naturalista
4827,subgenre-current,novela romántica,novela naturalista,80,,9,1,nh0031,novela naturalista,novela naturalista,novela naturalista,novela naturalista,novela naturalista,novela naturalista,novela naturalista,novela naturalista,novela naturalista,novela naturalista,novela naturalista
4828,subgenre-current,novela romántica,novela naturalista,80,,9,1,nh0032,novela naturalista,novela naturalista,novela naturalista,novela naturalista,novela naturalista,novela naturalista,novela naturalista,novela naturalista,novela naturalista,novela naturalista,novela naturalista
4829,subgenre-current,novela romántica,novela naturalista,80,,9,1,nh0033,novela naturalista,novela naturalista,novela naturalista,novela naturalista,novela naturalista,novela naturalista,novela naturalista,novela naturalista,novela naturalista,novela naturalista,novela naturalista
4830,subgenre-current,novela romántica,novela naturalista,80,,9,1,nh0034,novela naturalista,novela naturalista,novela naturalista,novela naturalista,novela naturalista,novela naturalista,novela naturalista,novela naturalista,novela naturalista,novela naturalista,novela naturalista
4831,subgenre-current,novela romántica,novela naturalista,80,,9,1,nh0037,novela romántica,novela romántica,novela romántica,novela romántica,novela romántica,novela romántica,novela romántica,novela romántica,novela romántica,novela romántica,novela romántica
4832,subgenre-current,novela romántica,novela naturalista,80,,9,1,nh0038,novela naturalista,novela naturalista,novela naturalista,novela naturalista,novela naturalista,novela naturalista,novela naturalista,novela naturalista,novela naturalista,novela naturalista,novela naturalista
4833,subgenre-current,novela romántica,novela naturalista,80,,9,1,nh0039,novela naturalista,novela naturalista,novela naturalista,novela naturalista,novela naturalista,novela naturalista,novela naturalista,novela naturalista,novela naturalista,novela naturalista,novela naturalista
4834,subgenre-current,novela romántica,novela naturalista,80,,9,1,nh0040,novela romántica,novela romántica,novela romántica,novela romántica,novela romántica,novela romántica,novela romántica,novela romántica,novela romántica,novela romántica,novela romántica
4835,subgenre-current,novela romántica,novela naturalista,80,,9,1,nh0043,novela romántica,novela romántica,novela romántica,novela romántica,novela romántica,novela romántica,novela romántica,novela romántica,novela romántica,novela romántica,novela romántica
4836,subgenre-current,novela romántica,novela naturalista,80,,9,1,nh0045,novela romántica,novela romántica,novela romántica,novela romántica,novela romántica,novela romántica,novela romántica,novela romántica,novela romántica,novela romántica,novela romántica
4837,subgenre-current,novela romántica,novela naturalista,80,,9,1,nh0049,novela romántica,novela romántica,novela romántica,novela romántica,novela romántica,novela romántica,novela romántica,novela romántica,novela romántica,novela romántica,novela romántica
4838,subgenre-current,novela romántica,novela naturalista,80,,9,1,nh0050,novela romántica,novela romántica,novela romántica,novela romántica,novela romántica,novela romántica,novela romántica,novela romántica,novela romántica,novela romántica,novela romántica
4839,subgenre-current,novela romántica,novela naturalista,80,,9,1,nh0054,novela romántica,novela romántica,novela romántica,novela romántica,novela romántica,novela romántica,novela romántica,novela romántica,novela romántica,novela romántica,novela romántica
4840,subgenre-current,novela romántica,novela naturalista,80,,9,1,nh0055,novela romántica,novela romántica,novela romántica,novela romántica,novela romántica,novela romántica,novela romántica,novela romántica,novela romántica,novela romántica,novela romántica
4841,subgenre-current,novela romántica,novela naturalista,80,,9,1,nh0057,novela naturalista,novela naturalista,novela naturalista,novela naturalista,novela naturalista,novela naturalista,novela naturalista,novela naturalista,novela naturalista,novela naturalista,novela naturalista
4842,subgenre-current,novela romántica,novela naturalista,80,,9,1,nh0058,novela naturalista,novela naturalista,novela naturalista,novela naturalista,novela naturalista,novela naturalista,novela naturalista,novela naturalista,novela naturalista,novela naturalista,novela naturalista
4843,subgenre-current,novela romántica,novela naturalista,80,,9,1,nh0059,novela naturalista,novela naturalista,novela naturalista,novela naturalista,novela naturalista,novela naturalista,novela naturalista,novela naturalista,novela naturalista,novela naturalista,novela naturalista
4844,subgenre-current,novela romántica,novela naturalista,80,,9,1,nh0060,novela naturalista,novela naturalista,novela naturalista,novela naturalista,novela naturalista,novela naturalista,novela naturalista,novela naturalista,novela naturalista,novela naturalista,novela naturalista
4845,subgenre-current,novela romántica,novela naturalista,80,,9,1,nh0073,novela romántica,novela romántica,novela romántica,novela romántica,novela romántica,novela romántica,novela romántica,novela romántica,novela romántica,novela romántica,novela romántica
4846,subgenre-current,novela romántica,novela naturalista,80,,9,1,nh0074,novela naturalista,novela naturalista,novela naturalista,novela naturalista,novela naturalista,novela naturalista,novela naturalista,novela naturalista,novela naturalista,novela naturalista,novela naturalista
4847,subgenre-current,novela romántica,novela naturalista,80,,9,1,nh0076,novela naturalista,novela naturalista,novela naturalista,novela naturalista,novela naturalista,novela naturalista,novela naturalista,novela naturalista,novela naturalista,novela naturalista,novela naturalista
4848,subgenre-current,novela romántica,novela naturalista,80,,9,1,nh0080,novela naturalista,novela naturalista,novela naturalista,novela naturalista,novela naturalista,novela naturalista,novela naturalista,novela naturalista,novela naturalista,novela naturalista,novela naturalista
4849,subgenre-current,novela romántica,novela naturalista,80,,9,1,nh0082,novela romántica,novela romántica,novela romántica,novela romántica,novela naturalista,novela romántica,novela romántica,novela romántica,novela romántica,novela romántica,novela romántica
4850,subgenre-current,novela romántica,novela naturalista,80,,9,1,nh0088,novela naturalista,novela naturalista,novela naturalista,novela naturalista,novela naturalista,novela naturalista,novela naturalista,novela naturalista,novela naturalista,novela naturalista,novela naturalista
4851,subgenre-current,novela romántica,novela naturalista,80,,9,1,nh0090,novela naturalista,novela naturalista,novela naturalista,novela naturalista,novela naturalista,novela naturalista,novela romántica,novela naturalista,novela naturalista,novela naturalista,novela naturalista
4852,subgenre-current,novela romántica,novela naturalista,80,,9,1,nh0092,novela romántica,novela romántica,novela romántica,novela romántica,novela romántica,novela romántica,novela romántica,novela romántica,novela romántica,novela romántica,novela romántica
4853,subgenre-current,novela romántica,novela naturalista,80,,9,1,nh0094,novela romántica,novela romántica,novela romántica,novela romántica,novela romántica,novela romántica,novela romántica,novela romántica,novela romántica,novela romántica,novela romántica
4854,subgenre-current,novela romántica,novela naturalista,80,,9,1,nh0096,novela romántica,novela romántica,novela romántica,novela romántica,novela romántica,novela romántica,novela romántica,novela romántica,novela romántica,novela romántica,novela romántica
4855,subgenre-current,novela romántica,novela naturalista,80,,9,1,nh0104,novela romántica,novela romántica,novela romántica,novela romántica,novela romántica,novela romántica,novela romántica,novela romántica,novela romántica,novela romántica,novela romántica
4856,subgenre-current,novela romántica,novela naturalista,80,,9,1,nh0109,novela naturalista,novela naturalista,novela naturalista,novela naturalista,novela naturalista,novela naturalista,novela naturalista,novela naturalista,novela naturalista,novela naturalista,novela naturalista
4857,subgenre-current,novela romántica,novela naturalista,80,,9,1,nh0113,novela romántica,novela romántica,novela romántica,novela romántica,novela romántica,novela romántica,novela romántica,novela romántica,novela romántica,novela romántica,novela romántica
4858,subgenre-current,novela romántica,novela naturalista,80,,9,1,nh0114,novela naturalista,novela naturalista,novela naturalista,novela naturalista,novela naturalista,novela naturalista,novela naturalista,novela naturalista,novela naturalista,novela naturalista,novela naturalista
4859,subgenre-current,novela romántica,novela naturalista,80,,9,1,nh0120,novela romántica,novela romántica,novela romántica,novela romántica,novela romántica,novela romántica,novela romántica,novela romántica,novela romántica,novela romántica,novela romántica
4860,subgenre-current,novela romántica,novela naturalista,80,,9,1,nh0121,novela romántica,novela romántica,novela romántica,novela romántica,novela romántica,novela romántica,novela romántica,novela romántica,novela romántica,novela romántica,novela romántica
4861,subgenre-current,novela romántica,novela naturalista,80,,9,1,nh0124,novela romántica,novela romántica,novela romántica,novela romántica,novela romántica,novela romántica,novela romántica,novela romántica,novela romántica,novela romántica,novela romántica
4862,subgenre-current,novela romántica,novela naturalista,80,,9,1,nh0125,novela romántica,novela romántica,novela romántica,novela romántica,novela romántica,novela romántica,novela romántica,novela romántica,novela romántica,novela romántica,novela romántica
4863,subgenre-current,novela romántica,novela naturalista,80,,9,1,nh0126,novela romántica,novela romántica,novela romántica,novela romántica,novela romántica,novela romántica,novela romántica,novela romántica,novela romántica,novela romántica,novela romántica
4864,subgenre-current,novela romántica,novela naturalista,80,,9,1,nh0136,novela naturalista,novela naturalista,novela naturalista,novela naturalista,novela naturalista,novela naturalista,novela naturalista,novela naturalista,novela naturalista,novela naturalista,novela naturalista
4865,subgenre-current,novela romántica,novela naturalista,80,,9,1,nh0141,novela romántica,novela romántica,novela romántica,novela romántica,novela romántica,novela romántica,novela romántica,novela romántica,novela romántica,novela romántica,novela romántica
4866,subgenre-current,novela romántica,novela naturalista,80,,9,1,nh0143,novela romántica,novela romántica,novela romántica,novela romántica,novela romántica,novela romántica,novela romántica,novela romántica,novela romántica,novela romántica,novela romántica
4867,subgenre-current,novela romántica,novela naturalista,80,,9,1,nh0152,novela romántica,novela romántica,novela romántica,novela romántica,novela romántica,novela romántica,novela romántica,novela romántica,novela romántica,novela romántica,novela romántica
4868,subgenre-current,novela romántica,novela naturalista,80,,9,1,nh0155,novela naturalista,novela naturalista,novela naturalista,novela naturalista,novela naturalista,novela naturalista,novela naturalista,novela naturalista,novela naturalista,novela naturalista,novela naturalista
4869,subgenre-current,novela romántica,novela naturalista,80,,9,1,nh0157,novela romántica,novela romántica,novela romántica,novela romántica,novela romántica,novela romántica,novela romántica,novela romántica,novela romántica,novela romántica,novela romántica
4870,subgenre-current,novela romántica,novela naturalista,80,,9,1,nh0163,novela naturalista,novela naturalista,novela naturalista,novela naturalista,novela naturalista,novela naturalista,novela naturalista,novela naturalista,novela naturalista,novela naturalista,novela naturalista
4871,subgenre-current,novela romántica,novela naturalista,80,,9,1,nh0164,novela naturalista,novela naturalista,novela naturalista,novela naturalista,novela naturalista,novela naturalista,novela naturalista,novela naturalista,novela naturalista,novela naturalista,novela naturalista
4872,subgenre-current,novela romántica,novela naturalista,80,,9,1,nh0177,novela naturalista,novela naturalista,novela naturalista,novela naturalista,novela naturalista,novela naturalista,novela naturalista,novela naturalista,novela naturalista,novela naturalista,novela naturalista
4873,subgenre-current,novela romántica,novela naturalista,80,,9,1,nh0179,novela naturalista,novela naturalista,novela naturalista,novela naturalista,novela naturalista,novela naturalista,novela naturalista,novela naturalista,novela naturalista,novela naturalista,novela naturalista
4874,subgenre-current,novela romántica,novela naturalista,80,,9,1,nh0180,novela romántica,novela romántica,novela romántica,novela romántica,novela romántica,novela romántica,novela romántica,novela romántica,novela romántica,novela romántica,novela romántica
4875,subgenre-current,novela romántica,novela naturalista,80,,9,1,nh0189,novela naturalista,novela naturalista,novela naturalista,novela naturalista,novela naturalista,novela naturalista,novela naturalista,novela naturalista,novela naturalista,novela naturalista,novela naturalista
4876,subgenre-current,novela romántica,novela naturalista,80,,9,1,nh0190,novela naturalista,novela naturalista,novela naturalista,novela naturalista,novela naturalista,novela naturalista,novela naturalista,novela naturalista,novela naturalista,novela naturalista,novela naturalista
4877,subgenre-current,novela romántica,novela naturalista,80,,9,1,nh0191,novela naturalista,novela naturalista,novela naturalista,novela naturalista,novela naturalista,novela naturalista,novela naturalista,novela naturalista,novela naturalista,novela naturalista,novela naturalista
4878,subgenre-current,novela romántica,novela naturalista,80,,9,1,nh0192,novela naturalista,novela naturalista,novela naturalista,novela naturalista,novela naturalista,novela naturalista,novela naturalista,novela naturalista,novela naturalista,novela naturalista,novela naturalista
4879,subgenre-current,novela romántica,novela naturalista,80,,9,1,nh0193,novela naturalista,novela naturalista,novela naturalista,novela naturalista,novela naturalista,novela naturalista,novela naturalista,novela naturalista,novela naturalista,novela naturalista,novela naturalista
4880,subgenre-current,novela romántica,novela naturalista,80,,9,1,nh0194,novela naturalista,novela naturalista,novela naturalista,novela naturalista,novela naturalista,novela naturalista,novela naturalista,novela naturalista,novela naturalista,novela naturalista,novela naturalista
4881,subgenre-current,novela romántica,novela naturalista,80,,9,1,nh0195,novela romántica,novela romántica,novela romántica,novela romántica,novela romántica,novela romántica,novela romántica,novela romántica,novela romántica,novela romántica,novela romántica
4882,subgenre-current,novela romántica,novela naturalista,80,,9,1,nh0197,novela romántica,novela romántica,novela romántica,novela romántica,novela romántica,novela romántica,novela romántica,novela romántica,novela romántica,novela romántica,novela romántica
4883,subgenre-current,novela romántica,novela naturalista,80,,9,1,nh0199,novela romántica,novela romántica,novela romántica,novela romántica,novela romántica,novela romántica,novela romántica,novela romántica,novela naturalista,novela romántica,novela romántica
4884,subgenre-current,novela romántica,novela naturalista,80,,9,1,nh0205,novela naturalista,novela naturalista,novela naturalista,novela naturalista,novela naturalista,novela naturalista,novela naturalista,novela naturalista,novela naturalista,novela naturalista,novela naturalista
4885,subgenre-current,novela romántica,novela naturalista,80,,9,1,nh0206,novela naturalista,novela naturalista,novela naturalista,novela naturalista,novela naturalista,novela naturalista,novela naturalista,novela naturalista,novela naturalista,novela romántica,novela naturalista
4886,subgenre-current,novela romántica,novela naturalista,80,,9,1,nh0216,novela romántica,novela romántica,novela romántica,novela romántica,novela romántica,novela romántica,novela romántica,novela romántica,novela romántica,novela romántica,novela romántica
4887,subgenre-current,novela romántica,novela naturalista,80,,9,1,nh0217,novela naturalista,novela naturalista,novela naturalista,novela naturalista,novela naturalista,novela naturalista,novela naturalista,novela naturalista,novela naturalista,novela naturalista,novela naturalista
4888,subgenre-current,novela romántica,novela naturalista,80,,9,1,nh0220,novela romántica,novela romántica,novela romántica,novela romántica,novela romántica,novela romántica,novela romántica,novela romántica,novela romántica,novela romántica,novela romántica
4889,subgenre-current,novela romántica,novela naturalista,80,,9,1,nh0223,novela naturalista,novela naturalista,novela naturalista,novela naturalista,novela naturalista,novela naturalista,novela naturalista,novela naturalista,novela naturalista,novela naturalista,novela naturalista
4890,subgenre-current,novela romántica,novela naturalista,80,,9,1,nh0226,novela romántica,novela romántica,novela romántica,novela romántica,novela romántica,novela romántica,novela romántica,novela romántica,novela romántica,novela romántica,novela romántica
4891,subgenre-current,novela romántica,novela naturalista,80,,9,1,nh0229,novela naturalista,novela naturalista,novela naturalista,novela naturalista,novela naturalista,novela naturalista,novela naturalista,novela naturalista,novela naturalista,novela naturalista,novela naturalista
4892,subgenre-current,novela romántica,novela naturalista,80,,9,1,nh0237,novela romántica,novela romántica,novela romántica,novela romántica,novela romántica,novela romántica,novela romántica,novela romántica,novela romántica,novela romántica,novela romántica
4893,subgenre-current,novela romántica,novela naturalista,80,,9,1,nh0244,novela romántica,novela romántica,novela romántica,novela romántica,novela romántica,novela romántica,novela romántica,novela romántica,novela romántica,novela romántica,novela romántica
4894,subgenre-current,novela romántica,novela naturalista,80,,9,1,nh0247,novela romántica,novela romántica,novela romántica,novela romántica,novela romántica,novela romántica,novela romántica,novela romántica,novela romántica,novela romántica,novela romántica
4895,subgenre-current,novela romántica,novela naturalista,80,,9,1,nh0249,novela romántica,novela romántica,novela romántica,novela romántica,novela romántica,novela romántica,novela romántica,novela romántica,novela romántica,novela romántica,novela romántica
4896,subgenre-current,novela romántica,novela naturalista,80,,9,1,nh0253,novela romántica,novela romántica,novela romántica,novela romántica,novela romántica,novela romántica,novela romántica,novela romántica,novela romántica,novela romántica,novela romántica
4897,subgenre-current,novela romántica,novela naturalista,80,,9,1,nh0254,novela naturalista,novela naturalista,novela naturalista,novela naturalista,novela naturalista,novela naturalista,novela naturalista,novela naturalista,novela naturalista,novela naturalista,novela naturalista
4898,subgenre-current,novela romántica,novela naturalista,80,,9,1,nh0255,novela naturalista,novela naturalista,novela naturalista,novela naturalista,novela naturalista,novela naturalista,novela naturalista,novela naturalista,novela naturalista,novela naturalista,novela naturalista
4899,subgenre-current,novela romántica,novela naturalista,80,,9,1,nh0256,novela naturalista,novela naturalista,novela naturalista,novela naturalista,novela naturalista,novela naturalista,novela naturalista,novela naturalista,novela naturalista,novela naturalista,novela naturalista
4900,subgenre-current,novela realista,novela naturalista,80,,0,1,nh0002,novela realista,novela naturalista,novela realista,novela realista,novela realista,novela realista,novela realista,novela realista,novela realista,novela realista,novela realista
4901,subgenre-current,novela realista,novela naturalista,80,,0,1,nh0008,novela realista,novela naturalista,novela realista,novela realista,novela realista,novela realista,novela realista,novela realista,novela realista,novela realista,novela realista
4902,subgenre-current,novela realista,novela naturalista,80,,0,1,nh0010,novela realista,novela realista,novela realista,novela realista,novela realista,novela realista,novela realista,novela realista,novela realista,novela realista,novela realista
4903,subgenre-current,novela realista,novela naturalista,80,,0,1,nh0011,novela naturalista,novela naturalista,novela naturalista,novela naturalista,novela naturalista,novela naturalista,novela naturalista,novela naturalista,novela naturalista,novela naturalista,novela naturalista
4904,subgenre-current,novela realista,novela naturalista,80,,0,1,nh0012,novela naturalista,novela naturalista,novela naturalista,novela naturalista,novela naturalista,novela naturalista,novela naturalista,novela naturalista,novela naturalista,novela naturalista,novela naturalista
4905,subgenre-current,novela realista,novela naturalista,80,,0,1,nh0015,novela realista,novela realista,novela realista,novela realista,novela realista,novela realista,novela realista,novela realista,novela realista,novela realista,novela realista
4906,subgenre-current,novela realista,novela naturalista,80,,0,1,nh0019,novela naturalista,novela naturalista,novela naturalista,novela naturalista,novela naturalista,novela naturalista,novela naturalista,novela naturalista,novela naturalista,novela naturalista,novela naturalista
4907,subgenre-current,novela realista,novela naturalista,80,,0,1,nh0023,novela realista,novela realista,novela realista,novela realista,novela realista,novela realista,novela realista,novela realista,novela realista,novela realista,novela realista
4908,subgenre-current,novela realista,novela naturalista,80,,0,1,nh0027,novela realista,novela realista,novela naturalista,novela realista,novela realista,novela realista,novela realista,novela realista,novela realista,novela realista,novela realista
4909,subgenre-current,novela realista,novela naturalista,80,,0,1,nh0028,novela naturalista,novela naturalista,novela naturalista,novela naturalista,novela naturalista,novela naturalista,novela naturalista,novela naturalista,novela naturalista,novela naturalista,novela naturalista
4910,subgenre-current,novela realista,novela naturalista,80,,0,1,nh0029,novela naturalista,novela naturalista,novela naturalista,novela naturalista,novela naturalista,novela naturalista,novela naturalista,novela naturalista,novela naturalista,novela naturalista,novela naturalista
4911,subgenre-current,novela realista,novela naturalista,80,,0,1,nh0030,novela naturalista,novela naturalista,novela naturalista,novela naturalista,novela naturalista,novela naturalista,novela naturalista,novela naturalista,novela naturalista,novela naturalista,novela naturalista
4912,subgenre-current,novela realista,novela naturalista,80,,0,1,nh0031,novela naturalista,novela naturalista,novela naturalista,novela naturalista,novela naturalista,novela naturalista,novela naturalista,novela naturalista,novela naturalista,novela naturalista,novela naturalista
4913,subgenre-current,novela realista,novela naturalista,80,,0,1,nh0032,novela naturalista,novela naturalista,novela naturalista,novela naturalista,novela naturalista,novela naturalista,novela naturalista,novela naturalista,novela naturalista,novela naturalista,novela naturalista
4914,subgenre-current,novela realista,novela naturalista,80,,0,1,nh0034,novela naturalista,novela naturalista,novela naturalista,novela naturalista,novela naturalista,novela naturalista,novela naturalista,novela naturalista,novela naturalista,novela naturalista,novela naturalista
4915,subgenre-current,novela realista,novela naturalista,80,,0,1,nh0036,novela realista,novela realista,novela realista,novela realista,novela realista,novela realista,novela realista,novela realista,novela realista,novela realista,novela realista
4916,subgenre-current,novela realista,novela naturalista,80,,0,1,nh0038,novela naturalista,novela naturalista,novela naturalista,novela naturalista,novela naturalista,novela naturalista,novela naturalista,novela naturalista,novela naturalista,novela naturalista,novela naturalista
4917,subgenre-current,novela realista,novela naturalista,80,,0,1,nh0039,novela naturalista,novela naturalista,novela naturalista,novela naturalista,novela naturalista,novela naturalista,novela naturalista,novela naturalista,novela naturalista,novela naturalista,novela naturalista
4918,subgenre-current,novela realista,novela naturalista,80,,0,1,nh0044,novela realista,novela realista,novela naturalista,novela realista,novela realista,novela realista,novela realista,novela realista,novela realista,novela realista,novela realista
4919,subgenre-current,novela realista,novela naturalista,80,,0,1,nh0046,novela realista,novela realista,novela realista,novela realista,novela realista,novela realista,novela realista,novela realista,novela realista,novela realista,novela realista
4920,subgenre-current,novela realista,novela naturalista,80,,0,1,nh0047,novela realista,novela realista,novela realista,novela realista,novela realista,novela realista,novela realista,novela realista,novela realista,novela realista,novela realista
4921,subgenre-current,novela realista,novela naturalista,80,,0,1,nh0048,novela realista,novela realista,novela realista,novela realista,novela realista,novela realista,novela realista,novela realista,novela realista,novela realista,novela realista
4922,subgenre-current,novela realista,novela naturalista,80,,0,1,nh0052,novela realista,novela realista,novela realista,novela realista,novela realista,novela realista,novela realista,novela realista,novela realista,novela realista,novela realista
4923,subgenre-current,novela realista,novela naturalista,80,,0,1,nh0057,novela naturalista,novela naturalista,novela naturalista,novela naturalista,novela realista,novela naturalista,novela naturalista,novela naturalista,novela naturalista,novela naturalista,novela naturalista
4924,subgenre-current,novela realista,novela naturalista,80,,0,1,nh0058,novela naturalista,novela naturalista,novela naturalista,novela naturalista,novela naturalista,novela realista,novela naturalista,novela naturalista,novela naturalista,novela naturalista,novela naturalista
4925,subgenre-current,novela realista,novela naturalista,80,,0,1,nh0059,novela naturalista,novela naturalista,novela naturalista,novela naturalista,novela naturalista,novela realista,novela naturalista,novela naturalista,novela naturalista,novela naturalista,novela naturalista
4926,subgenre-current,novela realista,novela naturalista,80,,0,1,nh0062,novela realista,novela realista,novela realista,novela realista,novela naturalista,novela realista,novela realista,novela realista,novela realista,novela realista,novela realista
4927,subgenre-current,novela realista,novela naturalista,80,,0,1,nh0067,novela realista,novela realista,novela realista,novela realista,novela naturalista,novela realista,novela realista,novela realista,novela realista,novela realista,novela realista
4928,subgenre-current,novela realista,novela naturalista,80,,0,1,nh0068,novela realista,novela realista,novela realista,novela realista,novela realista,novela realista,novela realista,novela realista,novela realista,novela realista,novela realista
4929,subgenre-current,novela realista,novela naturalista,80,,0,1,nh0075,novela realista,novela realista,novela realista,novela realista,novela realista,novela realista,novela realista,novela realista,novela realista,novela realista,novela realista
4930,subgenre-current,novela realista,novela naturalista,80,,0,1,nh0080,novela naturalista,novela naturalista,novela naturalista,novela naturalista,novela naturalista,novela naturalista,novela naturalista,novela naturalista,novela naturalista,novela naturalista,novela naturalista
4931,subgenre-current,novela realista,novela naturalista,80,,0,1,nh0088,novela naturalista,novela naturalista,novela naturalista,novela naturalista,novela naturalista,novela naturalista,novela naturalista,novela naturalista,novela naturalista,novela naturalista,novela naturalista
4932,subgenre-current,novela realista,novela naturalista,80,,0,1,nh0089,novela realista,novela realista,novela realista,novela realista,novela realista,novela realista,novela realista,novela realista,novela realista,novela realista,novela realista
4933,subgenre-current,novela realista,novela naturalista,80,,0,1,nh0090,novela naturalista,novela naturalista,novela naturalista,novela naturalista,novela naturalista,novela naturalista,novela realista,novela naturalista,novela naturalista,novela naturalista,novela naturalista
4934,subgenre-current,novela realista,novela naturalista,80,,0,1,nh0109,novela naturalista,novela naturalista,novela naturalista,novela naturalista,novela naturalista,novela naturalista,novela realista,novela naturalista,novela naturalista,novela naturalista,novela naturalista
4935,subgenre-current,novela realista,novela naturalista,80,,0,1,nh0114,novela naturalista,novela naturalista,novela naturalista,novela naturalista,novela naturalista,novela naturalista,novela naturalista,novela naturalista,novela naturalista,novela naturalista,novela naturalista
4936,subgenre-current,novela realista,novela naturalista,80,,0,1,nh0127,novela realista,novela realista,novela realista,novela realista,novela realista,novela realista,novela realista,novela realista,novela realista,novela realista,novela realista
4937,subgenre-current,novela realista,novela naturalista,80,,0,1,nh0133,novela realista,novela realista,novela realista,novela realista,novela realista,novela naturalista,novela realista,novela realista,novela realista,novela realista,novela realista
4938,subgenre-current,novela realista,novela naturalista,80,,0,1,nh0135,novela realista,novela realista,novela realista,novela realista,novela realista,novela naturalista,novela realista,novela realista,novela realista,novela realista,novela realista
4939,subgenre-current,novela realista,novela naturalista,80,,0,1,nh0136,novela naturalista,novela naturalista,novela naturalista,novela naturalista,novela naturalista,novela naturalista,novela naturalista,novela naturalista,novela naturalista,novela naturalista,novela naturalista
4940,subgenre-current,novela realista,novela naturalista,80,,0,1,nh0148,novela realista,novela realista,novela realista,novela realista,novela realista,novela realista,novela realista,novela realista,novela realista,novela realista,novela realista
4941,subgenre-current,novela realista,novela naturalista,80,,0,1,nh0155,novela naturalista,novela naturalista,novela naturalista,novela naturalista,novela naturalista,novela naturalista,novela naturalista,novela naturalista,novela naturalista,novela naturalista,novela naturalista
4942,subgenre-current,novela realista,novela naturalista,80,,0,1,nh0163,novela naturalista,novela naturalista,novela naturalista,novela naturalista,novela naturalista,novela naturalista,novela naturalista,novela naturalista,novela naturalista,novela naturalista,novela naturalista
4943,subgenre-current,novela realista,novela naturalista,80,,0,1,nh0164,novela naturalista,novela naturalista,novela naturalista,novela naturalista,novela naturalista,novela naturalista,novela naturalista,novela naturalista,novela naturalista,novela naturalista,novela naturalista
4944,subgenre-current,novela realista,novela naturalista,80,,0,1,nh0165,novela realista,novela realista,novela realista,novela realista,novela realista,novela realista,novela realista,novela realista,novela realista,novela realista,novela realista
4945,subgenre-current,novela realista,novela naturalista,80,,0,1,nh0174,novela realista,novela realista,novela realista,novela realista,novela realista,novela realista,novela realista,novela realista,novela realista,novela realista,novela realista
4946,subgenre-current,novela realista,novela naturalista,80,,0,1,nh0175,novela realista,novela realista,novela realista,novela realista,novela realista,novela realista,novela realista,novela realista,novela realista,novela realista,novela realista
4947,subgenre-current,novela realista,novela naturalista,80,,0,1,nh0177,novela naturalista,novela naturalista,novela naturalista,novela naturalista,novela naturalista,novela naturalista,novela naturalista,novela naturalista,novela naturalista,novela naturalista,novela naturalista
4948,subgenre-current,novela realista,novela naturalista,80,,0,1,nh0179,novela naturalista,novela naturalista,novela naturalista,novela naturalista,novela naturalista,novela naturalista,novela naturalista,novela naturalista,novela realista,novela naturalista,novela naturalista
4949,subgenre-current,novela realista,novela naturalista,80,,0,1,nh0190,novela naturalista,novela naturalista,novela naturalista,novela naturalista,novela naturalista,novela naturalista,novela naturalista,novela naturalista,novela naturalista,novela naturalista,novela naturalista
4950,subgenre-current,novela realista,novela naturalista,80,,0,1,nh0191,novela naturalista,novela naturalista,novela naturalista,novela naturalista,novela naturalista,novela naturalista,novela naturalista,novela naturalista,novela naturalista,novela naturalista,novela naturalista
4951,subgenre-current,novela realista,novela naturalista,80,,0,1,nh0192,novela naturalista,novela naturalista,novela naturalista,novela naturalista,novela naturalista,novela naturalista,novela naturalista,novela naturalista,novela naturalista,novela naturalista,novela naturalista
4952,subgenre-current,novela realista,novela naturalista,80,,0,1,nh0193,novela naturalista,novela naturalista,novela naturalista,novela naturalista,novela naturalista,novela naturalista,novela naturalista,novela naturalista,novela naturalista,novela naturalista,novela naturalista
4953,subgenre-current,novela realista,novela naturalista,80,,0,1,nh0194,novela naturalista,novela naturalista,novela naturalista,novela naturalista,novela naturalista,novela naturalista,novela naturalista,novela naturalista,novela naturalista,novela naturalista,novela naturalista
4954,subgenre-current,novela realista,novela naturalista,80,,0,1,nh0198,novela realista,novela realista,novela realista,novela realista,novela realista,novela realista,novela realista,novela realista,novela realista,novela realista,novela realista
4955,subgenre-current,novela realista,novela naturalista,80,,0,1,nh0202,novela realista,novela realista,novela realista,novela realista,novela realista,novela realista,novela realista,novela realista,novela realista,novela realista,novela realista
4956,subgenre-current,novela realista,novela naturalista,80,,0,1,nh0204,novela realista,novela realista,novela realista,novela realista,novela realista,novela realista,novela realista,novela realista,novela realista,novela realista,novela realista
4957,subgenre-current,novela realista,novela naturalista,80,,0,1,nh0206,novela naturalista,novela naturalista,novela naturalista,novela naturalista,novela naturalista,novela naturalista,novela naturalista,novela naturalista,novela naturalista,novela realista,novela naturalista
4958,subgenre-current,novela realista,novela naturalista,80,,0,1,nh0208,novela realista,novela realista,novela realista,novela realista,novela realista,novela realista,novela realista,novela realista,novela realista,novela realista,novela realista
4959,subgenre-current,novela realista,novela naturalista,80,,0,1,nh0210,novela realista,novela realista,novela realista,novela realista,novela realista,novela realista,novela realista,novela realista,novela realista,novela realista,novela realista
4960,subgenre-current,novela realista,novela naturalista,80,,0,1,nh0214,novela realista,novela realista,novela realista,novela realista,novela realista,novela realista,novela realista,novela realista,novela realista,novela realista,novela realista
4961,subgenre-current,novela realista,novela naturalista,80,,0,1,nh0217,novela naturalista,novela naturalista,novela naturalista,novela naturalista,novela naturalista,novela naturalista,novela naturalista,novela naturalista,novela naturalista,novela naturalista,novela realista
4962,subgenre-current,novela realista,novela naturalista,80,,0,1,nh0221,novela realista,novela realista,novela realista,novela realista,novela realista,novela realista,novela realista,novela realista,novela realista,novela naturalista,novela realista
4963,subgenre-current,novela realista,novela naturalista,80,,0,1,nh0223,novela naturalista,novela naturalista,novela naturalista,novela naturalista,novela naturalista,novela naturalista,novela naturalista,novela naturalista,novela naturalista,novela naturalista,novela naturalista
4964,subgenre-current,novela realista,novela naturalista,80,,0,1,nh0229,novela naturalista,novela naturalista,novela naturalista,novela naturalista,novela naturalista,novela naturalista,novela naturalista,novela naturalista,novela naturalista,novela naturalista,novela naturalista
4965,subgenre-current,novela realista,novela naturalista,80,,0,1,nh0230,novela realista,novela realista,novela realista,novela realista,novela realista,novela realista,novela realista,novela realista,novela realista,novela realista,novela realista
4966,subgenre-current,novela realista,novela naturalista,80,,0,1,nh0232,novela realista,novela realista,novela realista,novela realista,novela realista,novela realista,novela realista,novela realista,novela realista,novela realista,novela realista
4967,subgenre-current,novela realista,novela naturalista,80,,0,1,nh0235,novela realista,novela realista,novela realista,novela realista,novela realista,novela realista,novela realista,novela realista,novela realista,novela realista,novela realista
4968,subgenre-current,novela realista,novela naturalista,80,,0,1,nh0239,novela realista,novela realista,novela realista,novela realista,novela realista,novela realista,novela realista,novela realista,novela realista,novela realista,novela realista
4969,subgenre-current,novela realista,novela naturalista,80,,0,1,nh0255,novela naturalista,novela naturalista,novela naturalista,novela naturalista,novela naturalista,novela naturalista,novela naturalista,novela naturalista,novela naturalista,novela naturalista,novela naturalista
4970,subgenre-current,novela realista,novela naturalista,80,,1,1,nh0002,novela realista,novela naturalista,novela realista,novela realista,novela realista,novela realista,novela realista,novela realista,novela realista,novela realista,novela realista
4971,subgenre-current,novela realista,novela naturalista,80,,1,1,nh0008,novela realista,novela naturalista,novela realista,novela realista,novela realista,novela realista,novela realista,novela realista,novela realista,novela realista,novela realista
4972,subgenre-current,novela realista,novela naturalista,80,,1,1,nh0010,novela realista,novela realista,novela realista,novela realista,novela realista,novela realista,novela realista,novela realista,novela realista,novela realista,novela realista
4973,subgenre-current,novela realista,novela naturalista,80,,1,1,nh0012,novela naturalista,novela naturalista,novela naturalista,novela naturalista,novela naturalista,novela naturalista,novela naturalista,novela naturalista,novela naturalista,novela naturalista,novela naturalista
4974,subgenre-current,novela realista,novela naturalista,80,,1,1,nh0013,novela naturalista,novela realista,novela naturalista,novela naturalista,novela naturalista,novela naturalista,novela naturalista,novela naturalista,novela naturalista,novela naturalista,novela naturalista
4975,subgenre-current,novela realista,novela naturalista,80,,1,1,nh0015,novela realista,novela realista,novela realista,novela realista,novela realista,novela realista,novela realista,novela realista,novela realista,novela realista,novela realista
4976,subgenre-current,novela realista,novela naturalista,80,,1,1,nh0023,novela realista,novela realista,novela realista,novela realista,novela realista,novela realista,novela realista,novela realista,novela realista,novela realista,novela realista
4977,subgenre-current,novela realista,novela naturalista,80,,1,1,nh0027,novela realista,novela realista,novela naturalista,novela realista,novela realista,novela realista,novela realista,novela realista,novela realista,novela realista,novela realista
4978,subgenre-current,novela realista,novela naturalista,80,,1,1,nh0028,novela naturalista,novela naturalista,novela naturalista,novela naturalista,novela naturalista,novela naturalista,novela naturalista,novela naturalista,novela naturalista,novela naturalista,novela naturalista
4979,subgenre-current,novela realista,novela naturalista,80,,1,1,nh0029,novela naturalista,novela naturalista,novela naturalista,novela naturalista,novela naturalista,novela naturalista,novela naturalista,novela naturalista,novela naturalista,novela naturalista,novela naturalista
4980,subgenre-current,novela realista,novela naturalista,80,,1,1,nh0030,novela naturalista,novela naturalista,novela naturalista,novela naturalista,novela naturalista,novela naturalista,novela naturalista,novela naturalista,novela naturalista,novela naturalista,novela naturalista
4981,subgenre-current,novela realista,novela naturalista,80,,1,1,nh0031,novela naturalista,novela naturalista,novela naturalista,novela naturalista,novela naturalista,novela naturalista,novela naturalista,novela naturalista,novela naturalista,novela naturalista,novela naturalista
4982,subgenre-current,novela realista,novela naturalista,80,,1,1,nh0032,novela naturalista,novela naturalista,novela naturalista,novela naturalista,novela naturalista,novela naturalista,novela naturalista,novela naturalista,novela naturalista,novela naturalista,novela naturalista
4983,subgenre-current,novela realista,novela naturalista,80,,1,1,nh0033,novela naturalista,novela naturalista,novela naturalista,novela naturalista,novela naturalista,novela naturalista,novela naturalista,novela naturalista,novela naturalista,novela naturalista,novela naturalista
4984,subgenre-current,novela realista,novela naturalista,80,,1,1,nh0036,novela realista,novela realista,novela realista,novela realista,novela realista,novela realista,novela realista,novela realista,novela realista,novela realista,novela realista
4985,subgenre-current,novela realista,novela naturalista,80,,1,1,nh0038,novela naturalista,novela naturalista,novela naturalista,novela naturalista,novela naturalista,novela naturalista,novela naturalista,novela naturalista,novela naturalista,novela naturalista,novela naturalista
4986,subgenre-current,novela realista,novela naturalista,80,,1,1,nh0039,novela naturalista,novela naturalista,novela naturalista,novela naturalista,novela naturalista,novela naturalista,novela naturalista,novela naturalista,novela naturalista,novela naturalista,novela naturalista
4987,subgenre-current,novela realista,novela naturalista,80,,1,1,nh0044,novela realista,novela realista,novela naturalista,novela realista,novela realista,novela realista,novela realista,novela realista,novela realista,novela realista,novela realista
4988,subgenre-current,novela realista,novela naturalista,80,,1,1,nh0046,novela realista,novela realista,novela realista,novela realista,novela realista,novela realista,novela realista,novela realista,novela realista,novela realista,novela realista
4989,subgenre-current,novela realista,novela naturalista,80,,1,1,nh0047,novela realista,novela realista,novela realista,novela realista,novela realista,novela realista,novela realista,novela realista,novela realista,novela realista,novela realista
4990,subgenre-current,novela realista,novela naturalista,80,,1,1,nh0048,novela realista,novela realista,novela realista,novela naturalista,novela realista,novela realista,novela realista,novela realista,novela realista,novela realista,novela realista
4991,subgenre-current,novela realista,novela naturalista,80,,1,1,nh0052,novela realista,novela realista,novela realista,novela realista,novela realista,novela realista,novela realista,novela realista,novela realista,novela realista,novela realista
4992,subgenre-current,novela realista,novela naturalista,80,,1,1,nh0057,novela naturalista,novela naturalista,novela naturalista,novela naturalista,novela realista,novela naturalista,novela naturalista,novela naturalista,novela naturalista,novela naturalista,novela naturalista
4993,subgenre-current,novela realista,novela naturalista,80,,1,1,nh0058,novela naturalista,novela naturalista,novela naturalista,novela naturalista,novela naturalista,novela naturalista,novela naturalista,novela naturalista,novela naturalista,novela naturalista,novela naturalista
4994,subgenre-current,novela realista,novela naturalista,80,,1,1,nh0060,novela naturalista,novela naturalista,novela naturalista,novela naturalista,novela naturalista,novela naturalista,novela naturalista,novela naturalista,novela naturalista,novela naturalista,novela naturalista
4995,subgenre-current,novela realista,novela naturalista,80,,1,1,nh0062,novela realista,novela realista,novela realista,novela realista,novela naturalista,novela realista,novela realista,novela realista,novela realista,novela realista,novela realista
4996,subgenre-current,novela realista,novela naturalista,80,,1,1,nh0067,novela realista,novela realista,novela realista,novela realista,novela naturalista,novela realista,novela realista,novela realista,novela realista,novela realista,novela realista
4997,subgenre-current,novela realista,novela naturalista,80,,1,1,nh0068,novela realista,novela realista,novela realista,novela realista,novela realista,novela realista,novela realista,novela realista,novela realista,novela realista,novela realista
4998,subgenre-current,novela realista,novela naturalista,80,,1,1,nh0074,novela naturalista,novela naturalista,novela naturalista,novela naturalista,novela naturalista,novela naturalista,novela naturalista,novela naturalista,novela naturalista,novela naturalista,novela naturalista
4999,subgenre-current,novela realista,novela naturalista,80,,1,1,nh0075,novela realista,novela realista,novela realista,novela realista,novela realista,novela realista,novela realista,novela realista,novela realista,novela realista,novela realista
5000,subgenre-current,novela realista,novela naturalista,80,,1,1,nh0076,novela naturalista,novela naturalista,novela naturalista,novela naturalista,novela naturalista,novela naturalista,novela naturalista,novela naturalista,novela naturalista,novela naturalista,novela naturalista
5001,subgenre-current,novela realista,novela naturalista,80,,1,1,nh0088,novela naturalista,novela naturalista,novela naturalista,novela naturalista,novela naturalista,novela naturalista,novela naturalista,novela naturalista,novela naturalista,novela naturalista,novela naturalista
5002,subgenre-current,novela realista,novela naturalista,80,,1,1,nh0089,novela realista,novela realista,novela realista,novela realista,novela realista,novela realista,novela realista,novela realista,novela realista,novela realista,novela realista
5003,subgenre-current,novela realista,novela naturalista,80,,1,1,nh0109,novela naturalista,novela naturalista,novela naturalista,novela naturalista,novela naturalista,novela naturalista,novela naturalista,novela naturalista,novela naturalista,novela naturalista,novela naturalista
5004,subgenre-current,novela realista,novela naturalista,80,,1,1,nh0114,novela naturalista,novela naturalista,novela naturalista,novela naturalista,novela naturalista,novela naturalista,novela realista,novela naturalista,novela naturalista,novela naturalista,novela naturalista
5005,subgenre-current,novela realista,novela naturalista,80,,1,1,nh0127,novela realista,novela realista,novela realista,novela realista,novela realista,novela realista,novela realista,novela realista,novela realista,novela realista,novela realista
5006,subgenre-current,novela realista,novela naturalista,80,,1,1,nh0133,novela realista,novela realista,novela realista,novela realista,novela realista,novela naturalista,novela realista,novela realista,novela realista,novela realista,novela realista
5007,subgenre-current,novela realista,novela naturalista,80,,1,1,nh0135,novela realista,novela realista,novela realista,novela realista,novela realista,novela naturalista,novela realista,novela realista,novela realista,novela realista,novela realista
5008,subgenre-current,novela realista,novela naturalista,80,,1,1,nh0136,novela naturalista,novela naturalista,novela naturalista,novela naturalista,novela naturalista,novela naturalista,novela naturalista,novela naturalista,novela naturalista,novela naturalista,novela naturalista
5009,subgenre-current,novela realista,novela naturalista,80,,1,1,nh0148,novela realista,novela realista,novela realista,novela realista,novela realista,novela realista,novela realista,novela realista,novela realista,novela realista,novela realista
5010,subgenre-current,novela realista,novela naturalista,80,,1,1,nh0155,novela naturalista,novela naturalista,novela naturalista,novela naturalista,novela naturalista,novela naturalista,novela naturalista,novela naturalista,novela naturalista,novela naturalista,novela naturalista
5011,subgenre-current,novela realista,novela naturalista,80,,1,1,nh0163,novela naturalista,novela naturalista,novela naturalista,novela naturalista,novela naturalista,novela naturalista,novela naturalista,novela naturalista,novela naturalista,novela naturalista,novela naturalista
5012,subgenre-current,novela realista,novela naturalista,80,,1,1,nh0164,novela naturalista,novela naturalista,novela naturalista,novela naturalista,novela naturalista,novela naturalista,novela naturalista,novela naturalista,novela naturalista,novela naturalista,novela naturalista
5013,subgenre-current,novela realista,novela naturalista,80,,1,1,nh0165,novela realista,novela realista,novela realista,novela realista,novela realista,novela realista,novela realista,novela realista,novela realista,novela realista,novela realista
5014,subgenre-current,novela realista,novela naturalista,80,,1,1,nh0174,novela realista,novela realista,novela realista,novela realista,novela realista,novela realista,novela realista,novela realista,novela realista,novela realista,novela realista
5015,subgenre-current,novela realista,novela naturalista,80,,1,1,nh0175,novela realista,novela realista,novela realista,novela realista,novela realista,novela realista,novela realista,novela realista,novela realista,novela realista,novela realista
5016,subgenre-current,novela realista,novela naturalista,80,,1,1,nh0177,novela naturalista,novela naturalista,novela naturalista,novela naturalista,novela naturalista,novela naturalista,novela naturalista,novela naturalista,novela naturalista,novela naturalista,novela naturalista
5017,subgenre-current,novela realista,novela naturalista,80,,1,1,nh0179,novela naturalista,novela naturalista,novela naturalista,novela naturalista,novela naturalista,novela naturalista,novela naturalista,novela naturalista,novela realista,novela naturalista,novela naturalista
5018,subgenre-current,novela realista,novela naturalista,80,,1,1,nh0189,novela naturalista,novela naturalista,novela naturalista,novela naturalista,novela naturalista,novela naturalista,novela naturalista,novela naturalista,novela naturalista,novela naturalista,novela naturalista
5019,subgenre-current,novela realista,novela naturalista,80,,1,1,nh0190,novela naturalista,novela naturalista,novela naturalista,novela naturalista,novela naturalista,novela naturalista,novela naturalista,novela naturalista,novela naturalista,novela naturalista,novela naturalista
5020,subgenre-current,novela realista,novela naturalista,80,,1,1,nh0192,novela naturalista,novela naturalista,novela naturalista,novela naturalista,novela naturalista,novela naturalista,novela naturalista,novela naturalista,novela naturalista,novela naturalista,novela naturalista
5021,subgenre-current,novela realista,novela naturalista,80,,1,1,nh0193,novela naturalista,novela naturalista,novela naturalista,novela naturalista,novela naturalista,novela naturalista,novela naturalista,novela naturalista,novela naturalista,novela naturalista,novela naturalista
5022,subgenre-current,novela realista,novela naturalista,80,,1,1,nh0194,novela naturalista,novela naturalista,novela naturalista,novela naturalista,novela naturalista,novela naturalista,novela naturalista,novela naturalista,novela naturalista,novela naturalista,novela naturalista
5023,subgenre-current,novela realista,novela naturalista,80,,1,1,nh0198,novela realista,novela realista,novela realista,novela realista,novela realista,novela realista,novela realista,novela realista,novela realista,novela realista,novela realista
5024,subgenre-current,novela realista,novela naturalista,80,,1,1,nh0202,novela realista,novela realista,novela realista,novela realista,novela realista,novela realista,novela realista,novela naturalista,novela realista,novela realista,novela realista
5025,subgenre-current,novela realista,novela naturalista,80,,1,1,nh0204,novela realista,novela realista,novela realista,novela realista,novela realista,novela realista,novela realista,novela realista,novela realista,novela realista,novela realista
5026,subgenre-current,novela realista,novela naturalista,80,,1,1,nh0205,novela naturalista,novela naturalista,novela naturalista,novela naturalista,novela naturalista,novela naturalista,novela naturalista,novela naturalista,novela naturalista,novela realista,novela naturalista
5027,subgenre-current,novela realista,novela naturalista,80,,1,1,nh0208,novela realista,novela realista,novela realista,novela realista,novela realista,novela realista,novela realista,novela realista,novela realista,novela realista,novela realista
5028,subgenre-current,novela realista,novela naturalista,80,,1,1,nh0210,novela realista,novela realista,novela realista,novela realista,novela realista,novela realista,novela realista,novela realista,novela realista,novela realista,novela realista
5029,subgenre-current,novela realista,novela naturalista,80,,1,1,nh0214,novela realista,novela realista,novela realista,novela realista,novela realista,novela realista,novela realista,novela realista,novela realista,novela naturalista,novela realista
5030,subgenre-current,novela realista,novela naturalista,80,,1,1,nh0217,novela naturalista,novela naturalista,novela naturalista,novela naturalista,novela naturalista,novela naturalista,novela naturalista,novela naturalista,novela naturalista,novela realista,novela naturalista
5031,subgenre-current,novela realista,novela naturalista,80,,1,1,nh0221,novela realista,novela realista,novela realista,novela realista,novela realista,novela realista,novela realista,novela realista,novela realista,novela naturalista,novela realista
5032,subgenre-current,novela realista,novela naturalista,80,,1,1,nh0223,novela naturalista,novela naturalista,novela naturalista,novela naturalista,novela naturalista,novela naturalista,novela naturalista,novela naturalista,novela naturalista,novela naturalista,novela naturalista
5033,subgenre-current,novela realista,novela naturalista,80,,1,1,nh0229,novela naturalista,novela naturalista,novela naturalista,novela naturalista,novela naturalista,novela naturalista,novela naturalista,novela naturalista,novela naturalista,novela naturalista,novela realista
5034,subgenre-current,novela realista,novela naturalista,80,,1,1,nh0230,novela realista,novela realista,novela realista,novela realista,novela realista,novela realista,novela realista,novela realista,novela realista,novela realista,novela realista
5035,subgenre-current,novela realista,novela naturalista,80,,1,1,nh0232,novela realista,novela realista,novela realista,novela realista,novela realista,novela realista,novela realista,novela realista,novela realista,novela realista,novela realista
5036,subgenre-current,novela realista,novela naturalista,80,,1,1,nh0235,novela realista,novela realista,novela realista,novela realista,novela realista,novela realista,novela realista,novela realista,novela realista,novela realista,novela realista
5037,subgenre-current,novela realista,novela naturalista,80,,1,1,nh0239,novela realista,novela realista,novela realista,novela realista,novela realista,novela realista,novela realista,novela realista,novela realista,novela realista,novela realista
5038,subgenre-current,novela realista,novela naturalista,80,,1,1,nh0254,novela naturalista,novela naturalista,novela naturalista,novela naturalista,novela naturalista,novela naturalista,novela naturalista,novela naturalista,novela naturalista,novela naturalista,novela naturalista
5039,subgenre-current,novela realista,novela naturalista,80,,1,1,nh0256,novela naturalista,novela naturalista,novela naturalista,novela naturalista,novela naturalista,novela naturalista,novela naturalista,novela naturalista,novela naturalista,novela naturalista,novela naturalista
5040,subgenre-current,novela realista,novela naturalista,80,,2,1,nh0002,novela realista,novela naturalista,novela realista,novela realista,novela realista,novela realista,novela realista,novela realista,novela realista,novela realista,novela realista
5041,subgenre-current,novela realista,novela naturalista,80,,2,1,nh0008,novela realista,novela naturalista,novela realista,novela realista,novela realista,novela realista,novela realista,novela realista,novela realista,novela realista,novela realista
5042,subgenre-current,novela realista,novela naturalista,80,,2,1,nh0010,novela realista,novela realista,novela realista,novela realista,novela realista,novela realista,novela realista,novela realista,novela realista,novela realista,novela realista
5043,subgenre-current,novela realista,novela naturalista,80,,2,1,nh0012,novela naturalista,novela naturalista,novela naturalista,novela naturalista,novela naturalista,novela naturalista,novela naturalista,novela naturalista,novela naturalista,novela naturalista,novela naturalista
5044,subgenre-current,novela realista,novela naturalista,80,,2,1,nh0013,novela naturalista,novela realista,novela naturalista,novela naturalista,novela naturalista,novela naturalista,novela naturalista,novela naturalista,novela naturalista,novela naturalista,novela naturalista
5045,subgenre-current,novela realista,novela naturalista,80,,2,1,nh0015,novela realista,novela naturalista,novela realista,novela realista,novela realista,novela realista,novela realista,novela realista,novela realista,novela realista,novela realista
5046,subgenre-current,novela realista,novela naturalista,80,,2,1,nh0019,novela naturalista,novela naturalista,novela naturalista,novela naturalista,novela naturalista,novela naturalista,novela naturalista,novela naturalista,novela naturalista,novela naturalista,novela naturalista
5047,subgenre-current,novela realista,novela naturalista,80,,2,1,nh0022,novela naturalista,novela naturalista,novela realista,novela naturalista,novela naturalista,novela naturalista,novela naturalista,novela naturalista,novela naturalista,novela naturalista,novela naturalista
5048,subgenre-current,novela realista,novela naturalista,80,,2,1,nh0023,novela realista,novela realista,novela realista,novela realista,novela realista,novela realista,novela realista,novela realista,novela realista,novela realista,novela realista
5049,subgenre-current,novela realista,novela naturalista,80,,2,1,nh0027,novela realista,novela realista,novela naturalista,novela realista,novela realista,novela realista,novela realista,novela realista,novela realista,novela realista,novela realista
5050,subgenre-current,novela realista,novela naturalista,80,,2,1,nh0029,novela naturalista,novela naturalista,novela naturalista,novela naturalista,novela naturalista,novela naturalista,novela naturalista,novela naturalista,novela naturalista,novela naturalista,novela naturalista
5051,subgenre-current,novela realista,novela naturalista,80,,2,1,nh0030,novela naturalista,novela naturalista,novela naturalista,novela naturalista,novela naturalista,novela naturalista,novela naturalista,novela naturalista,novela naturalista,novela naturalista,novela naturalista
5052,subgenre-current,novela realista,novela naturalista,80,,2,1,nh0031,novela naturalista,novela naturalista,novela naturalista,novela naturalista,novela naturalista,novela naturalista,novela naturalista,novela naturalista,novela naturalista,novela naturalista,novela naturalista
5053,subgenre-current,novela realista,novela naturalista,80,,2,1,nh0033,novela naturalista,novela naturalista,novela naturalista,novela naturalista,novela naturalista,novela naturalista,novela naturalista,novela naturalista,novela naturalista,novela naturalista,novela naturalista
5054,subgenre-current,novela realista,novela naturalista,80,,2,1,nh0034,novela naturalista,novela naturalista,novela naturalista,novela naturalista,novela naturalista,novela naturalista,novela naturalista,novela naturalista,novela naturalista,novela naturalista,novela naturalista
5055,subgenre-current,novela realista,novela naturalista,80,,2,1,nh0036,novela realista,novela realista,novela realista,novela realista,novela realista,novela realista,novela realista,novela realista,novela realista,novela realista,novela realista
5056,subgenre-current,novela realista,novela naturalista,80,,2,1,nh0038,novela naturalista,novela naturalista,novela naturalista,novela naturalista,novela realista,novela naturalista,novela naturalista,novela naturalista,novela naturalista,novela naturalista,novela naturalista
5057,subgenre-current,novela realista,novela naturalista,80,,2,1,nh0039,novela naturalista,novela naturalista,novela naturalista,novela naturalista,novela naturalista,novela naturalista,novela naturalista,novela naturalista,novela naturalista,novela naturalista,novela naturalista
5058,subgenre-current,novela realista,novela naturalista,80,,2,1,nh0044,novela realista,novela realista,novela naturalista,novela realista,novela realista,novela realista,novela realista,novela realista,novela realista,novela realista,novela realista
5059,subgenre-current,novela realista,novela naturalista,80,,2,1,nh0046,novela realista,novela realista,novela realista,novela realista,novela realista,novela realista,novela realista,novela realista,novela realista,novela realista,novela realista
5060,subgenre-current,novela realista,novela naturalista,80,,2,1,nh0047,novela realista,novela realista,novela realista,novela realista,novela realista,novela realista,novela realista,novela realista,novela realista,novela realista,novela realista
5061,subgenre-current,novela realista,novela naturalista,80,,2,1,nh0048,novela realista,novela realista,novela realista,novela realista,novela realista,novela realista,novela realista,novela realista,novela realista,novela realista,novela realista
5062,subgenre-current,novela realista,novela naturalista,80,,2,1,nh0052,novela realista,novela realista,novela realista,novela realista,novela realista,novela realista,novela realista,novela realista,novela realista,novela realista,novela realista
5063,subgenre-current,novela realista,novela naturalista,80,,2,1,nh0059,novela naturalista,novela naturalista,novela naturalista,novela naturalista,novela realista,novela naturalista,novela naturalista,novela naturalista,novela naturalista,novela naturalista,novela naturalista
5064,subgenre-current,novela realista,novela naturalista,80,,2,1,nh0060,novela naturalista,novela naturalista,novela naturalista,novela naturalista,novela naturalista,novela naturalista,novela naturalista,novela naturalista,novela naturalista,novela naturalista,novela naturalista
5065,subgenre-current,novela realista,novela naturalista,80,,2,1,nh0062,novela realista,novela realista,novela realista,novela realista,novela realista,novela realista,novela realista,novela realista,novela realista,novela realista,novela realista
5066,subgenre-current,novela realista,novela naturalista,80,,2,1,nh0067,novela realista,novela realista,novela realista,novela realista,novela naturalista,novela realista,novela realista,novela realista,novela realista,novela realista,novela realista
5067,subgenre-current,novela realista,novela naturalista,80,,2,1,nh0068,novela realista,novela realista,novela realista,novela realista,novela realista,novela realista,novela realista,novela realista,novela realista,novela realista,novela realista
5068,subgenre-current,novela realista,novela naturalista,80,,2,1,nh0074,novela naturalista,novela naturalista,novela naturalista,novela naturalista,novela naturalista,novela naturalista,novela naturalista,novela naturalista,novela naturalista,novela naturalista,novela naturalista
5069,subgenre-current,novela realista,novela naturalista,80,,2,1,nh0075,novela realista,novela realista,novela realista,novela realista,novela realista,novela realista,novela realista,novela realista,novela realista,novela realista,novela realista
5070,subgenre-current,novela realista,novela naturalista,80,,2,1,nh0076,novela naturalista,novela naturalista,novela naturalista,novela naturalista,novela naturalista,novela realista,novela naturalista,novela naturalista,novela naturalista,novela naturalista,novela naturalista
5071,subgenre-current,novela realista,novela naturalista,80,,2,1,nh0080,novela naturalista,novela naturalista,novela naturalista,novela naturalista,novela naturalista,novela naturalista,novela naturalista,novela naturalista,novela naturalista,novela naturalista,novela naturalista
5072,subgenre-current,novela realista,novela naturalista,80,,2,1,nh0088,novela naturalista,novela naturalista,novela naturalista,novela naturalista,novela naturalista,novela naturalista,novela naturalista,novela naturalista,novela naturalista,novela naturalista,novela naturalista
5073,subgenre-current,novela realista,novela naturalista,80,,2,1,nh0089,novela realista,novela realista,novela realista,novela realista,novela realista,novela realista,novela realista,novela realista,novela realista,novela realista,novela realista
5074,subgenre-current,novela realista,novela naturalista,80,,2,1,nh0090,novela naturalista,novela naturalista,novela naturalista,novela naturalista,novela naturalista,novela naturalista,novela realista,novela naturalista,novela naturalista,novela naturalista,novela naturalista
5075,subgenre-current,novela realista,novela naturalista,80,,2,1,nh0109,novela naturalista,novela naturalista,novela naturalista,novela naturalista,novela naturalista,novela naturalista,novela realista,novela naturalista,novela naturalista,novela naturalista,novela naturalista
5076,subgenre-current,novela realista,novela naturalista,80,,2,1,nh0114,novela naturalista,novela naturalista,novela naturalista,novela naturalista,novela naturalista,novela naturalista,novela naturalista,novela realista,novela naturalista,novela naturalista,novela naturalista
5077,subgenre-current,novela realista,novela naturalista,80,,2,1,nh0127,novela realista,novela realista,novela realista,novela realista,novela realista,novela realista,novela realista,novela realista,novela realista,novela realista,novela realista
5078,subgenre-current,novela realista,novela naturalista,80,,2,1,nh0133,novela realista,novela realista,novela realista,novela realista,novela realista,novela naturalista,novela realista,novela realista,novela realista,novela realista,novela realista
5079,subgenre-current,novela realista,novela naturalista,80,,2,1,nh0135,novela realista,novela realista,novela realista,novela realista,novela realista,novela naturalista,novela realista,novela realista,novela realista,novela realista,novela realista
5080,subgenre-current,novela realista,novela naturalista,80,,2,1,nh0148,novela realista,novela realista,novela realista,novela realista,novela realista,novela realista,novela realista,novela realista,novela realista,novela realista,novela realista
5081,subgenre-current,novela realista,novela naturalista,80,,2,1,nh0164,novela naturalista,novela naturalista,novela naturalista,novela naturalista,novela naturalista,novela naturalista,novela naturalista,novela naturalista,novela naturalista,novela naturalista,novela naturalista
5082,subgenre-current,novela realista,novela naturalista,80,,2,1,nh0165,novela realista,novela realista,novela realista,novela realista,novela realista,novela realista,novela realista,novela realista,novela realista,novela realista,novela realista
5083,subgenre-current,novela realista,novela naturalista,80,,2,1,nh0174,novela realista,novela realista,novela realista,novela realista,novela realista,novela realista,novela realista,novela realista,novela realista,novela realista,novela realista
5084,subgenre-current,novela realista,novela naturalista,80,,2,1,nh0175,novela realista,novela realista,novela realista,novela realista,novela realista,novela realista,novela realista,novela realista,novela realista,novela realista,novela realista
5085,subgenre-current,novela realista,novela naturalista,80,,2,1,nh0177,novela naturalista,novela naturalista,novela naturalista,novela naturalista,novela naturalista,novela naturalista,novela naturalista,novela naturalista,novela naturalista,novela naturalista,novela naturalista
5086,subgenre-current,novela realista,novela naturalista,80,,2,1,nh0179,novela naturalista,novela naturalista,novela naturalista,novela naturalista,novela naturalista,novela naturalista,novela naturalista,novela realista,novela naturalista,novela naturalista,novela naturalista
5087,subgenre-current,novela realista,novela naturalista,80,,2,1,nh0191,novela naturalista,novela naturalista,novela naturalista,novela naturalista,novela naturalista,novela naturalista,novela naturalista,novela naturalista,novela naturalista,novela naturalista,novela naturalista
5088,subgenre-current,novela realista,novela naturalista,80,,2,1,nh0192,novela naturalista,novela naturalista,novela naturalista,novela naturalista,novela naturalista,novela naturalista,novela naturalista,novela naturalista,novela naturalista,novela naturalista,novela naturalista
5089,subgenre-current,novela realista,novela naturalista,80,,2,1,nh0193,novela naturalista,novela naturalista,novela naturalista,novela naturalista,novela naturalista,novela naturalista,novela naturalista,novela naturalista,novela naturalista,novela naturalista,novela naturalista
5090,subgenre-current,novela realista,novela naturalista,80,,2,1,nh0194,novela naturalista,novela naturalista,novela naturalista,novela naturalista,novela naturalista,novela naturalista,novela naturalista,novela naturalista,novela naturalista,novela naturalista,novela naturalista
5091,subgenre-current,novela realista,novela naturalista,80,,2,1,nh0198,novela realista,novela realista,novela realista,novela realista,novela realista,novela realista,novela realista,novela realista,novela realista,novela realista,novela realista
5092,subgenre-current,novela realista,novela naturalista,80,,2,1,nh0202,novela realista,novela realista,novela realista,novela realista,novela realista,novela realista,novela realista,novela realista,novela realista,novela realista,novela realista
5093,subgenre-current,novela realista,novela naturalista,80,,2,1,nh0204,novela realista,novela realista,novela realista,novela realista,novela realista,novela realista,novela realista,novela realista,novela realista,novela realista,novela realista
5094,subgenre-current,novela realista,novela naturalista,80,,2,1,nh0205,novela naturalista,novela naturalista,novela naturalista,novela naturalista,novela naturalista,novela naturalista,novela naturalista,novela naturalista,novela naturalista,novela realista,novela naturalista
5095,subgenre-current,novela realista,novela naturalista,80,,2,1,nh0206,novela naturalista,novela naturalista,novela naturalista,novela naturalista,novela naturalista,novela naturalista,novela naturalista,novela naturalista,novela naturalista,novela realista,novela naturalista
5096,subgenre-current,novela realista,novela naturalista,80,,2,1,nh0208,novela realista,novela realista,novela realista,novela realista,novela realista,novela realista,novela realista,novela realista,novela realista,novela realista,novela realista
5097,subgenre-current,novela realista,novela naturalista,80,,2,1,nh0210,novela realista,novela realista,novela realista,novela realista,novela realista,novela realista,novela realista,novela realista,novela realista,novela realista,novela realista
5098,subgenre-current,novela realista,novela naturalista,80,,2,1,nh0214,novela realista,novela realista,novela realista,novela realista,novela realista,novela realista,novela realista,novela realista,novela realista,novela realista,novela realista
5099,subgenre-current,novela realista,novela naturalista,80,,2,1,nh0217,novela naturalista,novela naturalista,novela naturalista,novela naturalista,novela naturalista,novela naturalista,novela naturalista,novela naturalista,novela naturalista,novela realista,novela naturalista
5100,subgenre-current,novela realista,novela naturalista,80,,2,1,nh0221,novela realista,novela realista,novela realista,novela realista,novela realista,novela realista,novela realista,novela realista,novela realista,novela realista,novela realista
5101,subgenre-current,novela realista,novela naturalista,80,,2,1,nh0223,novela naturalista,novela naturalista,novela naturalista,novela naturalista,novela naturalista,novela naturalista,novela naturalista,novela naturalista,novela naturalista,novela naturalista,novela naturalista
5102,subgenre-current,novela realista,novela naturalista,80,,2,1,nh0229,novela naturalista,novela naturalista,novela naturalista,novela naturalista,novela naturalista,novela naturalista,novela naturalista,novela naturalista,novela naturalista,novela naturalista,novela naturalista
5103,subgenre-current,novela realista,novela naturalista,80,,2,1,nh0230,novela realista,novela realista,novela realista,novela realista,novela realista,novela realista,novela realista,novela realista,novela realista,novela realista,novela realista
5104,subgenre-current,novela realista,novela naturalista,80,,2,1,nh0232,novela realista,novela realista,novela realista,novela realista,novela realista,novela realista,novela realista,novela realista,novela realista,novela realista,novela realista
5105,subgenre-current,novela realista,novela naturalista,80,,2,1,nh0235,novela realista,novela realista,novela realista,novela realista,novela realista,novela realista,novela realista,novela realista,novela realista,novela realista,novela realista
5106,subgenre-current,novela realista,novela naturalista,80,,2,1,nh0239,novela realista,novela realista,novela realista,novela realista,novela realista,novela realista,novela realista,novela realista,novela realista,novela realista,novela realista
5107,subgenre-current,novela realista,novela naturalista,80,,2,1,nh0254,novela naturalista,novela naturalista,novela naturalista,novela naturalista,novela naturalista,novela naturalista,novela naturalista,novela naturalista,novela naturalista,novela naturalista,novela naturalista
5108,subgenre-current,novela realista,novela naturalista,80,,2,1,nh0255,novela naturalista,novela naturalista,novela naturalista,novela naturalista,novela naturalista,novela naturalista,novela naturalista,novela naturalista,novela naturalista,novela naturalista,novela naturalista
5109,subgenre-current,novela realista,novela naturalista,80,,2,1,nh0256,novela naturalista,novela naturalista,novela naturalista,novela naturalista,novela naturalista,novela naturalista,novela naturalista,novela naturalista,novela naturalista,novela naturalista,novela naturalista
5110,subgenre-current,novela realista,novela naturalista,80,,3,1,nh0002,novela realista,novela naturalista,novela realista,novela realista,novela realista,novela realista,novela realista,novela realista,novela realista,novela realista,novela realista
5111,subgenre-current,novela realista,novela naturalista,80,,3,1,nh0008,novela realista,novela naturalista,novela realista,novela realista,novela realista,novela realista,novela realista,novela realista,novela realista,novela realista,novela realista
5112,subgenre-current,novela realista,novela naturalista,80,,3,1,nh0010,novela realista,novela realista,novela realista,novela realista,novela realista,novela realista,novela realista,novela realista,novela realista,novela realista,novela realista
5113,subgenre-current,novela realista,novela naturalista,80,,3,1,nh0012,novela naturalista,novela naturalista,novela naturalista,novela naturalista,novela naturalista,novela naturalista,novela naturalista,novela naturalista,novela naturalista,novela naturalista,novela naturalista
5114,subgenre-current,novela realista,novela naturalista,80,,3,1,nh0013,novela naturalista,novela realista,novela naturalista,novela naturalista,novela naturalista,novela naturalista,novela naturalista,novela naturalista,novela naturalista,novela naturalista,novela naturalista
5115,subgenre-current,novela realista,novela naturalista,80,,3,1,nh0015,novela realista,novela realista,novela realista,novela realista,novela realista,novela realista,novela realista,novela realista,novela realista,novela realista,novela realista
5116,subgenre-current,novela realista,novela naturalista,80,,3,1,nh0019,novela naturalista,novela naturalista,novela naturalista,novela naturalista,novela naturalista,novela naturalista,novela naturalista,novela naturalista,novela naturalista,novela naturalista,novela naturalista
5117,subgenre-current,novela realista,novela naturalista,80,,3,1,nh0022,novela naturalista,novela naturalista,novela realista,novela naturalista,novela naturalista,novela naturalista,novela naturalista,novela naturalista,novela naturalista,novela naturalista,novela naturalista
5118,subgenre-current,novela realista,novela naturalista,80,,3,1,nh0023,novela realista,novela realista,novela realista,novela realista,novela realista,novela realista,novela realista,novela realista,novela realista,novela realista,novela realista
5119,subgenre-current,novela realista,novela naturalista,80,,3,1,nh0027,novela realista,novela realista,novela naturalista,novela realista,novela realista,novela realista,novela realista,novela realista,novela realista,novela realista,novela realista
5120,subgenre-current,novela realista,novela naturalista,80,,3,1,nh0028,novela naturalista,novela naturalista,novela naturalista,novela naturalista,novela naturalista,novela naturalista,novela naturalista,novela naturalista,novela naturalista,novela naturalista,novela naturalista
5121,subgenre-current,novela realista,novela naturalista,80,,3,1,nh0029,novela naturalista,novela naturalista,novela naturalista,novela naturalista,novela naturalista,novela naturalista,novela naturalista,novela naturalista,novela naturalista,novela naturalista,novela naturalista
5122,subgenre-current,novela realista,novela naturalista,80,,3,1,nh0030,novela naturalista,novela naturalista,novela naturalista,novela naturalista,novela naturalista,novela naturalista,novela naturalista,novela naturalista,novela naturalista,novela naturalista,novela naturalista
5123,subgenre-current,novela realista,novela naturalista,80,,3,1,nh0031,novela naturalista,novela naturalista,novela naturalista,novela naturalista,novela naturalista,novela naturalista,novela naturalista,novela naturalista,novela naturalista,novela naturalista,novela naturalista
5124,subgenre-current,novela realista,novela naturalista,80,,3,1,nh0032,novela naturalista,novela naturalista,novela naturalista,novela naturalista,novela naturalista,novela naturalista,novela naturalista,novela naturalista,novela naturalista,novela naturalista,novela naturalista
5125,subgenre-current,novela realista,novela naturalista,80,,3,1,nh0034,novela naturalista,novela naturalista,novela naturalista,novela naturalista,novela naturalista,novela naturalista,novela naturalista,novela naturalista,novela naturalista,novela naturalista,novela naturalista
5126,subgenre-current,novela realista,novela naturalista,80,,3,1,nh0036,novela realista,novela realista,novela realista,novela realista,novela realista,novela realista,novela realista,novela realista,novela realista,novela realista,novela realista
5127,subgenre-current,novela realista,novela naturalista,80,,3,1,nh0038,novela naturalista,novela naturalista,novela naturalista,novela naturalista,novela naturalista,novela naturalista,novela naturalista,novela naturalista,novela naturalista,novela naturalista,novela naturalista
5128,subgenre-current,novela realista,novela naturalista,80,,3,1,nh0039,novela naturalista,novela naturalista,novela naturalista,novela naturalista,novela naturalista,novela naturalista,novela naturalista,novela naturalista,novela naturalista,novela naturalista,novela naturalista
5129,subgenre-current,novela realista,novela naturalista,80,,3,1,nh0044,novela realista,novela realista,novela naturalista,novela realista,novela realista,novela realista,novela realista,novela realista,novela realista,novela realista,novela realista
5130,subgenre-current,novela realista,novela naturalista,80,,3,1,nh0046,novela realista,novela realista,novela realista,novela realista,novela realista,novela realista,novela realista,novela realista,novela realista,novela realista,novela realista
5131,subgenre-current,novela realista,novela naturalista,80,,3,1,nh0047,novela realista,novela realista,novela realista,novela realista,novela realista,novela realista,novela realista,novela realista,novela realista,novela realista,novela realista
5132,subgenre-current,novela realista,novela naturalista,80,,3,1,nh0048,novela realista,novela realista,novela realista,novela realista,novela realista,novela realista,novela realista,novela realista,novela realista,novela realista,novela realista
5133,subgenre-current,novela realista,novela naturalista,80,,3,1,nh0052,novela realista,novela realista,novela realista,novela realista,novela realista,novela realista,novela realista,novela realista,novela realista,novela realista,novela realista
5134,subgenre-current,novela realista,novela naturalista,80,,3,1,nh0057,novela naturalista,novela naturalista,novela naturalista,novela naturalista,novela naturalista,novela realista,novela naturalista,novela naturalista,novela naturalista,novela naturalista,novela naturalista
5135,subgenre-current,novela realista,novela naturalista,80,,3,1,nh0058,novela naturalista,novela naturalista,novela naturalista,novela naturalista,novela naturalista,novela naturalista,novela naturalista,novela naturalista,novela naturalista,novela naturalista,novela naturalista
5136,subgenre-current,novela realista,novela naturalista,80,,3,1,nh0059,novela naturalista,novela naturalista,novela naturalista,novela naturalista,novela naturalista,novela realista,novela naturalista,novela naturalista,novela naturalista,novela naturalista,novela naturalista
5137,subgenre-current,novela realista,novela naturalista,80,,3,1,nh0062,novela realista,novela realista,novela realista,novela realista,novela naturalista,novela realista,novela realista,novela realista,novela realista,novela realista,novela realista
5138,subgenre-current,novela realista,novela naturalista,80,,3,1,nh0067,novela realista,novela realista,novela realista,novela realista,novela naturalista,novela realista,novela realista,novela realista,novela realista,novela realista,novela realista
5139,subgenre-current,novela realista,novela naturalista,80,,3,1,nh0068,novela realista,novela realista,novela realista,novela realista,novela realista,novela realista,novela realista,novela realista,novela realista,novela realista,novela realista
5140,subgenre-current,novela realista,novela naturalista,80,,3,1,nh0075,novela realista,novela realista,novela realista,novela realista,novela realista,novela realista,novela realista,novela realista,novela realista,novela realista,novela realista
5141,subgenre-current,novela realista,novela naturalista,80,,3,1,nh0088,novela naturalista,novela naturalista,novela naturalista,novela naturalista,novela naturalista,novela naturalista,novela naturalista,novela naturalista,novela naturalista,novela naturalista,novela naturalista
5142,subgenre-current,novela realista,novela naturalista,80,,3,1,nh0089,novela realista,novela realista,novela realista,novela realista,novela realista,novela realista,novela realista,novela realista,novela realista,novela realista,novela realista
5143,subgenre-current,novela realista,novela naturalista,80,,3,1,nh0090,novela naturalista,novela naturalista,novela naturalista,novela naturalista,novela naturalista,novela naturalista,novela realista,novela naturalista,novela naturalista,novela naturalista,novela naturalista
5144,subgenre-current,novela realista,novela naturalista,80,,3,1,nh0109,novela naturalista,novela naturalista,novela naturalista,novela naturalista,novela naturalista,novela naturalista,novela realista,novela naturalista,novela naturalista,novela naturalista,novela naturalista
5145,subgenre-current,novela realista,novela naturalista,80,,3,1,nh0127,novela realista,novela realista,novela realista,novela realista,novela realista,novela realista,novela realista,novela realista,novela realista,novela realista,novela realista
5146,subgenre-current,novela realista,novela naturalista,80,,3,1,nh0133,novela realista,novela realista,novela realista,novela realista,novela realista,novela naturalista,novela realista,novela realista,novela realista,novela realista,novela realista
5147,subgenre-current,novela realista,novela naturalista,80,,3,1,nh0135,novela realista,novela realista,novela realista,novela realista,novela realista,novela naturalista,novela realista,novela realista,novela realista,novela realista,novela realista
5148,subgenre-current,novela realista,novela naturalista,80,,3,1,nh0136,novela naturalista,novela naturalista,novela naturalista,novela naturalista,novela naturalista,novela naturalista,novela naturalista,novela naturalista,novela naturalista,novela naturalista,novela naturalista
5149,subgenre-current,novela realista,novela naturalista,80,,3,1,nh0148,novela realista,novela realista,novela realista,novela realista,novela realista,novela realista,novela realista,novela realista,novela realista,novela realista,novela realista
5150,subgenre-current,novela realista,novela naturalista,80,,3,1,nh0155,novela naturalista,novela naturalista,novela naturalista,novela naturalista,novela naturalista,novela naturalista,novela naturalista,novela naturalista,novela naturalista,novela naturalista,novela naturalista
5151,subgenre-current,novela realista,novela naturalista,80,,3,1,nh0163,novela naturalista,novela naturalista,novela naturalista,novela naturalista,novela naturalista,novela naturalista,novela naturalista,novela naturalista,novela naturalista,novela naturalista,novela naturalista
5152,subgenre-current,novela realista,novela naturalista,80,,3,1,nh0164,novela naturalista,novela naturalista,novela naturalista,novela naturalista,novela naturalista,novela naturalista,novela naturalista,novela naturalista,novela naturalista,novela naturalista,novela naturalista
5153,subgenre-current,novela realista,novela naturalista,80,,3,1,nh0165,novela realista,novela realista,novela realista,novela realista,novela realista,novela realista,novela realista,novela realista,novela realista,novela realista,novela realista
5154,subgenre-current,novela realista,novela naturalista,80,,3,1,nh0174,novela realista,novela realista,novela realista,novela realista,novela realista,novela realista,novela realista,novela realista,novela realista,novela realista,novela realista
5155,subgenre-current,novela realista,novela naturalista,80,,3,1,nh0175,novela realista,novela realista,novela realista,novela realista,novela realista,novela realista,novela realista,novela realista,novela realista,novela realista,novela realista
5156,subgenre-current,novela realista,novela naturalista,80,,3,1,nh0177,novela naturalista,novela naturalista,novela naturalista,novela naturalista,novela naturalista,novela naturalista,novela naturalista,novela naturalista,novela naturalista,novela naturalista,novela naturalista
5157,subgenre-current,novela realista,novela naturalista,80,,3,1,nh0179,novela naturalista,novela naturalista,novela naturalista,novela naturalista,novela naturalista,novela naturalista,novela naturalista,novela naturalista,novela realista,novela naturalista,novela naturalista
5158,subgenre-current,novela realista,novela naturalista,80,,3,1,nh0189,novela naturalista,novela naturalista,novela naturalista,novela naturalista,novela naturalista,novela naturalista,novela naturalista,novela naturalista,novela naturalista,novela naturalista,novela naturalista
5159,subgenre-current,novela realista,novela naturalista,80,,3,1,nh0190,novela naturalista,novela naturalista,novela naturalista,novela naturalista,novela naturalista,novela naturalista,novela naturalista,novela naturalista,novela naturalista,novela naturalista,novela naturalista
5160,subgenre-current,novela realista,novela naturalista,80,,3,1,nh0191,novela naturalista,novela naturalista,novela naturalista,novela naturalista,novela naturalista,novela naturalista,novela naturalista,novela naturalista,novela naturalista,novela naturalista,novela naturalista
5161,subgenre-current,novela realista,novela naturalista,80,,3,1,nh0192,novela naturalista,novela naturalista,novela naturalista,novela naturalista,novela naturalista,novela naturalista,novela naturalista,novela naturalista,novela naturalista,novela naturalista,novela naturalista
5162,subgenre-current,novela realista,novela naturalista,80,,3,1,nh0193,novela naturalista,novela naturalista,novela naturalista,novela naturalista,novela naturalista,novela naturalista,novela naturalista,novela naturalista,novela naturalista,novela naturalista,novela naturalista
5163,subgenre-current,novela realista,novela naturalista,80,,3,1,nh0194,novela naturalista,novela naturalista,novela naturalista,novela naturalista,novela naturalista,novela naturalista,novela naturalista,novela naturalista,novela naturalista,novela naturalista,novela naturalista
5164,subgenre-current,novela realista,novela naturalista,80,,3,1,nh0198,novela realista,novela realista,novela realista,novela realista,novela realista,novela realista,novela realista,novela realista,novela realista,novela realista,novela realista
5165,subgenre-current,novela realista,novela naturalista,80,,3,1,nh0202,novela realista,novela realista,novela realista,novela realista,novela realista,novela realista,novela realista,novela realista,novela realista,novela realista,novela realista
5166,subgenre-current,novela realista,novela naturalista,80,,3,1,nh0204,novela realista,novela realista,novela realista,novela realista,novela realista,novela realista,novela realista,novela realista,novela realista,novela realista,novela realista
5167,subgenre-current,novela realista,novela naturalista,80,,3,1,nh0208,novela realista,novela realista,novela realista,novela realista,novela realista,novela realista,novela realista,novela realista,novela realista,novela realista,novela realista
5168,subgenre-current,novela realista,novela naturalista,80,,3,1,nh0210,novela realista,novela realista,novela realista,novela realista,novela realista,novela realista,novela realista,novela realista,novela realista,novela realista,novela realista
5169,subgenre-current,novela realista,novela naturalista,80,,3,1,nh0214,novela realista,novela realista,novela realista,novela realista,novela realista,novela realista,novela realista,novela realista,novela realista,novela realista,novela realista
5170,subgenre-current,novela realista,novela naturalista,80,,3,1,nh0217,novela naturalista,novela naturalista,novela naturalista,novela naturalista,novela naturalista,novela naturalista,novela naturalista,novela naturalista,novela naturalista,novela realista,novela naturalista
5171,subgenre-current,novela realista,novela naturalista,80,,3,1,nh0221,novela realista,novela realista,novela realista,novela realista,novela realista,novela realista,novela realista,novela realista,novela realista,novela naturalista,novela realista
5172,subgenre-current,novela realista,novela naturalista,80,,3,1,nh0223,novela naturalista,novela naturalista,novela naturalista,novela naturalista,novela naturalista,novela naturalista,novela naturalista,novela naturalista,novela naturalista,novela naturalista,novela naturalista
5173,subgenre-current,novela realista,novela naturalista,80,,3,1,nh0229,novela naturalista,novela naturalista,novela naturalista,novela naturalista,novela naturalista,novela naturalista,novela naturalista,novela naturalista,novela naturalista,novela naturalista,novela naturalista
5174,subgenre-current,novela realista,novela naturalista,80,,3,1,nh0230,novela realista,novela realista,novela realista,novela realista,novela realista,novela realista,novela realista,novela realista,novela realista,novela realista,novela realista
5175,subgenre-current,novela realista,novela naturalista,80,,3,1,nh0232,novela realista,novela realista,novela realista,novela realista,novela realista,novela realista,novela realista,novela realista,novela realista,novela realista,novela realista
5176,subgenre-current,novela realista,novela naturalista,80,,3,1,nh0235,novela realista,novela realista,novela realista,novela realista,novela realista,novela realista,novela realista,novela realista,novela realista,novela realista,novela realista
5177,subgenre-current,novela realista,novela naturalista,80,,3,1,nh0239,novela realista,novela realista,novela realista,novela realista,novela realista,novela realista,novela realista,novela realista,novela realista,novela realista,novela realista
5178,subgenre-current,novela realista,novela naturalista,80,,3,1,nh0255,novela naturalista,novela naturalista,novela naturalista,novela naturalista,novela naturalista,novela naturalista,novela naturalista,novela naturalista,novela naturalista,novela naturalista,novela naturalista
5179,subgenre-current,novela realista,novela naturalista,80,,3,1,nh0256,novela naturalista,novela naturalista,novela naturalista,novela naturalista,novela naturalista,novela naturalista,novela naturalista,novela naturalista,novela naturalista,novela naturalista,novela naturalista
5180,subgenre-current,novela realista,novela naturalista,80,,4,1,nh0002,novela realista,novela naturalista,novela realista,novela realista,novela realista,novela realista,novela realista,novela realista,novela realista,novela realista,novela realista
5181,subgenre-current,novela realista,novela naturalista,80,,4,1,nh0008,novela realista,novela naturalista,novela realista,novela realista,novela realista,novela realista,novela realista,novela realista,novela realista,novela realista,novela realista
5182,subgenre-current,novela realista,novela naturalista,80,,4,1,nh0010,novela realista,novela realista,novela realista,novela realista,novela realista,novela realista,novela realista,novela realista,novela realista,novela realista,novela realista
5183,subgenre-current,novela realista,novela naturalista,80,,4,1,nh0011,novela naturalista,novela naturalista,novela naturalista,novela naturalista,novela naturalista,novela naturalista,novela naturalista,novela naturalista,novela naturalista,novela naturalista,novela naturalista
5184,subgenre-current,novela realista,novela naturalista,80,,4,1,nh0012,novela naturalista,novela naturalista,novela naturalista,novela naturalista,novela naturalista,novela naturalista,novela naturalista,novela naturalista,novela naturalista,novela naturalista,novela naturalista
5185,subgenre-current,novela realista,novela naturalista,80,,4,1,nh0013,novela naturalista,novela realista,novela naturalista,novela naturalista,novela naturalista,novela naturalista,novela naturalista,novela naturalista,novela naturalista,novela naturalista,novela naturalista
5186,subgenre-current,novela realista,novela naturalista,80,,4,1,nh0015,novela realista,novela realista,novela realista,novela realista,novela realista,novela realista,novela realista,novela realista,novela realista,novela realista,novela realista
5187,subgenre-current,novela realista,novela naturalista,80,,4,1,nh0019,novela naturalista,novela naturalista,novela naturalista,novela naturalista,novela naturalista,novela naturalista,novela naturalista,novela naturalista,novela naturalista,novela naturalista,novela naturalista
5188,subgenre-current,novela realista,novela naturalista,80,,4,1,nh0022,novela naturalista,novela naturalista,novela realista,novela naturalista,novela naturalista,novela naturalista,novela naturalista,novela naturalista,novela naturalista,novela naturalista,novela naturalista
5189,subgenre-current,novela realista,novela naturalista,80,,4,1,nh0023,novela realista,novela realista,novela realista,novela realista,novela realista,novela realista,novela realista,novela realista,novela realista,novela realista,novela realista
5190,subgenre-current,novela realista,novela naturalista,80,,4,1,nh0027,novela realista,novela realista,novela naturalista,novela realista,novela realista,novela realista,novela realista,novela realista,novela realista,novela realista,novela realista
5191,subgenre-current,novela realista,novela naturalista,80,,4,1,nh0029,novela naturalista,novela naturalista,novela naturalista,novela naturalista,novela naturalista,novela naturalista,novela naturalista,novela naturalista,novela naturalista,novela naturalista,novela naturalista
5192,subgenre-current,novela realista,novela naturalista,80,,4,1,nh0030,novela naturalista,novela naturalista,novela naturalista,novela naturalista,novela naturalista,novela naturalista,novela naturalista,novela naturalista,novela naturalista,novela naturalista,novela naturalista
5193,subgenre-current,novela realista,novela naturalista,80,,4,1,nh0031,novela naturalista,novela naturalista,novela naturalista,novela naturalista,novela naturalista,novela naturalista,novela naturalista,novela naturalista,novela naturalista,novela naturalista,novela naturalista
5194,subgenre-current,novela realista,novela naturalista,80,,4,1,nh0032,novela naturalista,novela naturalista,novela naturalista,novela naturalista,novela naturalista,novela naturalista,novela naturalista,novela naturalista,novela naturalista,novela naturalista,novela naturalista
5195,subgenre-current,novela realista,novela naturalista,80,,4,1,nh0033,novela naturalista,novela naturalista,novela naturalista,novela naturalista,novela naturalista,novela naturalista,novela naturalista,novela naturalista,novela naturalista,novela naturalista,novela naturalista
5196,subgenre-current,novela realista,novela naturalista,80,,4,1,nh0034,novela naturalista,novela naturalista,novela naturalista,novela naturalista,novela naturalista,novela naturalista,novela naturalista,novela naturalista,novela naturalista,novela naturalista,novela naturalista
5197,subgenre-current,novela realista,novela naturalista,80,,4,1,nh0036,novela realista,novela realista,novela realista,novela realista,novela realista,novela realista,novela realista,novela realista,novela realista,novela realista,novela realista
5198,subgenre-current,novela realista,novela naturalista,80,,4,1,nh0038,novela naturalista,novela naturalista,novela naturalista,novela naturalista,novela realista,novela naturalista,novela naturalista,novela naturalista,novela naturalista,novela naturalista,novela naturalista
5199,subgenre-current,novela realista,novela naturalista,80,,4,1,nh0039,novela naturalista,novela naturalista,novela naturalista,novela naturalista,novela naturalista,novela naturalista,novela naturalista,novela naturalista,novela naturalista,novela naturalista,novela naturalista
5200,subgenre-current,novela realista,novela naturalista,80,,4,1,nh0044,novela realista,novela realista,novela realista,novela realista,novela realista,novela realista,novela realista,novela realista,novela realista,novela realista,novela realista
5201,subgenre-current,novela realista,novela naturalista,80,,4,1,nh0046,novela realista,novela realista,novela realista,novela realista,novela realista,novela realista,novela realista,novela realista,novela realista,novela realista,novela realista
5202,subgenre-current,novela realista,novela naturalista,80,,4,1,nh0047,novela realista,novela realista,novela realista,novela realista,novela realista,novela realista,novela realista,novela realista,novela realista,novela realista,novela realista
5203,subgenre-current,novela realista,novela naturalista,80,,4,1,nh0048,novela realista,novela realista,novela realista,novela realista,novela realista,novela realista,novela realista,novela realista,novela realista,novela realista,novela realista
5204,subgenre-current,novela realista,novela naturalista,80,,4,1,nh0052,novela realista,novela realista,novela realista,novela realista,novela realista,novela realista,novela realista,novela realista,novela realista,novela realista,novela realista
5205,subgenre-current,novela realista,novela naturalista,80,,4,1,nh0057,novela naturalista,novela naturalista,novela naturalista,novela naturalista,novela naturalista,novela realista,novela naturalista,novela naturalista,novela naturalista,novela naturalista,novela naturalista
5206,subgenre-current,novela realista,novela naturalista,80,,4,1,nh0058,novela naturalista,novela naturalista,novela naturalista,novela naturalista,novela naturalista,novela naturalista,novela naturalista,novela naturalista,novela naturalista,novela naturalista,novela naturalista
5207,subgenre-current,novela realista,novela naturalista,80,,4,1,nh0062,novela realista,novela realista,novela realista,novela realista,novela naturalista,novela realista,novela realista,novela realista,novela realista,novela realista,novela realista
5208,subgenre-current,novela realista,novela naturalista,80,,4,1,nh0067,novela realista,novela realista,novela realista,novela realista,novela naturalista,novela realista,novela realista,novela realista,novela realista,novela realista,novela realista
5209,subgenre-current,novela realista,novela naturalista,80,,4,1,nh0068,novela realista,novela realista,novela realista,novela realista,novela realista,novela realista,novela realista,novela realista,novela realista,novela realista,novela realista
5210,subgenre-current,novela realista,novela naturalista,80,,4,1,nh0074,novela naturalista,novela naturalista,novela naturalista,novela naturalista,novela naturalista,novela naturalista,novela naturalista,novela naturalista,novela naturalista,novela naturalista,novela naturalista
5211,subgenre-current,novela realista,novela naturalista,80,,4,1,nh0075,novela realista,novela realista,novela realista,novela realista,novela realista,novela realista,novela realista,novela realista,novela realista,novela realista,novela realista
5212,subgenre-current,novela realista,novela naturalista,80,,4,1,nh0089,novela realista,novela realista,novela realista,novela realista,novela realista,novela realista,novela realista,novela realista,novela realista,novela realista,novela realista
5213,subgenre-current,novela realista,novela naturalista,80,,4,1,nh0090,novela naturalista,novela naturalista,novela naturalista,novela naturalista,novela naturalista,novela naturalista,novela realista,novela naturalista,novela naturalista,novela naturalista,novela naturalista
5214,subgenre-current,novela realista,novela naturalista,80,,4,1,nh0109,novela naturalista,novela naturalista,novela naturalista,novela naturalista,novela naturalista,novela naturalista,novela realista,novela naturalista,novela naturalista,novela naturalista,novela naturalista
5215,subgenre-current,novela realista,novela naturalista,80,,4,1,nh0114,novela naturalista,novela naturalista,novela naturalista,novela naturalista,novela naturalista,novela naturalista,novela naturalista,novela naturalista,novela naturalista,novela naturalista,novela naturalista
5216,subgenre-current,novela realista,novela naturalista,80,,4,1,nh0127,novela realista,novela realista,novela realista,novela realista,novela realista,novela realista,novela realista,novela realista,novela realista,novela realista,novela realista
5217,subgenre-current,novela realista,novela naturalista,80,,4,1,nh0133,novela realista,novela realista,novela realista,novela realista,novela realista,novela naturalista,novela realista,novela realista,novela realista,novela realista,novela realista
5218,subgenre-current,novela realista,novela naturalista,80,,4,1,nh0135,novela realista,novela realista,novela realista,novela realista,novela realista,novela naturalista,novela realista,novela realista,novela realista,novela realista,novela realista
5219,subgenre-current,novela realista,novela naturalista,80,,4,1,nh0136,novela naturalista,novela naturalista,novela naturalista,novela naturalista,novela naturalista,novela naturalista,novela naturalista,novela naturalista,novela naturalista,novela naturalista,novela naturalista
5220,subgenre-current,novela realista,novela naturalista,80,,4,1,nh0148,novela realista,novela realista,novela realista,novela realista,novela realista,novela realista,novela realista,novela realista,novela realista,novela realista,novela realista
5221,subgenre-current,novela realista,novela naturalista,80,,4,1,nh0155,novela naturalista,novela naturalista,novela naturalista,novela naturalista,novela naturalista,novela naturalista,novela naturalista,novela naturalista,novela naturalista,novela naturalista,novela naturalista
5222,subgenre-current,novela realista,novela naturalista,80,,4,1,nh0165,novela realista,novela realista,novela realista,novela realista,novela realista,novela realista,novela realista,novela realista,novela realista,novela realista,novela realista
5223,subgenre-current,novela realista,novela naturalista,80,,4,1,nh0174,novela realista,novela realista,novela realista,novela realista,novela realista,novela realista,novela realista,novela realista,novela realista,novela realista,novela realista
5224,subgenre-current,novela realista,novela naturalista,80,,4,1,nh0175,novela realista,novela realista,novela realista,novela realista,novela realista,novela realista,novela realista,novela realista,novela realista,novela realista,novela realista
5225,subgenre-current,novela realista,novela naturalista,80,,4,1,nh0177,novela naturalista,novela naturalista,novela naturalista,novela naturalista,novela naturalista,novela naturalista,novela naturalista,novela naturalista,novela naturalista,novela naturalista,novela naturalista
5226,subgenre-current,novela realista,novela naturalista,80,,4,1,nh0179,novela naturalista,novela naturalista,novela naturalista,novela naturalista,novela naturalista,novela naturalista,novela naturalista,novela realista,novela naturalista,novela naturalista,novela naturalista
5227,subgenre-current,novela realista,novela naturalista,80,,4,1,nh0189,novela naturalista,novela naturalista,novela naturalista,novela naturalista,novela naturalista,novela naturalista,novela naturalista,novela naturalista,novela naturalista,novela naturalista,novela naturalista
5228,subgenre-current,novela realista,novela naturalista,80,,4,1,nh0190,novela naturalista,novela naturalista,novela naturalista,novela naturalista,novela naturalista,novela naturalista,novela naturalista,novela naturalista,novela naturalista,novela naturalista,novela naturalista
5229,subgenre-current,novela realista,novela naturalista,80,,4,1,nh0191,novela naturalista,novela naturalista,novela naturalista,novela naturalista,novela naturalista,novela naturalista,novela naturalista,novela naturalista,novela naturalista,novela naturalista,novela naturalista
5230,subgenre-current,novela realista,novela naturalista,80,,4,1,nh0192,novela naturalista,novela naturalista,novela naturalista,novela naturalista,novela naturalista,novela naturalista,novela naturalista,novela naturalista,novela naturalista,novela naturalista,novela naturalista
5231,subgenre-current,novela realista,novela naturalista,80,,4,1,nh0193,novela naturalista,novela naturalista,novela naturalista,novela naturalista,novela naturalista,novela naturalista,novela naturalista,novela naturalista,novela naturalista,novela naturalista,novela naturalista
5232,subgenre-current,novela realista,novela naturalista,80,,4,1,nh0194,novela naturalista,novela naturalista,novela naturalista,novela naturalista,novela naturalista,novela naturalista,novela naturalista,novela naturalista,novela naturalista,novela naturalista,novela naturalista
5233,subgenre-current,novela realista,novela naturalista,80,,4,1,nh0198,novela realista,novela realista,novela realista,novela realista,novela realista,novela realista,novela realista,novela realista,novela realista,novela realista,novela realista
5234,subgenre-current,novela realista,novela naturalista,80,,4,1,nh0202,novela realista,novela realista,novela realista,novela realista,novela realista,novela realista,novela realista,novela realista,novela realista,novela realista,novela realista
5235,subgenre-current,novela realista,novela naturalista,80,,4,1,nh0204,novela realista,novela realista,novela realista,novela realista,novela realista,novela realista,novela realista,novela realista,novela realista,novela realista,novela realista
5236,subgenre-current,novela realista,novela naturalista,80,,4,1,nh0206,novela naturalista,novela naturalista,novela naturalista,novela naturalista,novela naturalista,novela naturalista,novela naturalista,novela naturalista,novela naturalista,novela realista,novela naturalista
5237,subgenre-current,novela realista,novela naturalista,80,,4,1,nh0208,novela realista,novela realista,novela realista,novela realista,novela realista,novela realista,novela realista,novela realista,novela realista,novela realista,novela realista
5238,subgenre-current,novela realista,novela naturalista,80,,4,1,nh0210,novela realista,novela realista,novela realista,novela realista,novela realista,novela realista,novela realista,novela realista,novela realista,novela realista,novela realista
5239,subgenre-current,novela realista,novela naturalista,80,,4,1,nh0214,novela realista,novela realista,novela realista,novela realista,novela realista,novela realista,novela realista,novela realista,novela realista,novela realista,novela realista
5240,subgenre-current,novela realista,novela naturalista,80,,4,1,nh0217,novela naturalista,novela naturalista,novela naturalista,novela naturalista,novela naturalista,novela naturalista,novela naturalista,novela naturalista,novela naturalista,novela realista,novela naturalista
5241,subgenre-current,novela realista,novela naturalista,80,,4,1,nh0221,novela realista,novela realista,novela realista,novela realista,novela realista,novela realista,novela realista,novela realista,novela realista,novela naturalista,novela realista
5242,subgenre-current,novela realista,novela naturalista,80,,4,1,nh0223,novela naturalista,novela naturalista,novela naturalista,novela naturalista,novela naturalista,novela naturalista,novela naturalista,novela naturalista,novela naturalista,novela naturalista,novela naturalista
5243,subgenre-current,novela realista,novela naturalista,80,,4,1,nh0229,novela naturalista,novela naturalista,novela naturalista,novela naturalista,novela naturalista,novela naturalista,novela naturalista,novela naturalista,novela naturalista,novela naturalista,novela realista
5244,subgenre-current,novela realista,novela naturalista,80,,4,1,nh0230,novela realista,novela realista,novela realista,novela realista,novela realista,novela realista,novela realista,novela realista,novela realista,novela realista,novela realista
5245,subgenre-current,novela realista,novela naturalista,80,,4,1,nh0232,novela realista,novela realista,novela realista,novela realista,novela realista,novela realista,novela realista,novela realista,novela realista,novela realista,novela realista
5246,subgenre-current,novela realista,novela naturalista,80,,4,1,nh0235,novela realista,novela realista,novela realista,novela realista,novela realista,novela realista,novela realista,novela realista,novela realista,novela realista,novela realista
5247,subgenre-current,novela realista,novela naturalista,80,,4,1,nh0239,novela realista,novela realista,novela realista,novela realista,novela realista,novela realista,novela realista,novela realista,novela realista,novela realista,novela realista
5248,subgenre-current,novela realista,novela naturalista,80,,4,1,nh0254,novela naturalista,novela naturalista,novela naturalista,novela naturalista,novela naturalista,novela naturalista,novela naturalista,novela naturalista,novela naturalista,novela naturalista,novela naturalista
5249,subgenre-current,novela realista,novela naturalista,80,,4,1,nh0256,novela naturalista,novela naturalista,novela naturalista,novela naturalista,novela naturalista,novela naturalista,novela naturalista,novela naturalista,novela naturalista,novela naturalista,novela naturalista
5250,subgenre-current,novela realista,novela naturalista,80,,5,1,nh0002,novela realista,novela naturalista,novela realista,novela realista,novela realista,novela realista,novela realista,novela realista,novela realista,novela realista,novela realista
5251,subgenre-current,novela realista,novela naturalista,80,,5,1,nh0008,novela realista,novela naturalista,novela realista,novela realista,novela realista,novela realista,novela realista,novela realista,novela realista,novela realista,novela realista
5252,subgenre-current,novela realista,novela naturalista,80,,5,1,nh0010,novela realista,novela realista,novela realista,novela realista,novela realista,novela realista,novela realista,novela realista,novela realista,novela realista,novela realista
5253,subgenre-current,novela realista,novela naturalista,80,,5,1,nh0011,novela naturalista,novela naturalista,novela naturalista,novela naturalista,novela naturalista,novela naturalista,novela naturalista,novela naturalista,novela naturalista,novela naturalista,novela naturalista
5254,subgenre-current,novela realista,novela naturalista,80,,5,1,nh0013,novela naturalista,novela realista,novela naturalista,novela naturalista,novela naturalista,novela naturalista,novela naturalista,novela naturalista,novela naturalista,novela naturalista,novela naturalista
5255,subgenre-current,novela realista,novela naturalista,80,,5,1,nh0015,novela realista,novela realista,novela realista,novela realista,novela realista,novela realista,novela realista,novela realista,novela realista,novela realista,novela realista
5256,subgenre-current,novela realista,novela naturalista,80,,5,1,nh0022,novela naturalista,novela naturalista,novela naturalista,novela naturalista,novela naturalista,novela naturalista,novela naturalista,novela naturalista,novela naturalista,novela naturalista,novela naturalista
5257,subgenre-current,novela realista,novela naturalista,80,,5,1,nh0023,novela realista,novela realista,novela realista,novela realista,novela realista,novela realista,novela realista,novela realista,novela realista,novela realista,novela realista
5258,subgenre-current,novela realista,novela naturalista,80,,5,1,nh0027,novela realista,novela realista,novela naturalista,novela realista,novela realista,novela realista,novela realista,novela realista,novela realista,novela realista,novela realista
5259,subgenre-current,novela realista,novela naturalista,80,,5,1,nh0028,novela naturalista,novela naturalista,novela naturalista,novela naturalista,novela naturalista,novela naturalista,novela naturalista,novela naturalista,novela naturalista,novela naturalista,novela naturalista
5260,subgenre-current,novela realista,novela naturalista,80,,5,1,nh0029,novela naturalista,novela naturalista,novela naturalista,novela naturalista,novela naturalista,novela naturalista,novela naturalista,novela naturalista,novela naturalista,novela naturalista,novela naturalista
5261,subgenre-current,novela realista,novela naturalista,80,,5,1,nh0030,novela naturalista,novela naturalista,novela naturalista,novela naturalista,novela naturalista,novela naturalista,novela naturalista,novela naturalista,novela naturalista,novela naturalista,novela naturalista
5262,subgenre-current,novela realista,novela naturalista,80,,5,1,nh0032,novela naturalista,novela naturalista,novela naturalista,novela naturalista,novela naturalista,novela naturalista,novela naturalista,novela naturalista,novela naturalista,novela naturalista,novela naturalista
5263,subgenre-current,novela realista,novela naturalista,80,,5,1,nh0033,novela naturalista,novela naturalista,novela naturalista,novela naturalista,novela naturalista,novela naturalista,novela naturalista,novela naturalista,novela naturalista,novela naturalista,novela naturalista
5264,subgenre-current,novela realista,novela naturalista,80,,5,1,nh0034,novela naturalista,novela naturalista,novela naturalista,novela naturalista,novela naturalista,novela naturalista,novela naturalista,novela naturalista,novela naturalista,novela naturalista,novela naturalista
5265,subgenre-current,novela realista,novela naturalista,80,,5,1,nh0036,novela realista,novela realista,novela realista,novela realista,novela realista,novela realista,novela realista,novela realista,novela realista,novela realista,novela realista
5266,subgenre-current,novela realista,novela naturalista,80,,5,1,nh0038,novela naturalista,novela naturalista,novela naturalista,novela naturalista,novela realista,novela naturalista,novela naturalista,novela naturalista,novela naturalista,novela naturalista,novela naturalista
5267,subgenre-current,novela realista,novela naturalista,80,,5,1,nh0039,novela naturalista,novela naturalista,novela naturalista,novela naturalista,novela naturalista,novela naturalista,novela naturalista,novela naturalista,novela naturalista,novela naturalista,novela naturalista
5268,subgenre-current,novela realista,novela naturalista,80,,5,1,nh0044,novela realista,novela realista,novela naturalista,novela realista,novela realista,novela realista,novela realista,novela realista,novela realista,novela realista,novela realista
5269,subgenre-current,novela realista,novela naturalista,80,,5,1,nh0046,novela realista,novela realista,novela realista,novela realista,novela realista,novela realista,novela realista,novela realista,novela realista,novela realista,novela realista
5270,subgenre-current,novela realista,novela naturalista,80,,5,1,nh0047,novela realista,novela realista,novela realista,novela realista,novela realista,novela realista,novela realista,novela realista,novela realista,novela realista,novela realista
5271,subgenre-current,novela realista,novela naturalista,80,,5,1,nh0048,novela realista,novela realista,novela realista,novela realista,novela realista,novela realista,novela realista,novela realista,novela realista,novela realista,novela realista
5272,subgenre-current,novela realista,novela naturalista,80,,5,1,nh0052,novela realista,novela realista,novela realista,novela realista,novela realista,novela realista,novela realista,novela realista,novela realista,novela realista,novela realista
5273,subgenre-current,novela realista,novela naturalista,80,,5,1,nh0057,novela naturalista,novela naturalista,novela naturalista,novela naturalista,novela realista,novela naturalista,novela naturalista,novela naturalista,novela naturalista,novela naturalista,novela naturalista
5274,subgenre-current,novela realista,novela naturalista,80,,5,1,nh0058,novela naturalista,novela naturalista,novela naturalista,novela naturalista,novela naturalista,novela realista,novela naturalista,novela naturalista,novela naturalista,novela naturalista,novela naturalista
5275,subgenre-current,novela realista,novela naturalista,80,,5,1,nh0060,novela naturalista,novela naturalista,novela naturalista,novela naturalista,novela naturalista,novela naturalista,novela naturalista,novela naturalista,novela naturalista,novela naturalista,novela naturalista
5276,subgenre-current,novela realista,novela naturalista,80,,5,1,nh0062,novela realista,novela realista,novela realista,novela realista,novela naturalista,novela realista,novela realista,novela realista,novela realista,novela realista,novela realista
5277,subgenre-current,novela realista,novela naturalista,80,,5,1,nh0067,novela realista,novela realista,novela realista,novela realista,novela naturalista,novela realista,novela realista,novela realista,novela realista,novela realista,novela realista
5278,subgenre-current,novela realista,novela naturalista,80,,5,1,nh0068,novela realista,novela realista,novela realista,novela realista,novela realista,novela realista,novela realista,novela realista,novela realista,novela realista,novela realista
5279,subgenre-current,novela realista,novela naturalista,80,,5,1,nh0074,novela naturalista,novela naturalista,novela naturalista,novela naturalista,novela naturalista,novela naturalista,novela naturalista,novela naturalista,novela naturalista,novela naturalista,novela naturalista
5280,subgenre-current,novela realista,novela naturalista,80,,5,1,nh0075,novela realista,novela realista,novela realista,novela realista,novela realista,novela realista,novela realista,novela realista,novela realista,novela realista,novela realista
5281,subgenre-current,novela realista,novela naturalista,80,,5,1,nh0080,novela naturalista,novela naturalista,novela naturalista,novela naturalista,novela naturalista,novela naturalista,novela naturalista,novela naturalista,novela naturalista,novela naturalista,novela naturalista
5282,subgenre-current,novela realista,novela naturalista,80,,5,1,nh0088,novela naturalista,novela naturalista,novela naturalista,novela naturalista,novela naturalista,novela naturalista,novela naturalista,novela naturalista,novela naturalista,novela naturalista,novela naturalista
5283,subgenre-current,novela realista,novela naturalista,80,,5,1,nh0089,novela realista,novela realista,novela realista,novela realista,novela realista,novela realista,novela realista,novela realista,novela realista,novela realista,novela realista
5284,subgenre-current,novela realista,novela naturalista,80,,5,1,nh0090,novela naturalista,novela naturalista,novela naturalista,novela naturalista,novela naturalista,novela naturalista,novela realista,novela naturalista,novela naturalista,novela naturalista,novela naturalista
5285,subgenre-current,novela realista,novela naturalista,80,,5,1,nh0114,novela naturalista,novela naturalista,novela naturalista,novela naturalista,novela naturalista,novela naturalista,novela naturalista,novela naturalista,novela naturalista,novela naturalista,novela naturalista
5286,subgenre-current,novela realista,novela naturalista,80,,5,1,nh0127,novela realista,novela realista,novela realista,novela realista,novela realista,novela realista,novela realista,novela realista,novela realista,novela realista,novela realista
5287,subgenre-current,novela realista,novela naturalista,80,,5,1,nh0133,novela realista,novela realista,novela realista,novela realista,novela realista,novela naturalista,novela realista,novela realista,novela realista,novela realista,novela realista
5288,subgenre-current,novela realista,novela naturalista,80,,5,1,nh0135,novela realista,novela realista,novela realista,novela realista,novela realista,novela naturalista,novela realista,novela realista,novela realista,novela realista,novela realista
5289,subgenre-current,novela realista,novela naturalista,80,,5,1,nh0136,novela naturalista,novela naturalista,novela naturalista,novela naturalista,novela naturalista,novela naturalista,novela naturalista,novela naturalista,novela naturalista,novela naturalista,novela naturalista
5290,subgenre-current,novela realista,novela naturalista,80,,5,1,nh0148,novela realista,novela realista,novela realista,novela realista,novela realista,novela realista,novela realista,novela realista,novela realista,novela realista,novela realista
5291,subgenre-current,novela realista,novela naturalista,80,,5,1,nh0164,novela naturalista,novela naturalista,novela naturalista,novela naturalista,novela naturalista,novela naturalista,novela naturalista,novela naturalista,novela naturalista,novela naturalista,novela naturalista
5292,subgenre-current,novela realista,novela naturalista,80,,5,1,nh0165,novela realista,novela realista,novela realista,novela realista,novela realista,novela realista,novela realista,novela realista,novela realista,novela realista,novela realista
5293,subgenre-current,novela realista,novela naturalista,80,,5,1,nh0174,novela realista,novela realista,novela realista,novela realista,novela realista,novela realista,novela realista,novela realista,novela realista,novela realista,novela realista
5294,subgenre-current,novela realista,novela naturalista,80,,5,1,nh0175,novela realista,novela realista,novela realista,novela realista,novela realista,novela realista,novela realista,novela realista,novela realista,novela realista,novela realista
5295,subgenre-current,novela realista,novela naturalista,80,,5,1,nh0177,novela naturalista,novela naturalista,novela naturalista,novela naturalista,novela naturalista,novela naturalista,novela naturalista,novela naturalista,novela naturalista,novela naturalista,novela naturalista
5296,subgenre-current,novela realista,novela naturalista,80,,5,1,nh0179,novela naturalista,novela naturalista,novela naturalista,novela naturalista,novela naturalista,novela naturalista,novela naturalista,novela realista,novela naturalista,novela naturalista,novela naturalista
5297,subgenre-current,novela realista,novela naturalista,80,,5,1,nh0189,novela naturalista,novela naturalista,novela naturalista,novela naturalista,novela naturalista,novela naturalista,novela naturalista,novela naturalista,novela naturalista,novela naturalista,novela naturalista
5298,subgenre-current,novela realista,novela naturalista,80,,5,1,nh0191,novela naturalista,novela naturalista,novela naturalista,novela naturalista,novela naturalista,novela naturalista,novela naturalista,novela naturalista,novela naturalista,novela naturalista,novela naturalista
5299,subgenre-current,novela realista,novela naturalista,80,,5,1,nh0192,novela naturalista,novela naturalista,novela naturalista,novela naturalista,novela naturalista,novela naturalista,novela naturalista,novela naturalista,novela naturalista,novela naturalista,novela naturalista
5300,subgenre-current,novela realista,novela naturalista,80,,5,1,nh0193,novela naturalista,novela naturalista,novela naturalista,novela naturalista,novela naturalista,novela naturalista,novela naturalista,novela naturalista,novela naturalista,novela naturalista,novela naturalista
5301,subgenre-current,novela realista,novela naturalista,80,,5,1,nh0194,novela naturalista,novela naturalista,novela naturalista,novela naturalista,novela naturalista,novela naturalista,novela naturalista,novela naturalista,novela naturalista,novela naturalista,novela naturalista
5302,subgenre-current,novela realista,novela naturalista,80,,5,1,nh0198,novela realista,novela realista,novela realista,novela realista,novela realista,novela realista,novela realista,novela realista,novela realista,novela realista,novela realista
5303,subgenre-current,novela realista,novela naturalista,80,,5,1,nh0202,novela realista,novela realista,novela realista,novela realista,novela realista,novela realista,novela realista,novela realista,novela realista,novela realista,novela realista
5304,subgenre-current,novela realista,novela naturalista,80,,5,1,nh0204,novela realista,novela realista,novela realista,novela realista,novela realista,novela realista,novela realista,novela realista,novela realista,novela realista,novela realista
5305,subgenre-current,novela realista,novela naturalista,80,,5,1,nh0205,novela naturalista,novela naturalista,novela naturalista,novela naturalista,novela naturalista,novela naturalista,novela naturalista,novela naturalista,novela naturalista,novela naturalista,novela naturalista
5306,subgenre-current,novela realista,novela naturalista,80,,5,1,nh0206,novela naturalista,novela naturalista,novela naturalista,novela naturalista,novela naturalista,novela naturalista,novela naturalista,novela naturalista,novela naturalista,novela realista,novela naturalista
5307,subgenre-current,novela realista,novela naturalista,80,,5,1,nh0208,novela realista,novela realista,novela realista,novela realista,novela realista,novela realista,novela realista,novela realista,novela realista,novela realista,novela realista
5308,subgenre-current,novela realista,novela naturalista,80,,5,1,nh0210,novela realista,novela realista,novela realista,novela realista,novela realista,novela realista,novela realista,novela realista,novela realista,novela realista,novela realista
5309,subgenre-current,novela realista,novela naturalista,80,,5,1,nh0214,novela realista,novela realista,novela realista,novela realista,novela realista,novela realista,novela realista,novela realista,novela realista,novela realista,novela realista
5310,subgenre-current,novela realista,novela naturalista,80,,5,1,nh0217,novela naturalista,novela naturalista,novela naturalista,novela naturalista,novela naturalista,novela naturalista,novela naturalista,novela naturalista,novela naturalista,novela realista,novela naturalista
5311,subgenre-current,novela realista,novela naturalista,80,,5,1,nh0221,novela realista,novela realista,novela realista,novela realista,novela realista,novela realista,novela realista,novela realista,novela realista,novela naturalista,novela realista
5312,subgenre-current,novela realista,novela naturalista,80,,5,1,nh0223,novela naturalista,novela naturalista,novela naturalista,novela naturalista,novela naturalista,novela naturalista,novela naturalista,novela naturalista,novela naturalista,novela naturalista,novela naturalista
5313,subgenre-current,novela realista,novela naturalista,80,,5,1,nh0229,novela naturalista,novela naturalista,novela naturalista,novela naturalista,novela naturalista,novela naturalista,novela naturalista,novela naturalista,novela naturalista,novela naturalista,novela naturalista
5314,subgenre-current,novela realista,novela naturalista,80,,5,1,nh0230,novela realista,novela realista,novela realista,novela realista,novela realista,novela realista,novela realista,novela realista,novela realista,novela realista,novela realista
5315,subgenre-current,novela realista,novela naturalista,80,,5,1,nh0232,novela realista,novela realista,novela realista,novela realista,novela realista,novela realista,novela realista,novela realista,novela realista,novela realista,novela realista
5316,subgenre-current,novela realista,novela naturalista,80,,5,1,nh0235,novela realista,novela realista,novela realista,novela realista,novela realista,novela realista,novela realista,novela realista,novela realista,novela realista,novela realista
5317,subgenre-current,novela realista,novela naturalista,80,,5,1,nh0239,novela realista,novela realista,novela realista,novela realista,novela realista,novela realista,novela realista,novela realista,novela realista,novela realista,novela realista
5318,subgenre-current,novela realista,novela naturalista,80,,5,1,nh0255,novela naturalista,novela naturalista,novela naturalista,novela naturalista,novela naturalista,novela naturalista,novela naturalista,novela naturalista,novela naturalista,novela naturalista,novela naturalista
5319,subgenre-current,novela realista,novela naturalista,80,,5,1,nh0256,novela naturalista,novela naturalista,novela naturalista,novela naturalista,novela naturalista,novela naturalista,novela naturalista,novela naturalista,novela naturalista,novela naturalista,novela naturalista
5320,subgenre-current,novela realista,novela naturalista,80,,6,1,nh0002,novela realista,novela naturalista,novela realista,novela realista,novela realista,novela realista,novela realista,novela realista,novela realista,novela realista,novela realista
5321,subgenre-current,novela realista,novela naturalista,80,,6,1,nh0008,novela realista,novela naturalista,novela realista,novela realista,novela realista,novela realista,novela realista,novela realista,novela realista,novela realista,novela realista
5322,subgenre-current,novela realista,novela naturalista,80,,6,1,nh0010,novela realista,novela realista,novela realista,novela realista,novela realista,novela realista,novela realista,novela realista,novela realista,novela realista,novela realista
5323,subgenre-current,novela realista,novela naturalista,80,,6,1,nh0011,novela naturalista,novela naturalista,novela naturalista,novela naturalista,novela naturalista,novela naturalista,novela naturalista,novela naturalista,novela naturalista,novela naturalista,novela naturalista
5324,subgenre-current,novela realista,novela naturalista,80,,6,1,nh0012,novela naturalista,novela naturalista,novela naturalista,novela naturalista,novela naturalista,novela naturalista,novela naturalista,novela naturalista,novela naturalista,novela naturalista,novela naturalista
5325,subgenre-current,novela realista,novela naturalista,80,,6,1,nh0013,novela naturalista,novela realista,novela naturalista,novela naturalista,novela naturalista,novela naturalista,novela naturalista,novela naturalista,novela naturalista,novela naturalista,novela naturalista
5326,subgenre-current,novela realista,novela naturalista,80,,6,1,nh0015,novela realista,novela realista,novela realista,novela realista,novela realista,novela realista,novela realista,novela realista,novela realista,novela realista,novela realista
5327,subgenre-current,novela realista,novela naturalista,80,,6,1,nh0019,novela naturalista,novela naturalista,novela naturalista,novela naturalista,novela naturalista,novela naturalista,novela naturalista,novela naturalista,novela naturalista,novela naturalista,novela naturalista
5328,subgenre-current,novela realista,novela naturalista,80,,6,1,nh0023,novela realista,novela realista,novela realista,novela realista,novela realista,novela realista,novela realista,novela realista,novela realista,novela realista,novela realista
5329,subgenre-current,novela realista,novela naturalista,80,,6,1,nh0027,novela realista,novela realista,novela naturalista,novela realista,novela realista,novela realista,novela realista,novela realista,novela realista,novela realista,novela realista
5330,subgenre-current,novela realista,novela naturalista,80,,6,1,nh0028,novela naturalista,novela naturalista,novela naturalista,novela naturalista,novela naturalista,novela naturalista,novela naturalista,novela naturalista,novela naturalista,novela naturalista,novela naturalista
5331,subgenre-current,novela realista,novela naturalista,80,,6,1,nh0029,novela naturalista,novela naturalista,novela naturalista,novela naturalista,novela naturalista,novela naturalista,novela naturalista,novela naturalista,novela naturalista,novela naturalista,novela naturalista
5332,subgenre-current,novela realista,novela naturalista,80,,6,1,nh0031,novela naturalista,novela naturalista,novela naturalista,novela naturalista,novela naturalista,novela naturalista,novela naturalista,novela naturalista,novela naturalista,novela naturalista,novela naturalista
5333,subgenre-current,novela realista,novela naturalista,80,,6,1,nh0032,novela naturalista,novela naturalista,novela naturalista,novela naturalista,novela naturalista,novela naturalista,novela naturalista,novela naturalista,novela naturalista,novela naturalista,novela naturalista
5334,subgenre-current,novela realista,novela naturalista,80,,6,1,nh0033,novela naturalista,novela naturalista,novela naturalista,novela naturalista,novela naturalista,novela naturalista,novela naturalista,novela naturalista,novela naturalista,novela naturalista,novela naturalista
5335,subgenre-current,novela realista,novela naturalista,80,,6,1,nh0034,novela naturalista,novela naturalista,novela naturalista,novela naturalista,novela naturalista,novela naturalista,novela naturalista,novela naturalista,novela naturalista,novela naturalista,novela naturalista
5336,subgenre-current,novela realista,novela naturalista,80,,6,1,nh0036,novela realista,novela realista,novela realista,novela realista,novela realista,novela realista,novela realista,novela realista,novela realista,novela realista,novela realista
5337,subgenre-current,novela realista,novela naturalista,80,,6,1,nh0039,novela naturalista,novela naturalista,novela naturalista,novela naturalista,novela naturalista,novela naturalista,novela naturalista,novela naturalista,novela naturalista,novela naturalista,novela naturalista
5338,subgenre-current,novela realista,novela naturalista,80,,6,1,nh0044,novela realista,novela realista,novela naturalista,novela realista,novela realista,novela realista,novela realista,novela realista,novela realista,novela realista,novela realista
5339,subgenre-current,novela realista,novela naturalista,80,,6,1,nh0046,novela realista,novela realista,novela realista,novela realista,novela realista,novela realista,novela realista,novela realista,novela realista,novela realista,novela realista
5340,subgenre-current,novela realista,novela naturalista,80,,6,1,nh0047,novela realista,novela realista,novela realista,novela realista,novela realista,novela realista,novela realista,novela realista,novela realista,novela realista,novela realista
5341,subgenre-current,novela realista,novela naturalista,80,,6,1,nh0048,novela realista,novela realista,novela realista,novela realista,novela realista,novela realista,novela realista,novela realista,novela realista,novela realista,novela realista
5342,subgenre-current,novela realista,novela naturalista,80,,6,1,nh0052,novela realista,novela realista,novela realista,novela realista,novela realista,novela realista,novela realista,novela realista,novela realista,novela realista,novela realista
5343,subgenre-current,novela realista,novela naturalista,80,,6,1,nh0057,novela naturalista,novela naturalista,novela naturalista,novela naturalista,novela realista,novela naturalista,novela naturalista,novela naturalista,novela naturalista,novela naturalista,novela naturalista
5344,subgenre-current,novela realista,novela naturalista,80,,6,1,nh0058,novela naturalista,novela naturalista,novela naturalista,novela naturalista,novela naturalista,novela realista,novela naturalista,novela naturalista,novela naturalista,novela naturalista,novela naturalista
5345,subgenre-current,novela realista,novela naturalista,80,,6,1,nh0059,novela naturalista,novela naturalista,novela naturalista,novela naturalista,novela naturalista,novela realista,novela naturalista,novela naturalista,novela naturalista,novela naturalista,novela naturalista
5346,subgenre-current,novela realista,novela naturalista,80,,6,1,nh0060,novela naturalista,novela naturalista,novela naturalista,novela naturalista,novela naturalista,novela naturalista,novela naturalista,novela naturalista,novela naturalista,novela naturalista,novela naturalista
5347,subgenre-current,novela realista,novela naturalista,80,,6,1,nh0062,novela realista,novela realista,novela realista,novela realista,novela naturalista,novela realista,novela realista,novela realista,novela realista,novela realista,novela realista
5348,subgenre-current,novela realista,novela naturalista,80,,6,1,nh0067,novela realista,novela realista,novela realista,novela realista,novela naturalista,novela realista,novela realista,novela realista,novela realista,novela realista,novela realista
5349,subgenre-current,novela realista,novela naturalista,80,,6,1,nh0068,novela realista,novela realista,novela realista,novela realista,novela realista,novela realista,novela realista,novela realista,novela realista,novela realista,novela realista
5350,subgenre-current,novela realista,novela naturalista,80,,6,1,nh0074,novela naturalista,novela naturalista,novela naturalista,novela naturalista,novela naturalista,novela naturalista,novela naturalista,novela naturalista,novela naturalista,novela naturalista,novela naturalista
5351,subgenre-current,novela realista,novela naturalista,80,,6,1,nh0075,novela realista,novela realista,novela realista,novela realista,novela realista,novela realista,novela realista,novela realista,novela realista,novela realista,novela realista
5352,subgenre-current,novela realista,novela naturalista,80,,6,1,nh0088,novela naturalista,novela naturalista,novela naturalista,novela naturalista,novela naturalista,novela naturalista,novela naturalista,novela naturalista,novela naturalista,novela naturalista,novela naturalista
5353,subgenre-current,novela realista,novela naturalista,80,,6,1,nh0089,novela realista,novela realista,novela realista,novela realista,novela realista,novela realista,novela realista,novela realista,novela realista,novela realista,novela realista
5354,subgenre-current,novela realista,novela naturalista,80,,6,1,nh0090,novela naturalista,novela naturalista,novela naturalista,novela naturalista,novela naturalista,novela naturalista,novela realista,novela naturalista,novela naturalista,novela naturalista,novela naturalista
5355,subgenre-current,novela realista,novela naturalista,80,,6,1,nh0109,novela naturalista,novela naturalista,novela naturalista,novela naturalista,novela naturalista,novela naturalista,novela realista,novela naturalista,novela naturalista,novela naturalista,novela naturalista
5356,subgenre-current,novela realista,novela naturalista,80,,6,1,nh0114,novela naturalista,novela naturalista,novela naturalista,novela naturalista,novela naturalista,novela naturalista,novela naturalista,novela naturalista,novela naturalista,novela naturalista,novela naturalista
5357,subgenre-current,novela realista,novela naturalista,80,,6,1,nh0127,novela realista,novela realista,novela realista,novela realista,novela realista,novela realista,novela realista,novela realista,novela realista,novela realista,novela realista
5358,subgenre-current,novela realista,novela naturalista,80,,6,1,nh0133,novela realista,novela realista,novela realista,novela realista,novela realista,novela naturalista,novela realista,novela realista,novela realista,novela realista,novela realista
5359,subgenre-current,novela realista,novela naturalista,80,,6,1,nh0135,novela realista,novela realista,novela realista,novela realista,novela realista,novela naturalista,novela realista,novela realista,novela realista,novela realista,novela realista
5360,subgenre-current,novela realista,novela naturalista,80,,6,1,nh0136,novela naturalista,novela naturalista,novela naturalista,novela naturalista,novela naturalista,novela naturalista,novela naturalista,novela naturalista,novela naturalista,novela naturalista,novela naturalista
5361,subgenre-current,novela realista,novela naturalista,80,,6,1,nh0148,novela realista,novela realista,novela realista,novela realista,novela realista,novela realista,novela realista,novela realista,novela realista,novela realista,novela realista
5362,subgenre-current,novela realista,novela naturalista,80,,6,1,nh0155,novela naturalista,novela naturalista,novela naturalista,novela naturalista,novela naturalista,novela naturalista,novela naturalista,novela naturalista,novela naturalista,novela naturalista,novela naturalista
5363,subgenre-current,novela realista,novela naturalista,80,,6,1,nh0163,novela naturalista,novela naturalista,novela naturalista,novela naturalista,novela naturalista,novela naturalista,novela naturalista,novela naturalista,novela naturalista,novela naturalista,novela naturalista
5364,subgenre-current,novela realista,novela naturalista,80,,6,1,nh0164,novela naturalista,novela naturalista,novela naturalista,novela naturalista,novela naturalista,novela naturalista,novela naturalista,novela naturalista,novela naturalista,novela naturalista,novela naturalista
5365,subgenre-current,novela realista,novela naturalista,80,,6,1,nh0165,novela realista,novela realista,novela realista,novela realista,novela realista,novela realista,novela realista,novela realista,novela realista,novela realista,novela realista
5366,subgenre-current,novela realista,novela naturalista,80,,6,1,nh0174,novela realista,novela realista,novela realista,novela realista,novela realista,novela realista,novela realista,novela realista,novela realista,novela realista,novela realista
5367,subgenre-current,novela realista,novela naturalista,80,,6,1,nh0175,novela realista,novela realista,novela realista,novela realista,novela realista,novela realista,novela realista,novela realista,novela realista,novela realista,novela realista
5368,subgenre-current,novela realista,novela naturalista,80,,6,1,nh0177,novela naturalista,novela naturalista,novela naturalista,novela naturalista,novela naturalista,novela naturalista,novela naturalista,novela naturalista,novela naturalista,novela naturalista,novela naturalista
5369,subgenre-current,novela realista,novela naturalista,80,,6,1,nh0179,novela naturalista,novela naturalista,novela naturalista,novela naturalista,novela naturalista,novela naturalista,novela naturalista,novela naturalista,novela realista,novela naturalista,novela naturalista
5370,subgenre-current,novela realista,novela naturalista,80,,6,1,nh0189,novela naturalista,novela naturalista,novela naturalista,novela naturalista,novela naturalista,novela naturalista,novela naturalista,novela naturalista,novela naturalista,novela naturalista,novela naturalista
5371,subgenre-current,novela realista,novela naturalista,80,,6,1,nh0190,novela naturalista,novela naturalista,novela naturalista,novela naturalista,novela naturalista,novela naturalista,novela naturalista,novela naturalista,novela naturalista,novela naturalista,novela naturalista
5372,subgenre-current,novela realista,novela naturalista,80,,6,1,nh0192,novela naturalista,novela naturalista,novela naturalista,novela naturalista,novela naturalista,novela naturalista,novela naturalista,novela naturalista,novela naturalista,novela naturalista,novela naturalista
5373,subgenre-current,novela realista,novela naturalista,80,,6,1,nh0193,novela naturalista,novela naturalista,novela naturalista,novela naturalista,novela naturalista,novela naturalista,novela naturalista,novela naturalista,novela naturalista,novela realista,novela naturalista
5374,subgenre-current,novela realista,novela naturalista,80,,6,1,nh0198,novela realista,novela realista,novela realista,novela realista,novela realista,novela realista,novela realista,novela realista,novela realista,novela realista,novela realista
5375,subgenre-current,novela realista,novela naturalista,80,,6,1,nh0202,novela realista,novela realista,novela realista,novela realista,novela realista,novela realista,novela realista,novela realista,novela realista,novela realista,novela realista
5376,subgenre-current,novela realista,novela naturalista,80,,6,1,nh0204,novela realista,novela realista,novela realista,novela realista,novela realista,novela realista,novela realista,novela realista,novela realista,novela realista,novela realista
5377,subgenre-current,novela realista,novela naturalista,80,,6,1,nh0205,novela naturalista,novela naturalista,novela naturalista,novela naturalista,novela naturalista,novela naturalista,novela naturalista,novela naturalista,novela naturalista,novela naturalista,novela naturalista
5378,subgenre-current,novela realista,novela naturalista,80,,6,1,nh0208,novela realista,novela realista,novela realista,novela realista,novela realista,novela realista,novela realista,novela realista,novela realista,novela realista,novela realista
5379,subgenre-current,novela realista,novela naturalista,80,,6,1,nh0210,novela realista,novela realista,novela realista,novela realista,novela realista,novela realista,novela realista,novela realista,novela realista,novela realista,novela realista
5380,subgenre-current,novela realista,novela naturalista,80,,6,1,nh0214,novela realista,novela realista,novela realista,novela realista,novela realista,novela realista,novela realista,novela realista,novela realista,novela realista,novela realista
5381,subgenre-current,novela realista,novela naturalista,80,,6,1,nh0217,novela naturalista,novela naturalista,novela naturalista,novela naturalista,novela naturalista,novela naturalista,novela naturalista,novela naturalista,novela naturalista,novela naturalista,novela realista
5382,subgenre-current,novela realista,novela naturalista,80,,6,1,nh0221,novela realista,novela realista,novela realista,novela realista,novela realista,novela realista,novela realista,novela realista,novela realista,novela naturalista,novela realista
5383,subgenre-current,novela realista,novela naturalista,80,,6,1,nh0223,novela naturalista,novela naturalista,novela naturalista,novela naturalista,novela naturalista,novela naturalista,novela naturalista,novela naturalista,novela naturalista,novela naturalista,novela naturalista
5384,subgenre-current,novela realista,novela naturalista,80,,6,1,nh0230,novela realista,novela realista,novela realista,novela realista,novela realista,novela realista,novela realista,novela realista,novela realista,novela realista,novela realista
5385,subgenre-current,novela realista,novela naturalista,80,,6,1,nh0232,novela realista,novela realista,novela realista,novela realista,novela realista,novela realista,novela realista,novela realista,novela realista,novela realista,novela realista
5386,subgenre-current,novela realista,novela naturalista,80,,6,1,nh0235,novela realista,novela realista,novela realista,novela realista,novela realista,novela realista,novela realista,novela realista,novela realista,novela realista,novela realista
5387,subgenre-current,novela realista,novela naturalista,80,,6,1,nh0239,novela realista,novela realista,novela realista,novela realista,novela realista,novela realista,novela realista,novela realista,novela realista,novela realista,novela realista
5388,subgenre-current,novela realista,novela naturalista,80,,6,1,nh0254,novela naturalista,novela naturalista,novela naturalista,novela naturalista,novela naturalista,novela naturalista,novela naturalista,novela naturalista,novela naturalista,novela naturalista,novela naturalista
5389,subgenre-current,novela realista,novela naturalista,80,,6,1,nh0256,novela naturalista,novela naturalista,novela naturalista,novela naturalista,novela naturalista,novela naturalista,novela naturalista,novela naturalista,novela naturalista,novela naturalista,novela naturalista
5390,subgenre-current,novela realista,novela naturalista,80,,7,1,nh0002,novela realista,novela naturalista,novela realista,novela realista,novela realista,novela realista,novela realista,novela realista,novela realista,novela realista,novela realista
5391,subgenre-current,novela realista,novela naturalista,80,,7,1,nh0008,novela realista,novela naturalista,novela realista,novela realista,novela realista,novela realista,novela realista,novela realista,novela realista,novela realista,novela realista
5392,subgenre-current,novela realista,novela naturalista,80,,7,1,nh0010,novela realista,novela realista,novela realista,novela realista,novela realista,novela realista,novela realista,novela realista,novela realista,novela realista,novela realista
5393,subgenre-current,novela realista,novela naturalista,80,,7,1,nh0011,novela naturalista,novela naturalista,novela naturalista,novela naturalista,novela naturalista,novela naturalista,novela naturalista,novela naturalista,novela naturalista,novela naturalista,novela naturalista
5394,subgenre-current,novela realista,novela naturalista,80,,7,1,nh0012,novela naturalista,novela naturalista,novela naturalista,novela naturalista,novela naturalista,novela naturalista,novela naturalista,novela naturalista,novela naturalista,novela naturalista,novela naturalista
5395,subgenre-current,novela realista,novela naturalista,80,,7,1,nh0015,novela realista,novela realista,novela realista,novela realista,novela realista,novela realista,novela realista,novela realista,novela realista,novela realista,novela realista
5396,subgenre-current,novela realista,novela naturalista,80,,7,1,nh0019,novela naturalista,novela naturalista,novela naturalista,novela naturalista,novela naturalista,novela naturalista,novela naturalista,novela naturalista,novela naturalista,novela naturalista,novela naturalista
5397,subgenre-current,novela realista,novela naturalista,80,,7,1,nh0022,novela naturalista,novela naturalista,novela realista,novela naturalista,novela naturalista,novela naturalista,novela naturalista,novela naturalista,novela naturalista,novela naturalista,novela naturalista
5398,subgenre-current,novela realista,novela naturalista,80,,7,1,nh0023,novela realista,novela realista,novela realista,novela realista,novela realista,novela realista,novela realista,novela realista,novela realista,novela realista,novela realista
5399,subgenre-current,novela realista,novela naturalista,80,,7,1,nh0027,novela realista,novela realista,novela naturalista,novela realista,novela realista,novela realista,novela realista,novela realista,novela realista,novela realista,novela realista
5400,subgenre-current,novela realista,novela naturalista,80,,7,1,nh0028,novela naturalista,novela naturalista,novela naturalista,novela naturalista,novela naturalista,novela naturalista,novela naturalista,novela naturalista,novela naturalista,novela naturalista,novela naturalista
5401,subgenre-current,novela realista,novela naturalista,80,,7,1,nh0030,novela naturalista,novela naturalista,novela naturalista,novela naturalista,novela naturalista,novela naturalista,novela naturalista,novela naturalista,novela naturalista,novela naturalista,novela naturalista
5402,subgenre-current,novela realista,novela naturalista,80,,7,1,nh0031,novela naturalista,novela naturalista,novela naturalista,novela naturalista,novela naturalista,novela naturalista,novela naturalista,novela naturalista,novela naturalista,novela naturalista,novela naturalista
5403,subgenre-current,novela realista,novela naturalista,80,,7,1,nh0032,novela naturalista,novela naturalista,novela naturalista,novela naturalista,novela naturalista,novela naturalista,novela naturalista,novela naturalista,novela naturalista,novela naturalista,novela naturalista
5404,subgenre-current,novela realista,novela naturalista,80,,7,1,nh0033,novela naturalista,novela naturalista,novela naturalista,novela naturalista,novela naturalista,novela naturalista,novela naturalista,novela naturalista,novela naturalista,novela naturalista,novela naturalista
5405,subgenre-current,novela realista,novela naturalista,80,,7,1,nh0034,novela naturalista,novela naturalista,novela naturalista,novela naturalista,novela naturalista,novela naturalista,novela naturalista,novela naturalista,novela naturalista,novela naturalista,novela naturalista
5406,subgenre-current,novela realista,novela naturalista,80,,7,1,nh0036,novela realista,novela realista,novela realista,novela realista,novela realista,novela realista,novela realista,novela realista,novela realista,novela realista,novela realista
5407,subgenre-current,novela realista,novela naturalista,80,,7,1,nh0038,novela naturalista,novela naturalista,novela naturalista,novela naturalista,novela naturalista,novela naturalista,novela naturalista,novela naturalista,novela naturalista,novela naturalista,novela naturalista
5408,subgenre-current,novela realista,novela naturalista,80,,7,1,nh0039,novela naturalista,novela naturalista,novela naturalista,novela naturalista,novela realista,novela naturalista,novela naturalista,novela naturalista,novela naturalista,novela naturalista,novela naturalista
5409,subgenre-current,novela realista,novela naturalista,80,,7,1,nh0044,novela realista,novela realista,novela naturalista,novela realista,novela realista,novela realista,novela realista,novela realista,novela realista,novela realista,novela realista
5410,subgenre-current,novela realista,novela naturalista,80,,7,1,nh0046,novela realista,novela realista,novela realista,novela realista,novela realista,novela realista,novela realista,novela realista,novela realista,novela realista,novela realista
5411,subgenre-current,novela realista,novela naturalista,80,,7,1,nh0047,novela realista,novela realista,novela realista,novela realista,novela realista,novela realista,novela realista,novela realista,novela realista,novela realista,novela realista
5412,subgenre-current,novela realista,novela naturalista,80,,7,1,nh0048,novela realista,novela realista,novela realista,novela naturalista,novela realista,novela realista,novela realista,novela realista,novela realista,novela realista,novela realista
5413,subgenre-current,novela realista,novela naturalista,80,,7,1,nh0052,novela realista,novela realista,novela realista,novela realista,novela realista,novela realista,novela realista,novela realista,novela realista,novela realista,novela realista
5414,subgenre-current,novela realista,novela naturalista,80,,7,1,nh0057,novela naturalista,novela naturalista,novela naturalista,novela naturalista,novela naturalista,novela realista,novela naturalista,novela naturalista,novela naturalista,novela naturalista,novela naturalista
5415,subgenre-current,novela realista,novela naturalista,80,,7,1,nh0058,novela naturalista,novela naturalista,novela naturalista,novela naturalista,novela naturalista,novela naturalista,novela naturalista,novela naturalista,novela naturalista,novela naturalista,novela naturalista
5416,subgenre-current,novela realista,novela naturalista,80,,7,1,nh0059,novela naturalista,novela naturalista,novela naturalista,novela naturalista,novela naturalista,novela realista,novela naturalista,novela naturalista,novela naturalista,novela naturalista,novela naturalista
5417,subgenre-current,novela realista,novela naturalista,80,,7,1,nh0062,novela realista,novela realista,novela realista,novela realista,novela naturalista,novela realista,novela realista,novela realista,novela realista,novela realista,novela realista
5418,subgenre-current,novela realista,novela naturalista,80,,7,1,nh0067,novela realista,novela realista,novela realista,novela realista,novela naturalista,novela realista,novela realista,novela realista,novela realista,novela realista,novela realista
5419,subgenre-current,novela realista,novela naturalista,80,,7,1,nh0068,novela realista,novela realista,novela realista,novela realista,novela realista,novela realista,novela realista,novela realista,novela realista,novela realista,novela realista
5420,subgenre-current,novela realista,novela naturalista,80,,7,1,nh0074,novela naturalista,novela naturalista,novela naturalista,novela naturalista,novela naturalista,novela naturalista,novela naturalista,novela naturalista,novela naturalista,novela naturalista,novela naturalista
5421,subgenre-current,novela realista,novela naturalista,80,,7,1,nh0075,novela realista,novela realista,novela realista,novela realista,novela realista,novela realista,novela realista,novela realista,novela realista,novela realista,novela realista
5422,subgenre-current,novela realista,novela naturalista,80,,7,1,nh0076,novela naturalista,novela naturalista,novela naturalista,novela naturalista,novela naturalista,novela naturalista,novela naturalista,novela naturalista,novela naturalista,novela naturalista,novela naturalista
5423,subgenre-current,novela realista,novela naturalista,80,,7,1,nh0080,novela naturalista,novela naturalista,novela naturalista,novela naturalista,novela naturalista,novela naturalista,novela naturalista,novela naturalista,novela naturalista,novela naturalista,novela naturalista
5424,subgenre-current,novela realista,novela naturalista,80,,7,1,nh0088,novela naturalista,novela naturalista,novela naturalista,novela naturalista,novela naturalista,novela naturalista,novela naturalista,novela naturalista,novela naturalista,novela naturalista,novela naturalista
5425,subgenre-current,novela realista,novela naturalista,80,,7,1,nh0089,novela realista,novela realista,novela realista,novela realista,novela realista,novela realista,novela realista,novela realista,novela realista,novela realista,novela realista
5426,subgenre-current,novela realista,novela naturalista,80,,7,1,nh0090,novela naturalista,novela naturalista,novela naturalista,novela naturalista,novela naturalista,novela naturalista,novela naturalista,novela realista,novela naturalista,novela naturalista,novela naturalista
5427,subgenre-current,novela realista,novela naturalista,80,,7,1,nh0127,novela realista,novela realista,novela realista,novela realista,novela realista,novela realista,novela realista,novela realista,novela realista,novela realista,novela realista
5428,subgenre-current,novela realista,novela naturalista,80,,7,1,nh0133,novela realista,novela realista,novela realista,novela realista,novela realista,novela naturalista,novela realista,novela realista,novela realista,novela realista,novela realista
5429,subgenre-current,novela realista,novela naturalista,80,,7,1,nh0135,novela realista,novela realista,novela realista,novela realista,novela realista,novela naturalista,novela realista,novela realista,novela realista,novela realista,novela realista
5430,subgenre-current,novela realista,novela naturalista,80,,7,1,nh0136,novela naturalista,novela naturalista,novela naturalista,novela naturalista,novela naturalista,novela naturalista,novela naturalista,novela naturalista,novela naturalista,novela naturalista,novela naturalista
5431,subgenre-current,novela realista,novela naturalista,80,,7,1,nh0148,novela realista,novela realista,novela realista,novela realista,novela realista,novela realista,novela realista,novela realista,novela realista,novela realista,novela realista
5432,subgenre-current,novela realista,novela naturalista,80,,7,1,nh0155,novela naturalista,novela naturalista,novela naturalista,novela naturalista,novela naturalista,novela naturalista,novela naturalista,novela naturalista,novela naturalista,novela naturalista,novela naturalista
5433,subgenre-current,novela realista,novela naturalista,80,,7,1,nh0163,novela naturalista,novela naturalista,novela naturalista,novela naturalista,novela naturalista,novela naturalista,novela naturalista,novela naturalista,novela naturalista,novela naturalista,novela naturalista
5434,subgenre-current,novela realista,novela naturalista,80,,7,1,nh0164,novela naturalista,novela naturalista,novela naturalista,novela naturalista,novela naturalista,novela naturalista,novela naturalista,novela naturalista,novela naturalista,novela naturalista,novela naturalista
5435,subgenre-current,novela realista,novela naturalista,80,,7,1,nh0165,novela realista,novela realista,novela realista,novela realista,novela realista,novela realista,novela realista,novela realista,novela realista,novela realista,novela realista
5436,subgenre-current,novela realista,novela naturalista,80,,7,1,nh0174,novela realista,novela realista,novela realista,novela realista,novela realista,novela realista,novela realista,novela realista,novela realista,novela realista,novela realista
5437,subgenre-current,novela realista,novela naturalista,80,,7,1,nh0175,novela realista,novela realista,novela realista,novela realista,novela realista,novela realista,novela realista,novela realista,novela realista,novela realista,novela realista
5438,subgenre-current,novela realista,novela naturalista,80,,7,1,nh0179,novela naturalista,novela naturalista,novela naturalista,novela naturalista,novela naturalista,novela naturalista,novela naturalista,novela naturalista,novela realista,novela naturalista,novela naturalista
5439,subgenre-current,novela realista,novela naturalista,80,,7,1,nh0189,novela naturalista,novela naturalista,novela naturalista,novela naturalista,novela naturalista,novela naturalista,novela naturalista,novela naturalista,novela naturalista,novela naturalista,novela naturalista
5440,subgenre-current,novela realista,novela naturalista,80,,7,1,nh0190,novela naturalista,novela naturalista,novela naturalista,novela naturalista,novela naturalista,novela naturalista,novela naturalista,novela naturalista,novela naturalista,novela naturalista,novela naturalista
5441,subgenre-current,novela realista,novela naturalista,80,,7,1,nh0191,novela naturalista,novela naturalista,novela naturalista,novela naturalista,novela naturalista,novela naturalista,novela naturalista,novela naturalista,novela naturalista,novela naturalista,novela naturalista
5442,subgenre-current,novela realista,novela naturalista,80,,7,1,nh0192,novela naturalista,novela naturalista,novela naturalista,novela naturalista,novela naturalista,novela naturalista,novela naturalista,novela naturalista,novela naturalista,novela naturalista,novela naturalista
5443,subgenre-current,novela realista,novela naturalista,80,,7,1,nh0193,novela naturalista,novela naturalista,novela naturalista,novela naturalista,novela naturalista,novela naturalista,novela naturalista,novela naturalista,novela naturalista,novela naturalista,novela naturalista
5444,subgenre-current,novela realista,novela naturalista,80,,7,1,nh0198,novela realista,novela realista,novela realista,novela realista,novela realista,novela realista,novela realista,novela realista,novela realista,novela realista,novela realista
5445,subgenre-current,novela realista,novela naturalista,80,,7,1,nh0202,novela realista,novela realista,novela realista,novela realista,novela realista,novela realista,novela realista,novela realista,novela realista,novela realista,novela realista
5446,subgenre-current,novela realista,novela naturalista,80,,7,1,nh0204,novela realista,novela realista,novela realista,novela realista,novela realista,novela realista,novela realista,novela realista,novela realista,novela realista,novela realista
5447,subgenre-current,novela realista,novela naturalista,80,,7,1,nh0206,novela naturalista,novela naturalista,novela naturalista,novela naturalista,novela naturalista,novela naturalista,novela naturalista,novela naturalista,novela naturalista,novela realista,novela naturalista
5448,subgenre-current,novela realista,novela naturalista,80,,7,1,nh0208,novela realista,novela realista,novela realista,novela realista,novela realista,novela realista,novela realista,novela realista,novela realista,novela realista,novela realista
5449,subgenre-current,novela realista,novela naturalista,80,,7,1,nh0210,novela realista,novela realista,novela realista,novela realista,novela realista,novela realista,novela realista,novela realista,novela realista,novela realista,novela realista
5450,subgenre-current,novela realista,novela naturalista,80,,7,1,nh0214,novela realista,novela realista,novela realista,novela realista,novela realista,novela realista,novela realista,novela realista,novela realista,novela realista,novela realista
5451,subgenre-current,novela realista,novela naturalista,80,,7,1,nh0217,novela naturalista,novela naturalista,novela naturalista,novela naturalista,novela naturalista,novela naturalista,novela naturalista,novela naturalista,novela naturalista,novela naturalista,novela realista
5452,subgenre-current,novela realista,novela naturalista,80,,7,1,nh0221,novela realista,novela realista,novela realista,novela realista,novela realista,novela realista,novela realista,novela realista,novela realista,novela naturalista,novela realista
5453,subgenre-current,novela realista,novela naturalista,80,,7,1,nh0229,novela naturalista,novela naturalista,novela naturalista,novela naturalista,novela naturalista,novela naturalista,novela naturalista,novela naturalista,novela naturalista,novela naturalista,novela naturalista
5454,subgenre-current,novela realista,novela naturalista,80,,7,1,nh0230,novela realista,novela realista,novela realista,novela realista,novela realista,novela realista,novela realista,novela realista,novela realista,novela realista,novela realista
5455,subgenre-current,novela realista,novela naturalista,80,,7,1,nh0232,novela realista,novela realista,novela realista,novela realista,novela realista,novela realista,novela realista,novela realista,novela realista,novela realista,novela realista
5456,subgenre-current,novela realista,novela naturalista,80,,7,1,nh0235,novela realista,novela realista,novela realista,novela realista,novela realista,novela realista,novela realista,novela realista,novela realista,novela realista,novela realista
5457,subgenre-current,novela realista,novela naturalista,80,,7,1,nh0239,novela realista,novela realista,novela realista,novela realista,novela realista,novela realista,novela realista,novela realista,novela realista,novela realista,novela realista
5458,subgenre-current,novela realista,novela naturalista,80,,7,1,nh0255,novela naturalista,novela naturalista,novela naturalista,novela naturalista,novela naturalista,novela naturalista,novela naturalista,novela naturalista,novela naturalista,novela naturalista,novela naturalista
5459,subgenre-current,novela realista,novela naturalista,80,,7,1,nh0256,novela naturalista,novela naturalista,novela naturalista,novela naturalista,novela naturalista,novela naturalista,novela naturalista,novela naturalista,novela naturalista,novela naturalista,novela naturalista
5460,subgenre-current,novela realista,novela naturalista,80,,8,1,nh0002,novela realista,novela naturalista,novela realista,novela realista,novela realista,novela realista,novela realista,novela realista,novela realista,novela realista,novela realista
5461,subgenre-current,novela realista,novela naturalista,80,,8,1,nh0008,novela realista,novela naturalista,novela realista,novela realista,novela realista,novela realista,novela realista,novela realista,novela realista,novela realista,novela realista
5462,subgenre-current,novela realista,novela naturalista,80,,8,1,nh0010,novela realista,novela realista,novela realista,novela realista,novela realista,novela realista,novela realista,novela realista,novela realista,novela realista,novela realista
5463,subgenre-current,novela realista,novela naturalista,80,,8,1,nh0011,novela naturalista,novela naturalista,novela naturalista,novela naturalista,novela naturalista,novela naturalista,novela naturalista,novela naturalista,novela naturalista,novela naturalista,novela naturalista
5464,subgenre-current,novela realista,novela naturalista,80,,8,1,nh0013,novela naturalista,novela realista,novela naturalista,novela naturalista,novela naturalista,novela naturalista,novela naturalista,novela naturalista,novela naturalista,novela naturalista,novela naturalista
5465,subgenre-current,novela realista,novela naturalista,80,,8,1,nh0015,novela realista,novela realista,novela realista,novela realista,novela realista,novela realista,novela realista,novela realista,novela realista,novela realista,novela realista
5466,subgenre-current,novela realista,novela naturalista,80,,8,1,nh0019,novela naturalista,novela naturalista,novela naturalista,novela naturalista,novela naturalista,novela naturalista,novela naturalista,novela naturalista,novela naturalista,novela naturalista,novela naturalista
5467,subgenre-current,novela realista,novela naturalista,80,,8,1,nh0023,novela realista,novela realista,novela realista,novela realista,novela realista,novela realista,novela realista,novela realista,novela realista,novela realista,novela realista
5468,subgenre-current,novela realista,novela naturalista,80,,8,1,nh0027,novela realista,novela realista,novela naturalista,novela realista,novela realista,novela realista,novela realista,novela realista,novela realista,novela realista,novela realista
5469,subgenre-current,novela realista,novela naturalista,80,,8,1,nh0029,novela naturalista,novela naturalista,novela naturalista,novela naturalista,novela naturalista,novela naturalista,novela naturalista,novela naturalista,novela naturalista,novela naturalista,novela naturalista
5470,subgenre-current,novela realista,novela naturalista,80,,8,1,nh0030,novela naturalista,novela naturalista,novela naturalista,novela naturalista,novela naturalista,novela naturalista,novela naturalista,novela naturalista,novela naturalista,novela naturalista,novela naturalista
5471,subgenre-current,novela realista,novela naturalista,80,,8,1,nh0031,novela naturalista,novela naturalista,novela naturalista,novela naturalista,novela naturalista,novela naturalista,novela naturalista,novela naturalista,novela naturalista,novela naturalista,novela naturalista
5472,subgenre-current,novela realista,novela naturalista,80,,8,1,nh0032,novela naturalista,novela naturalista,novela naturalista,novela naturalista,novela naturalista,novela naturalista,novela naturalista,novela naturalista,novela naturalista,novela naturalista,novela naturalista
5473,subgenre-current,novela realista,novela naturalista,80,,8,1,nh0033,novela naturalista,novela naturalista,novela naturalista,novela naturalista,novela naturalista,novela naturalista,novela naturalista,novela naturalista,novela naturalista,novela naturalista,novela naturalista
5474,subgenre-current,novela realista,novela naturalista,80,,8,1,nh0034,novela naturalista,novela naturalista,novela naturalista,novela naturalista,novela naturalista,novela naturalista,novela naturalista,novela naturalista,novela naturalista,novela naturalista,novela naturalista
5475,subgenre-current,novela realista,novela naturalista,80,,8,1,nh0036,novela realista,novela realista,novela realista,novela realista,novela realista,novela realista,novela realista,novela realista,novela realista,novela realista,novela realista
5476,subgenre-current,novela realista,novela naturalista,80,,8,1,nh0038,novela naturalista,novela naturalista,novela naturalista,novela naturalista,novela realista,novela naturalista,novela naturalista,novela naturalista,novela naturalista,novela naturalista,novela naturalista
5477,subgenre-current,novela realista,novela naturalista,80,,8,1,nh0044,novela realista,novela realista,novela realista,novela realista,novela realista,novela realista,novela realista,novela realista,novela realista,novela realista,novela realista
5478,subgenre-current,novela realista,novela naturalista,80,,8,1,nh0046,novela realista,novela realista,novela realista,novela realista,novela realista,novela realista,novela realista,novela realista,novela realista,novela realista,novela realista
5479,subgenre-current,novela realista,novela naturalista,80,,8,1,nh0047,novela realista,novela realista,novela realista,novela realista,novela realista,novela realista,novela realista,novela realista,novela realista,novela realista,novela realista
5480,subgenre-current,novela realista,novela naturalista,80,,8,1,nh0048,novela realista,novela realista,novela realista,novela realista,novela realista,novela realista,novela realista,novela realista,novela realista,novela realista,novela realista
5481,subgenre-current,novela realista,novela naturalista,80,,8,1,nh0052,novela realista,novela realista,novela realista,novela realista,novela realista,novela realista,novela realista,novela realista,novela realista,novela realista,novela realista
5482,subgenre-current,novela realista,novela naturalista,80,,8,1,nh0057,novela naturalista,novela naturalista,novela naturalista,novela naturalista,novela realista,novela naturalista,novela naturalista,novela naturalista,novela naturalista,novela naturalista,novela naturalista
5483,subgenre-current,novela realista,novela naturalista,80,,8,1,nh0058,novela naturalista,novela naturalista,novela naturalista,novela naturalista,novela realista,novela naturalista,novela naturalista,novela naturalista,novela naturalista,novela naturalista,novela naturalista
5484,subgenre-current,novela realista,novela naturalista,80,,8,1,nh0062,novela realista,novela realista,novela realista,novela realista,novela realista,novela realista,novela realista,novela realista,novela realista,novela realista,novela realista
5485,subgenre-current,novela realista,novela naturalista,80,,8,1,nh0067,novela realista,novela realista,novela realista,novela realista,novela naturalista,novela realista,novela realista,novela realista,novela realista,novela realista,novela realista
5486,subgenre-current,novela realista,novela naturalista,80,,8,1,nh0068,novela realista,novela realista,novela realista,novela realista,novela realista,novela realista,novela realista,novela realista,novela realista,novela realista,novela realista
5487,subgenre-current,novela realista,novela naturalista,80,,8,1,nh0074,novela naturalista,novela naturalista,novela naturalista,novela naturalista,novela naturalista,novela naturalista,novela naturalista,novela naturalista,novela naturalista,novela naturalista,novela naturalista
5488,subgenre-current,novela realista,novela naturalista,80,,8,1,nh0075,novela realista,novela realista,novela realista,novela realista,novela realista,novela realista,novela realista,novela realista,novela realista,novela realista,novela realista
5489,subgenre-current,novela realista,novela naturalista,80,,8,1,nh0076,novela naturalista,novela naturalista,novela naturalista,novela naturalista,novela naturalista,novela realista,novela naturalista,novela naturalista,novela naturalista,novela naturalista,novela naturalista
5490,subgenre-current,novela realista,novela naturalista,80,,8,1,nh0080,novela naturalista,novela naturalista,novela naturalista,novela naturalista,novela naturalista,novela naturalista,novela naturalista,novela naturalista,novela naturalista,novela naturalista,novela naturalista
5491,subgenre-current,novela realista,novela naturalista,80,,8,1,nh0088,novela naturalista,novela naturalista,novela naturalista,novela naturalista,novela naturalista,novela naturalista,novela naturalista,novela naturalista,novela naturalista,novela naturalista,novela naturalista
5492,subgenre-current,novela realista,novela naturalista,80,,8,1,nh0089,novela realista,novela realista,novela realista,novela realista,novela realista,novela realista,novela realista,novela realista,novela realista,novela realista,novela realista
5493,subgenre-current,novela realista,novela naturalista,80,,8,1,nh0090,novela naturalista,novela naturalista,novela naturalista,novela naturalista,novela naturalista,novela naturalista,novela realista,novela naturalista,novela naturalista,novela naturalista,novela naturalista
5494,subgenre-current,novela realista,novela naturalista,80,,8,1,nh0114,novela naturalista,novela naturalista,novela naturalista,novela naturalista,novela naturalista,novela naturalista,novela naturalista,novela naturalista,novela naturalista,novela naturalista,novela naturalista
5495,subgenre-current,novela realista,novela naturalista,80,,8,1,nh0127,novela realista,novela realista,novela realista,novela realista,novela realista,novela realista,novela realista,novela realista,novela realista,novela realista,novela realista
5496,subgenre-current,novela realista,novela naturalista,80,,8,1,nh0133,novela realista,novela realista,novela realista,novela realista,novela realista,novela naturalista,novela realista,novela realista,novela realista,novela realista,novela realista
5497,subgenre-current,novela realista,novela naturalista,80,,8,1,nh0135,novela realista,novela realista,novela realista,novela realista,novela realista,novela naturalista,novela realista,novela realista,novela realista,novela realista,novela realista
5498,subgenre-current,novela realista,novela naturalista,80,,8,1,nh0148,novela realista,novela realista,novela realista,novela realista,novela realista,novela realista,novela realista,novela realista,novela realista,novela realista,novela realista
5499,subgenre-current,novela realista,novela naturalista,80,,8,1,nh0155,novela naturalista,novela naturalista,novela naturalista,novela naturalista,novela naturalista,novela naturalista,novela naturalista,novela naturalista,novela naturalista,novela naturalista,novela naturalista
5500,subgenre-current,novela realista,novela naturalista,80,,8,1,nh0163,novela naturalista,novela naturalista,novela naturalista,novela naturalista,novela naturalista,novela naturalista,novela naturalista,novela naturalista,novela naturalista,novela naturalista,novela naturalista
5501,subgenre-current,novela realista,novela naturalista,80,,8,1,nh0164,novela naturalista,novela naturalista,novela naturalista,novela naturalista,novela naturalista,novela naturalista,novela naturalista,novela naturalista,novela naturalista,novela naturalista,novela naturalista
5502,subgenre-current,novela realista,novela naturalista,80,,8,1,nh0165,novela realista,novela realista,novela realista,novela realista,novela realista,novela realista,novela realista,novela realista,novela realista,novela realista,novela realista
5503,subgenre-current,novela realista,novela naturalista,80,,8,1,nh0174,novela realista,novela realista,novela realista,novela realista,novela realista,novela realista,novela realista,novela realista,novela realista,novela realista,novela realista
5504,subgenre-current,novela realista,novela naturalista,80,,8,1,nh0175,novela realista,novela realista,novela realista,novela realista,novela realista,novela realista,novela realista,novela realista,novela realista,novela realista,novela realista
5505,subgenre-current,novela realista,novela naturalista,80,,8,1,nh0177,novela naturalista,novela naturalista,novela naturalista,novela naturalista,novela naturalista,novela naturalista,novela naturalista,novela naturalista,novela naturalista,novela naturalista,novela naturalista
5506,subgenre-current,novela realista,novela naturalista,80,,8,1,nh0179,novela naturalista,novela naturalista,novela naturalista,novela naturalista,novela naturalista,novela naturalista,novela naturalista,novela realista,novela naturalista,novela naturalista,novela naturalista
5507,subgenre-current,novela realista,novela naturalista,80,,8,1,nh0189,novela naturalista,novela naturalista,novela naturalista,novela naturalista,novela naturalista,novela naturalista,novela naturalista,novela naturalista,novela naturalista,novela naturalista,novela naturalista
5508,subgenre-current,novela realista,novela naturalista,80,,8,1,nh0191,novela naturalista,novela naturalista,novela naturalista,novela naturalista,novela naturalista,novela naturalista,novela naturalista,novela naturalista,novela naturalista,novela naturalista,novela naturalista
5509,subgenre-current,novela realista,novela naturalista,80,,8,1,nh0192,novela naturalista,novela naturalista,novela naturalista,novela naturalista,novela naturalista,novela naturalista,novela naturalista,novela naturalista,novela naturalista,novela naturalista,novela naturalista
5510,subgenre-current,novela realista,novela naturalista,80,,8,1,nh0193,novela naturalista,novela naturalista,novela naturalista,novela naturalista,novela naturalista,novela naturalista,novela naturalista,novela naturalista,novela naturalista,novela naturalista,novela naturalista
5511,subgenre-current,novela realista,novela naturalista,80,,8,1,nh0194,novela naturalista,novela naturalista,novela naturalista,novela naturalista,novela naturalista,novela naturalista,novela naturalista,novela naturalista,novela naturalista,novela naturalista,novela naturalista
5512,subgenre-current,novela realista,novela naturalista,80,,8,1,nh0198,novela realista,novela realista,novela realista,novela realista,novela realista,novela realista,novela realista,novela realista,novela realista,novela realista,novela realista
5513,subgenre-current,novela realista,novela naturalista,80,,8,1,nh0202,novela realista,novela realista,novela realista,novela realista,novela realista,novela realista,novela realista,novela realista,novela realista,novela realista,novela realista
5514,subgenre-current,novela realista,novela naturalista,80,,8,1,nh0204,novela realista,novela realista,novela realista,novela realista,novela realista,novela realista,novela realista,novela realista,novela realista,novela realista,novela realista
5515,subgenre-current,novela realista,novela naturalista,80,,8,1,nh0205,novela naturalista,novela naturalista,novela naturalista,novela naturalista,novela naturalista,novela naturalista,novela naturalista,novela naturalista,novela naturalista,novela naturalista,novela naturalista
5516,subgenre-current,novela realista,novela naturalista,80,,8,1,nh0206,novela naturalista,novela naturalista,novela naturalista,novela naturalista,novela naturalista,novela naturalista,novela naturalista,novela naturalista,novela naturalista,novela realista,novela naturalista
5517,subgenre-current,novela realista,novela naturalista,80,,8,1,nh0208,novela realista,novela realista,novela realista,novela realista,novela realista,novela realista,novela realista,novela realista,novela realista,novela realista,novela realista
5518,subgenre-current,novela realista,novela naturalista,80,,8,1,nh0210,novela realista,novela realista,novela realista,novela realista,novela realista,novela realista,novela realista,novela realista,novela realista,novela realista,novela realista
5519,subgenre-current,novela realista,novela naturalista,80,,8,1,nh0214,novela realista,novela realista,novela realista,novela realista,novela realista,novela realista,novela realista,novela realista,novela realista,novela realista,novela realista
5520,subgenre-current,novela realista,novela naturalista,80,,8,1,nh0217,novela naturalista,novela naturalista,novela naturalista,novela naturalista,novela naturalista,novela naturalista,novela naturalista,novela naturalista,novela naturalista,novela realista,novela naturalista
5521,subgenre-current,novela realista,novela naturalista,80,,8,1,nh0221,novela realista,novela realista,novela realista,novela realista,novela realista,novela realista,novela realista,novela realista,novela realista,novela naturalista,novela realista
5522,subgenre-current,novela realista,novela naturalista,80,,8,1,nh0223,novela naturalista,novela naturalista,novela naturalista,novela naturalista,novela naturalista,novela naturalista,novela naturalista,novela naturalista,novela naturalista,novela naturalista,novela naturalista
5523,subgenre-current,novela realista,novela naturalista,80,,8,1,nh0229,novela naturalista,novela naturalista,novela naturalista,novela naturalista,novela naturalista,novela naturalista,novela naturalista,novela naturalista,novela naturalista,novela naturalista,novela realista
5524,subgenre-current,novela realista,novela naturalista,80,,8,1,nh0230,novela realista,novela realista,novela realista,novela realista,novela realista,novela realista,novela realista,novela realista,novela realista,novela realista,novela realista
5525,subgenre-current,novela realista,novela naturalista,80,,8,1,nh0232,novela realista,novela realista,novela realista,novela realista,novela realista,novela realista,novela realista,novela realista,novela realista,novela realista,novela realista
5526,subgenre-current,novela realista,novela naturalista,80,,8,1,nh0235,novela realista,novela realista,novela realista,novela realista,novela realista,novela realista,novela realista,novela realista,novela realista,novela realista,novela realista
5527,subgenre-current,novela realista,novela naturalista,80,,8,1,nh0239,novela realista,novela realista,novela realista,novela realista,novela realista,novela realista,novela realista,novela realista,novela realista,novela realista,novela realista
5528,subgenre-current,novela realista,novela naturalista,80,,8,1,nh0254,novela naturalista,novela naturalista,novela naturalista,novela naturalista,novela naturalista,novela naturalista,novela naturalista,novela naturalista,novela naturalista,novela naturalista,novela naturalista
5529,subgenre-current,novela realista,novela naturalista,80,,8,1,nh0255,novela naturalista,novela naturalista,novela naturalista,novela naturalista,novela naturalista,novela naturalista,novela naturalista,novela naturalista,novela naturalista,novela naturalista,novela naturalista
5530,subgenre-current,novela realista,novela naturalista,80,,9,1,nh0002,novela realista,novela naturalista,novela realista,novela realista,novela realista,novela realista,novela realista,novela realista,novela realista,novela realista,novela realista
5531,subgenre-current,novela realista,novela naturalista,80,,9,1,nh0008,novela realista,novela naturalista,novela realista,novela realista,novela realista,novela realista,novela realista,novela realista,novela realista,novela realista,novela realista
5532,subgenre-current,novela realista,novela naturalista,80,,9,1,nh0010,novela realista,novela realista,novela realista,novela realista,novela realista,novela realista,novela realista,novela realista,novela realista,novela realista,novela realista
5533,subgenre-current,novela realista,novela naturalista,80,,9,1,nh0011,novela naturalista,novela naturalista,novela naturalista,novela naturalista,novela naturalista,novela naturalista,novela naturalista,novela naturalista,novela naturalista,novela naturalista,novela naturalista
5534,subgenre-current,novela realista,novela naturalista,80,,9,1,nh0012,novela naturalista,novela naturalista,novela naturalista,novela naturalista,novela naturalista,novela naturalista,novela naturalista,novela naturalista,novela naturalista,novela naturalista,novela naturalista
5535,subgenre-current,novela realista,novela naturalista,80,,9,1,nh0015,novela realista,novela realista,novela realista,novela realista,novela realista,novela realista,novela realista,novela realista,novela realista,novela realista,novela realista
5536,subgenre-current,novela realista,novela naturalista,80,,9,1,nh0019,novela naturalista,novela naturalista,novela naturalista,novela naturalista,novela naturalista,novela naturalista,novela naturalista,novela naturalista,novela naturalista,novela naturalista,novela naturalista
5537,subgenre-current,novela realista,novela naturalista,80,,9,1,nh0023,novela realista,novela realista,novela realista,novela realista,novela realista,novela realista,novela realista,novela realista,novela realista,novela realista,novela realista
5538,subgenre-current,novela realista,novela naturalista,80,,9,1,nh0027,novela realista,novela realista,novela naturalista,novela realista,novela realista,novela realista,novela realista,novela realista,novela realista,novela realista,novela realista
5539,subgenre-current,novela realista,novela naturalista,80,,9,1,nh0028,novela naturalista,novela naturalista,novela naturalista,novela naturalista,novela naturalista,novela naturalista,novela naturalista,novela naturalista,novela naturalista,novela naturalista,novela naturalista
5540,subgenre-current,novela realista,novela naturalista,80,,9,1,nh0029,novela naturalista,novela naturalista,novela naturalista,novela naturalista,novela naturalista,novela naturalista,novela naturalista,novela naturalista,novela naturalista,novela naturalista,novela naturalista
5541,subgenre-current,novela realista,novela naturalista,80,,9,1,nh0031,novela naturalista,novela naturalista,novela naturalista,novela naturalista,novela naturalista,novela naturalista,novela naturalista,novela naturalista,novela naturalista,novela naturalista,novela naturalista
5542,subgenre-current,novela realista,novela naturalista,80,,9,1,nh0032,novela naturalista,novela naturalista,novela naturalista,novela naturalista,novela naturalista,novela naturalista,novela naturalista,novela naturalista,novela naturalista,novela naturalista,novela naturalista
5543,subgenre-current,novela realista,novela naturalista,80,,9,1,nh0033,novela naturalista,novela naturalista,novela naturalista,novela naturalista,novela naturalista,novela naturalista,novela naturalista,novela naturalista,novela naturalista,novela naturalista,novela naturalista
5544,subgenre-current,novela realista,novela naturalista,80,,9,1,nh0036,novela realista,novela realista,novela realista,novela realista,novela realista,novela realista,novela realista,novela realista,novela realista,novela realista,novela realista
5545,subgenre-current,novela realista,novela naturalista,80,,9,1,nh0038,novela naturalista,novela naturalista,novela naturalista,novela naturalista,novela naturalista,novela naturalista,novela naturalista,novela naturalista,novela naturalista,novela naturalista,novela naturalista
5546,subgenre-current,novela realista,novela naturalista,80,,9,1,nh0039,novela naturalista,novela naturalista,novela naturalista,novela naturalista,novela naturalista,novela naturalista,novela naturalista,novela naturalista,novela naturalista,novela naturalista,novela naturalista
5547,subgenre-current,novela realista,novela naturalista,80,,9,1,nh0044,novela realista,novela realista,novela naturalista,novela realista,novela realista,novela realista,novela realista,novela realista,novela realista,novela realista,novela realista
5548,subgenre-current,novela realista,novela naturalista,80,,9,1,nh0046,novela realista,novela realista,novela realista,novela realista,novela realista,novela realista,novela realista,novela realista,novela realista,novela realista,novela realista
5549,subgenre-current,novela realista,novela naturalista,80,,9,1,nh0047,novela realista,novela realista,novela realista,novela realista,novela realista,novela realista,novela realista,novela realista,novela realista,novela realista,novela realista
5550,subgenre-current,novela realista,novela naturalista,80,,9,1,nh0048,novela realista,novela realista,novela realista,novela realista,novela realista,novela realista,novela realista,novela realista,novela realista,novela realista,novela realista
5551,subgenre-current,novela realista,novela naturalista,80,,9,1,nh0052,novela realista,novela realista,novela realista,novela realista,novela realista,novela realista,novela realista,novela realista,novela realista,novela realista,novela realista
5552,subgenre-current,novela realista,novela naturalista,80,,9,1,nh0057,novela naturalista,novela naturalista,novela naturalista,novela naturalista,novela realista,novela naturalista,novela naturalista,novela naturalista,novela naturalista,novela naturalista,novela naturalista
5553,subgenre-current,novela realista,novela naturalista,80,,9,1,nh0058,novela naturalista,novela naturalista,novela naturalista,novela naturalista,novela naturalista,novela naturalista,novela naturalista,novela naturalista,novela naturalista,novela naturalista,novela naturalista
5554,subgenre-current,novela realista,novela naturalista,80,,9,1,nh0059,novela naturalista,novela naturalista,novela naturalista,novela naturalista,novela naturalista,novela realista,novela naturalista,novela naturalista,novela naturalista,novela naturalista,novela naturalista
5555,subgenre-current,novela realista,novela naturalista,80,,9,1,nh0060,novela naturalista,novela naturalista,novela naturalista,novela naturalista,novela naturalista,novela naturalista,novela naturalista,novela naturalista,novela naturalista,novela naturalista,novela naturalista
5556,subgenre-current,novela realista,novela naturalista,80,,9,1,nh0062,novela realista,novela realista,novela realista,novela realista,novela naturalista,novela realista,novela realista,novela realista,novela realista,novela realista,novela realista
5557,subgenre-current,novela realista,novela naturalista,80,,9,1,nh0067,novela realista,novela realista,novela realista,novela realista,novela naturalista,novela realista,novela realista,novela realista,novela realista,novela realista,novela realista
5558,subgenre-current,novela realista,novela naturalista,80,,9,1,nh0068,novela realista,novela realista,novela realista,novela realista,novela realista,novela realista,novela realista,novela realista,novela realista,novela realista,novela realista
5559,subgenre-current,novela realista,novela naturalista,80,,9,1,nh0074,novela naturalista,novela naturalista,novela naturalista,novela naturalista,novela naturalista,novela naturalista,novela naturalista,novela naturalista,novela naturalista,novela naturalista,novela naturalista
5560,subgenre-current,novela realista,novela naturalista,80,,9,1,nh0075,novela realista,novela realista,novela realista,novela realista,novela realista,novela realista,novela realista,novela realista,novela realista,novela realista,novela realista
5561,subgenre-current,novela realista,novela naturalista,80,,9,1,nh0076,novela naturalista,novela naturalista,novela naturalista,novela naturalista,novela naturalista,novela naturalista,novela realista,novela naturalista,novela naturalista,novela naturalista,novela naturalista
5562,subgenre-current,novela realista,novela naturalista,80,,9,1,nh0080,novela naturalista,novela naturalista,novela naturalista,novela naturalista,novela naturalista,novela naturalista,novela naturalista,novela naturalista,novela naturalista,novela naturalista,novela naturalista
5563,subgenre-current,novela realista,novela naturalista,80,,9,1,nh0088,novela naturalista,novela naturalista,novela naturalista,novela naturalista,novela naturalista,novela naturalista,novela naturalista,novela naturalista,novela naturalista,novela naturalista,novela naturalista
5564,subgenre-current,novela realista,novela naturalista,80,,9,1,nh0089,novela realista,novela realista,novela realista,novela realista,novela realista,novela realista,novela realista,novela realista,novela realista,novela realista,novela realista
5565,subgenre-current,novela realista,novela naturalista,80,,9,1,nh0090,novela naturalista,novela naturalista,novela naturalista,novela naturalista,novela naturalista,novela naturalista,novela realista,novela naturalista,novela naturalista,novela naturalista,novela naturalista
5566,subgenre-current,novela realista,novela naturalista,80,,9,1,nh0109,novela naturalista,novela naturalista,novela naturalista,novela naturalista,novela naturalista,novela naturalista,novela naturalista,novela realista,novela naturalista,novela naturalista,novela naturalista
5567,subgenre-current,novela realista,novela naturalista,80,,9,1,nh0114,novela naturalista,novela naturalista,novela naturalista,novela naturalista,novela naturalista,novela naturalista,novela naturalista,novela naturalista,novela naturalista,novela naturalista,novela naturalista
5568,subgenre-current,novela realista,novela naturalista,80,,9,1,nh0127,novela realista,novela realista,novela realista,novela realista,novela realista,novela realista,novela realista,novela realista,novela realista,novela realista,novela realista
5569,subgenre-current,novela realista,novela naturalista,80,,9,1,nh0133,novela realista,novela realista,novela realista,novela realista,novela realista,novela naturalista,novela realista,novela realista,novela realista,novela realista,novela realista
5570,subgenre-current,novela realista,novela naturalista,80,,9,1,nh0135,novela realista,novela realista,novela realista,novela realista,novela realista,novela naturalista,novela realista,novela realista,novela realista,novela realista,novela realista
5571,subgenre-current,novela realista,novela naturalista,80,,9,1,nh0136,novela naturalista,novela naturalista,novela naturalista,novela naturalista,novela naturalista,novela naturalista,novela naturalista,novela naturalista,novela naturalista,novela naturalista,novela naturalista
5572,subgenre-current,novela realista,novela naturalista,80,,9,1,nh0148,novela realista,novela realista,novela realista,novela realista,novela realista,novela realista,novela realista,novela realista,novela realista,novela realista,novela realista
5573,subgenre-current,novela realista,novela naturalista,80,,9,1,nh0155,novela naturalista,novela naturalista,novela naturalista,novela naturalista,novela naturalista,novela naturalista,novela naturalista,novela naturalista,novela naturalista,novela naturalista,novela naturalista
5574,subgenre-current,novela realista,novela naturalista,80,,9,1,nh0164,novela naturalista,novela naturalista,novela naturalista,novela naturalista,novela naturalista,novela naturalista,novela naturalista,novela naturalista,novela naturalista,novela naturalista,novela naturalista
5575,subgenre-current,novela realista,novela naturalista,80,,9,1,nh0165,novela realista,novela realista,novela realista,novela realista,novela realista,novela realista,novela realista,novela realista,novela realista,novela realista,novela realista
5576,subgenre-current,novela realista,novela naturalista,80,,9,1,nh0174,novela realista,novela realista,novela realista,novela realista,novela realista,novela realista,novela realista,novela realista,novela realista,novela realista,novela realista
5577,subgenre-current,novela realista,novela naturalista,80,,9,1,nh0175,novela realista,novela realista,novela realista,novela realista,novela realista,novela realista,novela realista,novela realista,novela realista,novela realista,novela realista
5578,subgenre-current,novela realista,novela naturalista,80,,9,1,nh0177,novela naturalista,novela naturalista,novela naturalista,novela naturalista,novela naturalista,novela naturalista,novela naturalista,novela naturalista,novela naturalista,novela naturalista,novela naturalista
5579,subgenre-current,novela realista,novela naturalista,80,,9,1,nh0179,novela naturalista,novela naturalista,novela naturalista,novela naturalista,novela naturalista,novela naturalista,novela naturalista,novela naturalista,novela realista,novela naturalista,novela naturalista
5580,subgenre-current,novela realista,novela naturalista,80,,9,1,nh0191,novela naturalista,novela naturalista,novela naturalista,novela naturalista,novela naturalista,novela naturalista,novela naturalista,novela naturalista,novela naturalista,novela naturalista,novela naturalista
5581,subgenre-current,novela realista,novela naturalista,80,,9,1,nh0192,novela naturalista,novela naturalista,novela naturalista,novela naturalista,novela naturalista,novela naturalista,novela naturalista,novela naturalista,novela naturalista,novela naturalista,novela naturalista
5582,subgenre-current,novela realista,novela naturalista,80,,9,1,nh0194,novela naturalista,novela naturalista,novela naturalista,novela naturalista,novela naturalista,novela naturalista,novela naturalista,novela naturalista,novela naturalista,novela naturalista,novela naturalista
5583,subgenre-current,novela realista,novela naturalista,80,,9,1,nh0198,novela realista,novela realista,novela realista,novela realista,novela realista,novela realista,novela realista,novela realista,novela realista,novela realista,novela realista
5584,subgenre-current,novela realista,novela naturalista,80,,9,1,nh0202,novela realista,novela realista,novela realista,novela realista,novela realista,novela realista,novela realista,novela realista,novela realista,novela realista,novela realista
5585,subgenre-current,novela realista,novela naturalista,80,,9,1,nh0204,novela realista,novela realista,novela realista,novela realista,novela realista,novela realista,novela realista,novela realista,novela realista,novela realista,novela realista
5586,subgenre-current,novela realista,novela naturalista,80,,9,1,nh0205,novela naturalista,novela naturalista,novela naturalista,novela naturalista,novela naturalista,novela naturalista,novela naturalista,novela naturalista,novela naturalista,novela naturalista,novela naturalista
5587,subgenre-current,novela realista,novela naturalista,80,,9,1,nh0206,novela naturalista,novela naturalista,novela naturalista,novela naturalista,novela naturalista,novela naturalista,novela naturalista,novela naturalista,novela naturalista,novela realista,novela naturalista
5588,subgenre-current,novela realista,novela naturalista,80,,9,1,nh0208,novela realista,novela realista,novela realista,novela realista,novela realista,novela realista,novela realista,novela realista,novela realista,novela realista,novela realista
5589,subgenre-current,novela realista,novela naturalista,80,,9,1,nh0210,novela realista,novela realista,novela realista,novela realista,novela realista,novela realista,novela realista,novela realista,novela realista,novela realista,novela realista
5590,subgenre-current,novela realista,novela naturalista,80,,9,1,nh0214,novela realista,novela realista,novela realista,novela realista,novela realista,novela realista,novela realista,novela realista,novela realista,novela realista,novela realista
5591,subgenre-current,novela realista,novela naturalista,80,,9,1,nh0217,novela naturalista,novela naturalista,novela naturalista,novela naturalista,novela naturalista,novela naturalista,novela naturalista,novela naturalista,novela naturalista,novela naturalista,novela realista
5592,subgenre-current,novela realista,novela naturalista,80,,9,1,nh0221,novela realista,novela realista,novela realista,novela realista,novela realista,novela realista,novela realista,novela realista,novela realista,novela naturalista,novela realista
5593,subgenre-current,novela realista,novela naturalista,80,,9,1,nh0223,novela naturalista,novela naturalista,novela naturalista,novela naturalista,novela naturalista,novela naturalista,novela naturalista,novela naturalista,novela naturalista,novela naturalista,novela naturalista
5594,subgenre-current,novela realista,novela naturalista,80,,9,1,nh0229,novela naturalista,novela naturalista,novela naturalista,novela naturalista,novela naturalista,novela naturalista,novela naturalista,novela naturalista,novela naturalista,novela naturalista,novela realista
5595,subgenre-current,novela realista,novela naturalista,80,,9,1,nh0230,novela realista,novela realista,novela realista,novela realista,novela realista,novela realista,novela realista,novela realista,novela realista,novela realista,novela realista
5596,subgenre-current,novela realista,novela naturalista,80,,9,1,nh0232,novela realista,novela realista,novela realista,novela realista,novela realista,novela realista,novela realista,novela realista,novela realista,novela realista,novela realista
5597,subgenre-current,novela realista,novela naturalista,80,,9,1,nh0235,novela realista,novela realista,novela realista,novela realista,novela realista,novela realista,novela realista,novela realista,novela realista,novela realista,novela realista
5598,subgenre-current,novela realista,novela naturalista,80,,9,1,nh0239,novela realista,novela realista,novela realista,novela realista,novela realista,novela realista,novela realista,novela realista,novela realista,novela realista,novela realista
5599,subgenre-current,novela realista,novela naturalista,80,,9,1,nh0256,novela naturalista,novela naturalista,novela naturalista,novela naturalista,novela naturalista,novela naturalista,novela naturalista,novela naturalista,novela naturalista,novela naturalista,novela naturalista
